12	35935
55	35936
61	35937
63	35938
64	35939
68	35940
78	35941
82	35942
83	35943
101	35944
107	35945
110	35946
124	35947
125	35948
138	35949
145	35950
148	35951
221	35952
276	35953
322	35954
430	35955
442	35956
447	35957
483	35958
512	35959
533	35960
534	35961
538	35962
571	35963
574	35964
578	35965
580	35966
584	35967
587	35968
588	35969
594	35970
599	35971
605	35972
608	35973
624	35974
632	35975
636	35976
647	35977
649	35978
651	35979
652	35980
656	35981
670	35982
684	35983
694	35984
699	35985
704	35986
714	35987
715	35988
725	35989
732	35990
733	35991
735	35992
738	35993
743	35994
750	35995
755	35996
766	35997
776	35998
779	35999
795	36000
806	36001
808	36002
815	36003
819	36004
836	36005
851	36006
854	36007
856	36008
859	36009
863	36010
870	36011
871	36012
872	36013
876	36014
879	36015
885	36016
888	36017
895	36018
896	36019
912	36020
928	36021
936	36022
941	36023
948	36024
953	36025
961	36026
987	36027
988	36028
997	36029
998	36030
1011	36031
1015	36032
1018	36033
1023	36034
1026	36035
1028	36036
1039	36037
1040	36038
1047	36039
1049	36040
1050	36041
1056	36042
1061	36043
1062	36044
1064	36045
1066	36046
1068	36047
1070	36048
1077	36049
1080	36050
1081	36051
1084	36052
1087	36053
1109	36054
1116	36055
1129	36056
1147	36057
1149	36058
1152	36059
1163	36060
1167	36061
1178	36062
1186	36063
1192	36064
1195	36065
1197	36066
1206	36067
1215	36068
1218	36069
1222	36070
1232	36071
1235	36072
1238	36073
1255	36074
1260	36075
1261	36076
1265	36077
1277	36078
1278	36079
1298	36080
1301	36081
1303	36082
1311	36083
1319	36084
1323	36085
1330	36086
1341	36087
1342	36088
1344	36089
1367	36090
1368	36091
1371	36092
1374	36093
1391	36094
1399	36095
1405	36096
1419	36097
1423	36098
1458	36099
1466	36100
1469	36101
1474	36102
1489	36103
1495	36104
1501	36105
1503	36106
1508	36107
1520	36108
1531	36109
1549	36110
1555	36111
1557	36112
1564	36113
1565	36114
1568	36115
1571	36116
1594	36117
1620	36118
1630	36119
1631	36120
1637	36121
1643	36122
1664	36123
1676	36124
1684	36125
1685	36126
1707	36127
1709	36128
1727	36129
1741	36130
1745	36131
1746	36132
1758	36133
1761	36134
1766	36135
1767	36136
1791	36137
1798	36138
1802	36139
1811	36140
1818	36141
1828	36142
1829	36143
1831	36144
1834	36145
1838	36146
1846	36147
1847	36148
1857	36149
1865	36150
1867	36151
1871	36152
1872	36153
1880	36154
1881	36155
1887	36156
1903	36157
1911	36158
1914	36159
1917	36160
1918	36161
1924	36162
1928	36163
1932	36164
1934	36165
1939	36166
1949	36167
1952	36168
1959	36169
1963	36170
1978	36171
2009	36172
2026	36173
2097	36174
2184	36175
2191	36176
2257	36177
2266	36178
2280	36179
2282	36180
2306	36181
2338	36182
2350	36183
2410	36184
2451	36185
2489	36186
2491	36187
2526	36188
2623	36189
2634	36190
2736	36191
2744	36192
2746	36193
2777	36194
2778	36195
2796	36196
2831	36197
2833	36198
2844	36199
2873	36200
2909	36201
2929	36202
2990	36203
3017	36204
3040	36205
3127	36206
3136	36207
3141	36208
3158	36209
3167	36210
3171	36211
3180	36212
3181	36213
3186	36214
3204	36215
3215	36216
3217	36217
3221	36218
3223	36219
3225	36220
3229	36221
3234	36222
3250	36223
3261	36224
3262	36225
3276	36226
3278	36227
3292	36228
3302	36229
3311	36230
3312	36231
3323	36232
3335	36233
3338	36234
3343	36235
3353	36236
3354	36237
3356	36238
3380	36239
3382	36240
3416	36241
3424	36242
3433	36243
3436	36244
3444	36245
3448	36246
3488	36247
3497	36248
3499	36249
3540	36250
3544	36251
3580	36252
3611	36253
3644	36254
3648	36255
3659	36256
3669	36257
3677	36258
3678	36259
3683	36260
3720	36261
3730	36262
3754	36263
3783	36264
3786	36265
3803	36266
3821	36267
3826	36268
3827	36269
3841	36270
3877	36271
3878	36272
3889	36273
3897	36274
3949	36275
3950	36276
3963	36277
3964	36278
3977	36279
3989	36280
4002	36281
4033	36282
4038	36283
4041	36284
4052	36285
4057	36286
4066	36287
4072	36288
4095	36289
4108	36290
4111	36291
4115	36292
4129	36293
4137	36294
4140	36295
4151	36296
4160	36297
4167	36298
4178	36299
4182	36300
4186	36301
4197	36302
4199	36303
4203	36304
4212	36305
4226	36306
4248	36307
4255	36308
4284	36309
4305	36310
4308	36311
4326	36312
4331	36313
4340	36314
4352	36315
4355	36316
4356	36317
4357	36318
4379	36319
4392	36320
4401	36321
4430	36322
4454	36323
4458	36324
4467	36325
4502	36326
4508	36327
4511	36328
4519	36329
4537	36330
4550	36331
4553	36332
4554	36333
4565	36334
4580	36335
4582	36336
4583	36337
4596	36338
4630	36339
4635	36340
4648	36341
4657	36342
4661	36343
4662	36344
4671	36345
4681	36346
4687	36347
4716	36348
4724	36349
4725	36350
4740	36351
4743	36352
4745	36353
4752	36354
4759	36355
4765	36356
4785	36357
4811	36358
4840	36359
4847	36360
4856	36361
4864	36362
4866	36363
4890	36364
4908	36365
4916	36366
4918	36367
4934	36368
4944	36369
4945	36370
4958	36371
4968	36372
4997	36373
5001	36374
5002	36375
5018	36376
5047	36377
5064	36378
5078	36379
5079	36380
5082	36381
5100	36382
5102	36383
5107	36384
5111	36385
5114	36386
5129	36387
5145	36388
5164	36389
5193	36390
5215	36391
5222	36392
5243	36393
5269	36394
5271	36395
5273	36396
5276	36397
5289	36398
5290	36399
5301	36400
5309	36401
5313	36402
5315	36403
5320	36404
5328	36405
5330	36406
5343	36407
5350	36408
5352	36409
5358	36410
5363	36411
5367	36412
5382	36413
5383	36414
5388	36415
5401	36416
5424	36417
5429	36418
5498	36419
5506	36420
5525	36421
5546	36422
5550	36423
5571	36424
5574	36425
5586	36426
5596	36427
5606	36428
5630	36429
5646	36430
5654	36431
5655	36432
5664	36433
5673	36434
5674	36435
5698	36436
5721	36437
5729	36438
5730	36439
5741	36440
5762	36441
5778	36442
5781	36443
5782	36444
5827	36445
5834	36446
5841	36447
5857	36448
5873	36449
5878	36450
5880	36451
5886	36452
5899	36453
5915	36454
5916	36455
5917	36456
5929	36457
5936	36458
5955	36459
5959	36460
5966	36461
5969	36462
5970	36463
5971	36464
5994	36465
5997	36466
6000	36467
6021	36468
6026	36469
6028	36470
6032	36471
6038	36472
6044	36473
6060	36474
6061	36475
6065	36476
6069	36477
6075	36478
6078	36479
6098	36480
6101	36481
6113	36482
6120	36483
6147	36484
6156	36485
6165	36486
6169	36487
6174	36488
6191	36489
6223	36490
6231	36491
6232	36492
6234	36493
6239	36494
6251	36495
6262	36496
6265	36497
6286	36498
6287	36499
6291	36500
6299	36501
6304	36502
6322	36503
6332	36504
6343	36505
6349	36506
6374	36507
6375	36508
6379	36509
6384	36510
6387	36511
6403	36512
6406	36513
6415	36514
6416	36515
6427	36516
6431	36517
6436	36518
6451	36519
6487	36520
6503	36521
6527	36522
6535	36523
6536	36524
6541	36525
6544	36526
6558	36527
6583	36528
6586	36529
6600	36530
6601	36531
6607	36532
6630	36533
6634	36534
6636	36535
6637	36536
6654	36537
6668	36538
6683	36539
6684	36540
6706	36541
6714	36542
6718	36543
6739	36544
6746	36545
6749	36546
6771	36547
6777	36548
6786	36549
6788	36550
6791	36551
6802	36552
6808	36553
6814	36554
6815	36555
6822	36556
6823	36557
6830	36558
6833	36559
6857	36560
6861	36561
6873	36562
6893	36563
6904	36564
6923	36565
6928	36566
6931	36567
6932	36568
6957	36569
6961	36570
6963	36571
6967	36572
6979	36573
6980	36574
6982	36575
6991	36576
6995	36577
7007	36578
7008	36579
7017	36580
7045	36581
7059	36582
7073	36583
7078	36584
7099	36585
7102	36586
7131	36587
7135	36588
7137	36589
7151	36590
7167	36591
7190	36592
7196	36593
7208	36594
7216	36595
7220	36596
7228	36597
7253	36598
7256	36599
7260	36600
7261	36601
7278	36602
7280	36603
7293	36604
7300	36605
7306	36606
7320	36607
7323	36608
7332	36609
7333	36610
7344	36611
7362	36612
7381	36613
7389	36614
7395	36615
7403	36616
7404	36617
7409	36618
7420	36619
7426	36620
7439	36621
7444	36622
7447	36623
7449	36624
7455	36625
7471	36626
7472	36627
7478	36628
7479	36629
7492	36630
7499	36631
7510	36632
7522	36633
7529	36634
7532	36635
7536	36636
7549	36637
7555	36638
7556	36639
7568	36640
7591	36641
7608	36642
7619	36643
7625	36644
7626	36645
7630	36646
7645	36647
7653	36648
7656	36649
7668	36650
7672	36651
7685	36652
7703	36653
7707	36654
7709	36655
7711	36656
7731	36657
7740	36658
7784	36659
7797	36660
7825	36661
7828	36662
7856	36663
7871	36664
7903	36665
7904	36666
7905	36667
7907	36668
7915	36669
7918	36670
7919	36671
7920	36672
7923	36673
7927	36674
7935	36675
7941	36676
7955	36677
7968	36678
7981	36679
7982	36680
7988	36681
7997	36682
8000	36683
8013	36684
8019	36685
8024	36686
8029	36687
8031	36688
8056	36689
8061	36690
8064	36691
8072	36692
8079	36693
8086	36694
8098	36695
8109	36696
8120	36697
8126	36698
8130	36699
8134	36700
8140	36701
8153	36702
8154	36703
8161	36704
8175	36705
8177	36706
8194	36707
8197	36708
8201	36709
8210	36710
8214	36711
8224	36712
8228	36713
8229	36714
8241	36715
8246	36716
8274	36717
8288	36718
8297	36719
8305	36720
8313	36721
8356	36722
8357	36723
8358	36724
8373	36725
8378	36726
8381	36727
8387	36728
8392	36729
8402	36730
8424	36731
8447	36732
8451	36733
8453	36734
8477	36735
8482	36736
8515	36737
8543	36738
8558	36739
8560	36740
8578	36741
8582	36742
8584	36743
8589	36744
8590	36745
8593	36746
8606	36747
8607	36748
8613	36749
8636	36750
8638	36751
8640	36752
8646	36753
8647	36754
8653	36755
8655	36756
8656	36757
8661	36758
8689	36759
8712	36760
8729	36761
8735	36762
8738	36763
8759	36764
8760	36765
8766	36766
8787	36767
8793	36768
8804	36769
8816	36770
8818	36771
8820	36772
8826	36773
8830	36774
8834	36775
8842	36776
8849	36777
8857	36778
8858	36779
8871	36780
8879	36781
8880	36782
8925	36783
8929	36784
8933	36785
8947	36786
8948	36787
8976	36788
8982	36789
8985	36790
8992	36791
9023	36792
9030	36793
9032	36794
9065	36795
9093	36796
9097	36797
9100	36798
9104	36799
9106	36800
9110	36801
9140	36802
9146	36803
9157	36804
9166	36805
9178	36806
9184	36807
9197	36808
9206	36809
9208	36810
9217	36811
9241	36812
9255	36813
9258	36814
9262	36815
9264	36816
9315	36817
9322	36818
9338	36819
9344	36820
9354	36821
9360	36822
9363	36823
9367	36824
9385	36825
9390	36826
9398	36827
9416	36828
9423	36829
9438	36830
9469	36831
9477	36832
9478	36833
9511	36834
9542	36835
9559	36836
9599	36837
9606	36838
9621	36839
9632	36840
9633	36841
9652	36842
9656	36843
9675	36844
9682	36845
9683	36846
9684	36847
9700	36848
9713	36849
9716	36850
9719	36851
9741	36852
9743	36853
9744	36854
9749	36855
9752	36856
9762	36857
9763	36858
9782	36859
9785	36860
9787	36861
9789	36862
9807	36863
9817	36864
9828	36865
9830	36866
9832	36867
9834	36868
9836	36869
9846	36870
9865	36871
9876	36872
9884	36873
9888	36874
9895	36875
9900	36876
9902	36877
9912	36878
9917	36879
9918	36880
9924	36881
9925	36882
9933	36883
9934	36884
9957	36885
9963	36886
9976	36887
9979	36888
9990	36889
9992	36890
9993	36891
9995	36892
9999	36893
10001	36894
10010	36895
10019	36896
10021	36897
10031	36898
10032	36899
10042	36900
10044	36901
10046	36902
10050	36903
10055	36904
10064	36905
10069	36906
10083	36907
10085	36908
10100	36909
10114	36910
10120	36911
10121	36912
10137	36913
10145	36914
10153	36915
10159	36916
10163	36917
10175	36918
10200	36919
10202	36920
10207	36921
10219	36922
10223	36923
10227	36924
10232	36925
10233	36926
10237	36927
10242	36928
10243	36929
10258	36930
10267	36931
10268	36932
10273	36933
10295	36934
10302	36935
10310	36936
10312	36937
10315	36938
10329	36939
10330	36940
10331	36941
10341	36942
10343	36943
10348	36944
10351	36945
10357	36946
10368	36947
10369	36948
10370	36949
10373	36950
10377	36951
10396	36952
10408	36953
10413	36954
10425	36955
10427	36956
10430	36957
10439	36958
10443	36959
10444	36960
10446	36961
10455	36962
10461	36963
10468	36964
10477	36965
10483	36966
10492	36967
10495	36968
10496	36969
10498	36970
10504	36971
10505	36972
10506	36973
10513	36974
10514	36975
10527	36976
10528	36977
10529	36978
10531	36979
10548	36980
10566	36981
10572	36982
10577	36983
10588	36984
10590	36985
10604	36986
10647	36987
10657	36988
10663	36989
10666	36990
10669	36991
10684	36992
10686	36993
10687	36994
10690	36995
10692	36996
10694	36997
10708	36998
10710	36999
10716	37000
10717	37001
10721	37002
10722	37003
10723	37004
10726	37005
10729	37006
10738	37007
10739	37008
10740	37009
10741	37010
10746	37011
10759	37012
10767	37013
10770	37014
10771	37015
10775	37016
10777	37017
10781	37018
10782	37019
10791	37020
10799	37021
10813	37022
10814	37023
10815	37024
10819	37025
10821	37026
10825	37027
10829	37028
10830	37029
10838	37030
10847	37031
10852	37032
10864	37033
10920	37034
10925	37035
10937	37036
10938	37037
10941	37038
10943	37039
10948	37040
10951	37041
10964	37042
10973	37043
10979	37044
10983	37045
10986	37046
10997	37047
11013	37048
11017	37049
11019	37050
11023	37051
11029	37052
11034	37053
11048	37054
11049	37055
11053	37056
11064	37057
11068	37058
11074	37059
11082	37060
11083	37061
11128	37062
11132	37063
11136	37064
11139	37065
11155	37066
11156	37067
11159	37068
11160	37069
11167	37070
11200	37071
11201	37072
11211	37073
11212	37074
11225	37075
11233	37076
11240	37077
11241	37078
11246	37079
11263	37080
11273	37081
11284	37082
11286	37083
11290	37084
11291	37085
11294	37086
11300	37087
11303	37088
11306	37089
11320	37090
11327	37091
11330	37092
11334	37093
11336	37094
11355	37095
11358	37096
11363	37097
11386	37098
11390	37099
11391	37100
11393	37101
11404	37102
11413	37103
11424	37104
11428	37105
11430	37106
11433	37107
11441	37108
11444	37109
11446	37110
11454	37111
11464	37112
11467	37113
11472	37114
11474	37115
11485	37116
11488	37117
11492	37118
11498	37119
11499	37120
11506	37121
11510	37122
11511	37123
11512	37124
11513	37125
11516	37126
11526	37127
11531	37128
11546	37129
11549	37130
11560	37131
11567	37132
11574	37133
11576	37134
11581	37135
11586	37136
11587	37137
11589	37138
11600	37139
11605	37140
11627	37141
11631	37142
11634	37143
11636	37144
11638	37145
11654	37146
11657	37147
11660	37148
11671	37149
11695	37150
11706	37151
11709	37152
11712	37153
11715	37154
11725	37155
11731	37156
11737	37157
11739	37158
11744	37159
11749	37160
11750	37161
11778	37162
11783	37163
11788	37164
11805	37165
11824	37166
11826	37167
11833	37168
11834	37169
11835	37170
11839	37171
11847	37172
11854	37173
11860	37174
11879	37175
11880	37176
11888	37177
11895	37178
11906	37179
11909	37180
11910	37181
11912	37182
11916	37183
11920	37184
11931	37185
11936	37186
11952	37187
11963	37188
11965	37189
11968	37190
11974	37191
11980	37192
11986	37193
11994	37194
11998	37195
12008	37196
12009	37197
12010	37198
12012	37199
12016	37200
12035	37201
12042	37202
12044	37203
12049	37204
12060	37205
12064	37206
12068	37207
12069	37208
12080	37209
12099	37210
12112	37211
12115	37212
12118	37213
12127	37214
12141	37215
12161	37216
12163	37217
12166	37218
12180	37219
12193	37220
12197	37221
12204	37222
12212	37223
12221	37224
12227	37225
12229	37226
12231	37227
12240	37228
12241	37229
12242	37230
12244	37231
12259	37232
12260	37233
12281	37234
12287	37235
12293	37236
12313	37237
12326	37238
12327	37239
12333	37240
12338	37241
12342	37242
12344	37243
12346	37244
12352	37245
12357	37246
12359	37247
12366	37248
12374	37249
12385	37250
12396	37251
12401	37252
12405	37253
12406	37254
12414	37255
12429	37256
12447	37257
12451	37258
12466	37259
12469	37260
12471	37261
12473	37262
12475	37263
12479	37264
12480	37265
12483	37266
12492	37267
12510	37268
12520	37269
12521	37270
12522	37271
12527	37272
12541	37273
12545	37274
12547	37275
12549	37276
12564	37277
12572	37278
12578	37279
12579	37280
12581	37281
12584	37282
12599	37283
12600	37284
12610	37285
12613	37286
12614	37287
12637	37288
12638	37289
12649	37290
12654	37291
12656	37292
12666	37293
12671	37294
12673	37295
12683	37296
12692	37297
12698	37298
12703	37299
12707	37300
12710	37301
12716	37302
12721	37303
12746	37304
12747	37305
12749	37306
12752	37307
12764	37308
12765	37309
12768	37310
12770	37311
12771	37312
12772	37313
12784	37314
12785	37315
12800	37316
12803	37317
12805	37318
12806	37319
12811	37320
12816	37321
12819	37322
12832	37323
12834	37324
12842	37325
12859	37326
12865	37327
12893	37328
12900	37329
12902	37330
12906	37331
12908	37332
12909	37333
12923	37334
12930	37335
12937	37336
12944	37337
12961	37338
12962	37339
12974	37340
12977	37341
12990	37342
12993	37343
12998	37344
12999	37345
13000	37346
13008	37347
13017	37348
13019	37349
13021	37350
13024	37351
13037	37352
13040	37353
13045	37354
13050	37355
13051	37356
13064	37357
13078	37358
13081	37359
13082	37360
13093	37361
13104	37362
13116	37363
13131	37364
13149	37365
13150	37366
13162	37367
13164	37368
13174	37369
13192	37370
13194	37371
13202	37372
13203	37373
13205	37374
13215	37375
13218	37376
13222	37377
13224	37378
13232	37379
13255	37380
13268	37381
13279	37382
13283	37383
13288	37384
13294	37385
13296	37386
13323	37387
13330	37388
13331	37389
13348	37390
13354	37391
13372	37392
13378	37393
13389	37394
13398	37395
13401	37396
13405	37397
13409	37398
13414	37399
13429	37400
13434	37401
13438	37402
13441	37403
13453	37404
13457	37405
13458	37406
13460	37407
13474	37408
13476	37409
13483	37410
13485	37411
13490	37412
13492	37413
13503	37414
13504	37415
13509	37416
13520	37417
13537	37418
13543	37419
13549	37420
13551	37421
13564	37422
13569	37423
13571	37424
13574	37425
13611	37426
13613	37427
13623	37428
13624	37429
13635	37430
13636	37431
13637	37432
13643	37433
13645	37434
13652	37435
13659	37436
13660	37437
13673	37438
13686	37439
13688	37440
13690	37441
13697	37442
13715	37443
13727	37444
13728	37445
13732	37446
13735	37447
13765	37448
13768	37449
13774	37450
13775	37451
13780	37452
13785	37453
13789	37454
13795	37455
13797	37456
13799	37457
13805	37458
13812	37459
13818	37460
13823	37461
13829	37462
13831	37463
13838	37464
13853	37465
13860	37466
13863	37467
13874	37468
13885	37469
13889	37470
13891	37471
13892	37472
13894	37473
13901	37474
13902	37475
13904	37476
13917	37477
13924	37478
13926	37479
13932	37480
13938	37481
13955	37482
13956	37483
13979	37484
13986	37485
13993	37486
13996	37487
14014	37488
14016	37489
14020	37490
14021	37491
14027	37492
14030	37493
14036	37494
14037	37495
14047	37496
14051	37497
14052	37498
14057	37499
14070	37500
14072	37501
14074	37502
14080	37503
14099	37504
14104	37505
14106	37506
14116	37507
14120	37508
14129	37509
14150	37510
14166	37511
14178	37512
14181	37513
14185	37514
14197	37515
14200	37516
14215	37517
14221	37518
14225	37519
14237	37520
14238	37521
14246	37522
14247	37523
14256	37524
14286	37525
14289	37526
14300	37527
14304	37528
14332	37529
14350	37530
14351	37531
14354	37532
14359	37533
14362	37534
14366	37535
14377	37536
14385	37537
14388	37538
14392	37539
14394	37540
14407	37541
14416	37542
14421	37543
14433	37544
14435	37545
14437	37546
14442	37547
14444	37548
14451	37549
14466	37550
14478	37551
14480	37552
14487	37553
14495	37554
14501	37555
14506	37556
14522	37557
14532	37558
14538	37559
14540	37560
14544	37561
14546	37562
14548	37563
14550	37564
14552	37565
14563	37566
14570	37567
14575	37568
14576	37569
14586	37570
14587	37571
14604	37572
14615	37573
14623	37574
14628	37575
14635	37576
14643	37577
14646	37578
14652	37579
14659	37580
14663	37581
14672	37582
14689	37583
14690	37584
14697	37585
14704	37586
14714	37587
14715	37588
14719	37589
14731	37590
14734	37591
14738	37592
14747	37593
14761	37594
14763	37595
14766	37596
14767	37597
14781	37598
14783	37599
14784	37600
14785	37601
14788	37602
14792	37603
14825	37604
14829	37605
14837	37606
14840	37607
14853	37608
14857	37609
14863	37610
14869	37611
14872	37612
14873	37613
14877	37614
14881	37615
14888	37616
14902	37617
14908	37618
14913	37619
14938	37620
14940	37621
14948	37622
14953	37623
14956	37624
14960	37625
14984	37626
14988	37627
15003	37628
15010	37629
15016	37630
15020	37631
15023	37632
15025	37633
15026	37634
15039	37635
15046	37636
15053	37637
15057	37638
15061	37639
15073	37640
15075	37641
15076	37642
15084	37643
15088	37644
15089	37645
15092	37646
15095	37647
15106	37648
15110	37649
15112	37650
15117	37651
15121	37652
15139	37653
15151	37654
15152	37655
15153	37656
15157	37657
15161	37658
15174	37659
15180	37660
15186	37661
15200	37662
15220	37663
15221	37664
15232	37665
15234	37666
15248	37667
15262	37668
15270	37669
15275	37670
15286	37671
15299	37672
15308	37673
15310	37674
15311	37675
15322	37676
15323	37677
15329	37678
15330	37679
15332	37680
15336	37681
15340	37682
15356	37683
15360	37684
15361	37685
15363	37686
15367	37687
15370	37688
15383	37689
15385	37690
15386	37691
15392	37692
15413	37693
15416	37694
15429	37695
15435	37696
15448	37697
15451	37698
15452	37699
15455	37700
15456	37701
15457	37702
15467	37703
15477	37704
15478	37705
15486	37706
15498	37707
15504	37708
15510	37709
15517	37710
15530	37711
15543	37712
15553	37713
15556	37714
15561	37715
15566	37716
15569	37717
15570	37718
15573	37719
15576	37720
15583	37721
15589	37722
15593	37723
15597	37724
15600	37725
15602	37726
15604	37727
15606	37728
15619	37729
15629	37730
15643	37731
15647	37732
15651	37733
15655	37734
15667	37735
15674	37736
15680	37737
15685	37738
15687	37739
15691	37740
15692	37741
15696	37742
15699	37743
15706	37744
15748	37745
15751	37746
15761	37747
15765	37748
15766	37749
15773	37750
15776	37751
15785	37752
15807	37753
15810	37754
15812	37755
15815	37756
15821	37757
15823	37758
15829	37759
15832	37760
15833	37761
15834	37762
15837	37763
15846	37764
15857	37765
15864	37766
15872	37767
15910	37768
15938	37769
15953	37770
15956	37771
15960	37772
15963	37773
15966	37774
15975	37775
15985	37776
15991	37777
16004	37778
16006	37779
16007	37780
16009	37781
16012	37782
16013	37783
16015	37784
16024	37785
16046	37786
16054	37787
16068	37788
16087	37789
16091	37790
16099	37791
16107	37792
16111	37793
16119	37794
16135	37795
16151	37796
16159	37797
16161	37798
16164	37799
16165	37800
16175	37801
16189	37802
16190	37803
16192	37804
16199	37805
16212	37806
16215	37807
16228	37808
16229	37809
16238	37810
16243	37811
16244	37812
16264	37813
16269	37814
16271	37815
16275	37816
16283	37817
16286	37818
16290	37819
16292	37820
16296	37821
16325	37822
16334	37823
16336	37824
16341	37825
16345	37826
16354	37827
16356	37828
16358	37829
16382	37830
16398	37831
16403	37832
16407	37833
16409	37834
16428	37835
16440	37836
16441	37837
16444	37838
16457	37839
16459	37840
16467	37841
16475	37842
16481	37843
16494	37844
16495	37845
16497	37846
16501	37847
16512	37848
16513	37849
16522	37850
16524	37851
16530	37852
16538	37853
16541	37854
16555	37855
16556	37856
16557	37857
16570	37858
16572	37859
16576	37860
16591	37861
16595	37862
16596	37863
16599	37864
16600	37865
16601	37866
16603	37867
16611	37868
16614	37869
16643	37870
16652	37871
16656	37872
16659	37873
16663	37874
16667	37875
16668	37876
16671	37877
16674	37878
16689	37879
16691	37880
16708	37881
16710	37882
16712	37883
16716	37884
16732	37885
16749	37886
16752	37887
16754	37888
16755	37889
16758	37890
16775	37891
16777	37892
16780	37893
16787	37894
16790	37895
16801	37896
16805	37897
16810	37898
16812	37899
16821	37900
16826	37901
16833	37902
16848	37903
16852	37904
16853	37905
16854	37906
16855	37907
16860	37908
16864	37909
16869	37910
16873	37911
16883	37912
16891	37913
16903	37914
16911	37915
16922	37916
16924	37917
16931	37918
16932	37919
16934	37920
16938	37921
16946	37922
16953	37923
16962	37924
16964	37925
16967	37926
16974	37927
16975	37928
16976	37929
16981	37930
16987	37931
16993	37932
17004	37933
17008	37934
17018	37935
17019	37936
17020	37937
17022	37938
17025	37939
17054	37940
17068	37941
17072	37942
17074	37943
17077	37944
17079	37945
17082	37946
17088	37947
17109	37948
17110	37949
17127	37950
17146	37951
17149	37952
17153	37953
17154	37954
17159	37955
17166	37956
17170	37957
17171	37958
17187	37959
17189	37960
17190	37961
17200	37962
17203	37963
17210	37964
17216	37965
17220	37966
17230	37967
17231	37968
17238	37969
17239	37970
17240	37971
17241	37972
17243	37973
17264	37974
17274	37975
17277	37976
17280	37977
17290	37978
17317	37979
17318	37980
17321	37981
17343	37982
17345	37983
17351	37984
17353	37985
17360	37986
17384	37987
17391	37988
17408	37989
17409	37990
17412	37991
17420	37992
17429	37993
17433	37994
17436	37995
17445	37996
17451	37997
17457	37998
17487	37999
17498	38000
17499	38001
17517	38002
17524	38003
17526	38004
17529	38005
17536	38006
17561	38007
17570	38008
17583	38009
17588	38010
17597	38011
17598	38012
17601	38013
17602	38014
17604	38015
17618	38016
17619	38017
17623	38018
17629	38019
17631	38020
17634	38021
17640	38022
17643	38023
17645	38024
17651	38025
17652	38026
17656	38027
17659	38028
17671	38029
17678	38030
17691	38031
17694	38032
17708	38033
17715	38034
17721	38035
17728	38036
17729	38037
17732	38038
17733	38039
17746	38040
17750	38041
17751	38042
17758	38043
17764	38044
17771	38045
17775	38046
17794	38047
17806	38048
17813	38049
17815	38050
17820	38051
17830	38052
17832	38053
17837	38054
17846	38055
17853	38056
17865	38057
17869	38058
17872	38059
17874	38060
17899	38061
17900	38062
17901	38063
17903	38064
17907	38065
17935	38066
17943	38067
17945	38068
17951	38069
17958	38070
17961	38071
17966	38072
17968	38073
17973	38074
17974	38075
17986	38076
17996	38077
18005	38078
18010	38079
18023	38080
18027	38081
18029	38082
18030	38083
18041	38084
18044	38085
18045	38086
18062	38087
18066	38088
18074	38089
18076	38090
18089	38091
18090	38092
18098	38093
18143	38094
18157	38095
18159	38096
18161	38097
18166	38098
18170	38099
18181	38100
18182	38101
18186	38102
18197	38103
18201	38104
18214	38105
18222	38106
18227	38107
18229	38108
18233	38109
18240	38110
18251	38111
18257	38112
18261	38113
18267	38114
18268	38115
18276	38116
18281	38117
18282	38118
18286	38119
18288	38120
18300	38121
18316	38122
18318	38123
18323	38124
18336	38125
18346	38126
18350	38127
18362	38128
18366	38129
18367	38130
18377	38131
18387	38132
18391	38133
18403	38134
18422	38135
18423	38136
18440	38137
18451	38138
18453	38139
18455	38140
18465	38141
18468	38142
18469	38143
18473	38144
18478	38145
18481	38146
18485	38147
18498	38148
18502	38149
18511	38150
18532	38151
18551	38152
18553	38153
18563	38154
18567	38155
18592	38156
18596	38157
18606	38158
18607	38159
18610	38160
18612	38161
18627	38162
18628	38163
18630	38164
18634	38165
18642	38166
18666	38167
18667	38168
18668	38169
18669	38170
18671	38171
18676	38172
18677	38173
18692	38174
18697	38175
18701	38176
18703	38177
18705	38178
18712	38179
18723	38180
18738	38181
18739	38182
18747	38183
18748	38184
18750	38185
18754	38186
18767	38187
18780	38188
18797	38189
18801	38190
18806	38191
18811	38192
18822	38193
18829	38194
18833	38195
18848	38196
18865	38197
18867	38198
18870	38199
18872	38200
18879	38201
18882	38202
18884	38203
18896	38204
18898	38205
18921	38206
18923	38207
18926	38208
18929	38209
18931	38210
18933	38211
18935	38212
18942	38213
18951	38214
18955	38215
18956	38216
18967	38217
18970	38218
18987	38219
18991	38220
18994	38221
19009	38222
19015	38223
19032	38224
19034	38225
19057	38226
19066	38227
19074	38228
19076	38229
19090	38230
19094	38231
19099	38232
19102	38233
19106	38234
19108	38235
19112	38236
19113	38237
19117	38238
19118	38239
19132	38240
19136	38241
19138	38242
19150	38243
19154	38244
19155	38245
19157	38246
19160	38247
19167	38248
19168	38249
19170	38250
19178	38251
19188	38252
19198	38253
19201	38254
19205	38255
19209	38256
19225	38257
19228	38258
19258	38259
19261	38260
19264	38261
19273	38262
19282	38263
19297	38264
19304	38265
19305	38266
19317	38267
19318	38268
19321	38269
19344	38270
19347	38271
19356	38272
19362	38273
19367	38274
19380	38275
19392	38276
19395	38277
19396	38278
19398	38279
19409	38280
19418	38281
19419	38282
19422	38283
19427	38284
19428	38285
19432	38286
19433	38287
19439	38288
19446	38289
19450	38290
19451	38291
19458	38292
19466	38293
19484	38294
19497	38295
19498	38296
19511	38297
19514	38298
19519	38299
19541	38300
19549	38301
19554	38302
19558	38303
19566	38304
19580	38305
19585	38306
19598	38307
19602	38308
19609	38309
19610	38310
19613	38311
19617	38312
19626	38313
19639	38314
19642	38315
19647	38316
19650	38317
19667	38318
19680	38319
19683	38320
19693	38321
19694	38322
19708	38323
19713	38324
19715	38325
19737	38326
19746	38327
19752	38328
19762	38329
19765	38330
19768	38331
20015	38332
20301	38333
20383	38334
20448	38335
20508	38336
20915	38337
21358	38338
21593	38339
21760	38340
21917	38341
22302	38342
22303	38343
22312	38344
22330	38345
22332	38346
22333	38347
22334	38348
22336	38349
22340	38350
22342	38351
22348	38352
22350	38353
22360	38354
22366	38355
22381	38356
22383	38357
22387	38358
22390	38359
22396	38360
22409	38361
22417	38362
22422	38363
22424	38364
22425	38365
22432	38366
22442	38367
22450	38368
22457	38369
22460	38370
22463	38371
22477	38372
22482	38373
22489	38374
22491	38375
22495	38376
22511	38377
22516	38378
22518	38379
22521	38380
22527	38381
22530	38382
22535	38383
22536	38384
22540	38385
22547	38386
22553	38387
22565	38388
22566	38389
