5
78
107
124
145
221
276
442
447
533
546
552
571
587
608
621
629
636
649
702
704
714
732
735
737
750
769
779
808
809
815
847
859
870
871
876
879
880
888
895
913
928
941
948
961
988
998
1018
1026
1028
1047
1061
1064
1066
1083
1084
1087
1109
1116
1129
1131
1147
1152
1156
1159
1163
1167
1178
1179
1186
1195
1197
1206
1208
1238
1258
1260
1261
1270
1278
1283
1303
1319
1323
1328
1342
1367
1371
1374
1391
1399
1405
1437
1453
1458
1474
1508
1520
1523
1557
1564
1571
1684
1707
1709
1722
1732
1752
1776
1797
1798
1818
1828
1831
1842
1846
1847
1871
1881
1895
1901
1903
1911
1914
1917
1928
1944
1947
1949
1952
1963
1978
2034
2171
2184
2191
2266
2282
2306
2451
2634
2693
2736
2796
2829
2909
2929
3187
3204
3223
3225
3249
3250
3269
3276
3278
3292
3295
3302
3308
3335
3380
3433
3436
3448
3471
3511
3521
3540
3554
3571
3580
3611
3638
3644
3648
3678
3683
3761
3786
3821
3823
3877
3889
3905
3963
4038
4041
4057
4066
4076
4090
4095
4129
4140
4182
4197
4199
4203
4212
4242
4250
4255
4293
4305
4331
4340
4372
4401
4416
4461
4502
4506
4519
4550
4553
4565
4580
4583
4617
4630
4648
4657
4668
4671
4685
4726
4759
4765
4811
4864
4866
4908
4945
4958
4975
4989
4997
5018
5024
5047
5079
5082
5100
5164
5215
5222
5269
5270
5271
5273
5277
5289
5331
5358
5359
5367
5382
5388
5506
5550
5552
5571
5573
5574
5586
5599
5630
5655
5664
5665
5673
5674
5712
5713
5721
5729
5730
5762
5800
5827
5834
5873
5876
5880
5886
5929
5959
5971
5997
6000
6018
6061
6065
6068
6069
6075
6078
6098
6101
6113
6147
6149
6209
6231
6239
6250
6262
6265
6286
6291
6358
6374
6400
6403
6412
6415
6416
6427
6446
6492
6527
6536
6544
6630
6654
6683
6684
6718
6739
6748
6749
6750
6767
6777
6800
6802
6833
6857
6871
6873
6931
6979
6980
6995
7007
7008
7017
7073
7076
7102
7121
7151
7196
7216
7231
7253
7261
7265
7278
7280
7293
7323
7333
7362
7409
7420
7439
7444
7447
7449
7455
7460
7492
7499
7510
7535
7543
7556
7568
7581
7608
7625
7626
7630
7645
7656
7668
7690
7703
7797
7871
7918
7920
7941
7955
7968
7988
7997
8000
8014
8024
8029
8030
8031
8056
8072
8075
8079
8126
8134
8140
8153
8154
8161
8177
8196
8197
8199
8200
8228
8241
8305
8353
8373
8378
8392
8402
8440
8444
8445
8447
8451
8515
8558
8560
8578
8589
8593
8613
8630
8636
8640
8646
8653
8655
8678
8689
8702
8729
8759
8760
8787
8793
8830
8842
8849
8857
8871
8879
8880
8942
8976
8985
9009
9027
9030
9032
9056
9093
9097
9104
9110
9140
9151
9201
9206
9241
9255
9264
9309
9363
9367
9410
9416
9423
9454
9477
9478
9559
9599
9633
9644
9656
9687
9713
9716
9717
9719
9725
9741
9754
9756
9762
9767
9776
9779
9790
9807
9836
9846
9870
9874
9876
9884
9912
9914
9925
9934
9935
9957
9963
9970
9976
9990
9992
9995
9999
10019
10024
10026
10032
10042
10043
10044
10046
10055
10067
10097
10101
10121
10147
10153
10159
10177
10207
10223
10227
10237
10242
10243
10264
10273
10282
10283
10284
10295
10302
10312
10329
10331
10341
10343
10347
10370
10377
10396
10413
10443
10444
10447
10451
10455
10461
10466
10469
10477
10496
10505
10506
10509
10514
10528
10531
10532
10546
10548
10566
10572
10588
10590
10604
10608
10647
10657
10663
10676
10684
10686
10687
10690
10692
10694
10708
10721
10722
10730
10738
10739
10740
10741
10746
10771
10782
10789
10815
10819
10821
10830
10864
10920
10934
10938
10964
10973
10979
10983
10997
11013
11017
11023
11029
11064
11068
11074
11082
11083
11128
11148
11157
11164
11174
11186
11210
11212
11225
11229
11241
11243
11256
11261
11278
11327
11334
11363
11386
11390
11404
11413
11429
11456
11467
11472
11474
11485
11489
11498
11499
11510
11512
11531
11546
11560
11569
11574
11576
11586
11588
11589
11627
11631
11634
11636
11649
11712
11713
11725
11731
11739
11744
11760
11761
11783
11784
11788
11790
11824
11834
11850
11854
11879
11880
11886
11906
11916
11920
11952
11963
11980
11990
11994
12010
12012
12018
12042
12060
12069
12080
12084
12107
12141
12193
12227
12229
12231
12241
12244
12247
12267
12287
12297
12318
12333
12338
12339
12346
12363
12366
12376
12401
12405
12429
12466
12520
12521
12522
12541
12547
12549
12564
12572
12579
12584
12585
12610
12614
12626
12631
12637
12639
12649
12654
12671
12673
12683
12692
12698
12705
12710
12716
12735
12764
12765
12783
12796
12803
12806
12811
12819
12832
12834
12842
12852
12865
12898
12902
12903
12908
12909
12974
12981
12990
12998
13000
13009
13018
13021
13037
13045
13051
13064
13078
13081
13088
13093
13104
13111
13115
13116
13117
13150
13153
13158
13162
13164
13174
13190
13194
13203
13204
13215
13218
13224
13263
13268
13279
13294
13323
13330
13331
13336
13372
13389
13398
13405
13429
13434
13438
13441
13476
13480
13485
13490
13503
13520
13536
13543
13549
13564
13566
13569
13611
13613
13626
13635
13636
13637
13641
13648
13690
13697
13732
13735
13752
13765
13774
13780
13795
13818
13822
13826
13831
13891
13901
13926
13929
13987
13996
13997
14014
14016
14021
14027
14030
14036
14047
14055
14057
14072
14074
14116
14144
14150
14154
14166
14185
14197
14215
14221
14227
14246
14247
14294
14301
14316
14317
14362
14374
14421
14435
14444
14471
14478
14486
14487
14493
14495
14501
14521
14522
14532
14544
14546
14548
14552
14563
14575
14576
14586
14613
14623
14635
14643
14646
14652
14653
14672
14678
14689
14704
14715
14731
14767
14781
14783
14785
14815
14825
14827
14829
14837
14840
14857
14873
14877
14902
14923
14924
14938
14956
14960
14966
14972
14988
14997
15007
15010
15016
15023
15025
15026
15073
15075
15076
15084
15088
15089
15095
15109
15110
15112
15116
15139
15157
15200
15220
15221
15240
15247
15252
15262
15275
15285
15322
15329
15332
15340
15356
15360
15367
15383
15385
15403
15416
15420
15429
15435
15448
15452
15477
15478
15486
15510
15517
15537
15553
15566
15569
15570
15573
15583
15600
15629
15651
15674
15680
15691
15696
15699
15704
15706
15733
15748
15751
15766
15779
15783
15821
15834
15879
15953
15975
15990
15991
16005
16013
16024
16033
16046
16054
16073
16099
16107
16135
16151
16159
16161
16175
16189
16190
16199
16215
16237
16238
16254
16261
16269
16283
16290
16311
16334
16356
16358
