5	36143
12	36144
52	36145
55	36146
61	36147
63	36148
64	36149
68	36150
78	36151
82	36152
83	36153
97	36154
101	36155
104	36156
107	36157
110	36158
120	36159
124	36160
125	36161
138	36162
145	36163
148	36164
221	36165
276	36166
322	36167
430	36168
442	36169
447	36170
483	36171
512	36172
533	36173
534	36174
538	36175
542	36176
546	36177
552	36178
571	36179
574	36180
578	36181
580	36182
584	36183
587	36184
588	36185
594	36186
596	36187
599	36188
605	36189
608	36190
621	36191
624	36192
629	36193
632	36194
636	36195
647	36196
649	36197
651	36198
652	36199
656	36200
670	36201
684	36202
694	36203
699	36204
702	36205
704	36206
707	36207
714	36208
715	36209
720	36210
725	36211
732	36212
733	36213
735	36214
737	36215
738	36216
743	36217
750	36218
755	36219
756	36220
759	36221
766	36222
769	36223
776	36224
779	36225
781	36226
795	36227
806	36228
808	36229
809	36230
815	36231
819	36232
836	36233
847	36234
851	36235
854	36236
855	36237
856	36238
859	36239
863	36240
870	36241
871	36242
872	36243
876	36244
879	36245
880	36246
885	36247
888	36248
894	36249
895	36250
896	36251
898	36252
912	36253
913	36254
928	36255
936	36256
941	36257
948	36258
953	36259
961	36260
982	36261
987	36262
988	36263
997	36264
998	36265
1011	36266
1015	36267
1018	36268
1022	36269
1023	36270
1026	36271
1028	36272
1035	36273
1039	36274
1040	36275
1047	36276
1049	36277
1050	36278
1056	36279
1061	36280
1062	36281
1064	36282
1066	36283
1068	36284
1070	36285
1077	36286
1080	36287
1081	36288
1083	36289
1084	36290
1087	36291
1097	36292
1098	36293
1099	36294
1109	36295
1116	36296
1122	36297
1129	36298
1131	36299
1134	36300
1141	36301
1147	36302
1149	36303
1152	36304
1154	36305
1156	36306
1159	36307
1163	36308
1167	36309
1178	36310
1179	36311
1184	36312
1186	36313
1192	36314
1195	36315
1197	36316
1206	36317
1208	36318
1215	36319
1218	36320
1222	36321
1226	36322
1232	36323
1235	36324
1238	36325
1253	36326
1255	36327
1258	36328
1260	36329
1261	36330
1265	36331
1270	36332
1277	36333
1278	36334
1282	36335
1283	36336
1298	36337
1301	36338
1303	36339
1311	36340
1319	36341
1323	36342
1328	36343
1330	36344
1341	36345
1342	36346
1344	36347
1367	36348
1368	36349
1371	36350
1374	36351
1385	36352
1391	36353
1398	36354
1399	36355
1405	36356
1419	36357
1423	36358
1437	36359
1453	36360
1454	36361
1458	36362
1466	36363
1469	36364
1474	36365
1482	36366
1489	36367
1495	36368
1501	36369
1503	36370
1508	36371
1520	36372
1523	36373
1528	36374
1531	36375
1533	36376
1549	36377
1555	36378
1557	36379
1564	36380
1565	36381
1568	36382
1571	36383
1594	36384
1605	36385
1620	36386
1629	36387
1630	36388
1631	36389
1637	36390
1638	36391
1641	36392
1643	36393
1664	36394
1676	36395
1682	36396
1684	36397
1685	36398
1689	36399
1707	36400
1709	36401
1722	36402
1724	36403
1727	36404
1732	36405
1741	36406
1745	36407
1746	36408
1749	36409
1752	36410
1758	36411
1761	36412
1766	36413
1767	36414
1776	36415
1779	36416
1791	36417
1797	36418
1798	36419
1802	36420
1811	36421
1818	36422
1828	36423
1829	36424
1831	36425
1834	36426
1838	36427
1842	36428
1844	36429
1846	36430
1847	36431
1857	36432
1865	36433
1866	36434
1867	36435
1871	36436
1872	36437
1880	36438
1881	36439
1887	36440
1895	36441
1899	36442
1901	36443
1903	36444
1906	36445
1911	36446
1914	36447
1917	36448
1918	36449
1924	36450
1928	36451
1932	36452
1934	36453
1939	36454
1944	36455
1947	36456
1949	36457
1952	36458
1954	36459
1959	36460
1963	36461
1978	36462
2009	36463
2026	36464
2034	36465
2047	36466
2097	36467
2113	36468
2132	36469
2184	36470
2191	36471
2257	36472
2266	36473
2280	36474
2282	36475
2306	36476
2338	36477
2350	36478
2396	36479
2410	36480
2451	36481
2489	36482
2491	36483
2526	36484
2592	36485
2623	36486
2634	36487
2641	36488
2686	36489
2693	36490
2727	36491
2736	36492
2744	36493
2746	36494
2777	36495
2778	36496
2796	36497
2829	36498
2831	36499
2833	36500
2844	36501
2873	36502
2909	36503
2929	36504
2990	36505
3013	36506
3017	36507
3040	36508
3127	36509
3136	36510
3141	36511
3158	36512
3167	36513
3171	36514
3180	36515
3181	36516
3186	36517
3187	36518
3204	36519
3215	36520
3217	36521
3221	36522
3223	36523
3225	36524
3229	36525
3234	36526
3249	36527
3250	36528
3261	36529
3262	36530
3276	36531
3278	36532
3284	36533
3292	36534
3295	36535
3299	36536
3302	36537
3308	36538
3311	36539
3312	36540
3323	36541
3335	36542
3338	36543
3343	36544
3353	36545
3354	36546
3356	36547
3360	36548
3367	36549
3380	36550
3382	36551
3416	36552
3424	36553
3433	36554
3436	36555
3444	36556
3448	36557
3471	36558
3488	36559
3497	36560
3499	36561
3511	36562
3534	36563
3540	36564
3544	36565
3554	36566
3571	36567
3574	36568
3580	36569
3604	36570
3611	36571
3638	36572
3642	36573
3644	36574
3648	36575
3657	36576
3659	36577
3669	36578
3677	36579
3678	36580
3683	36581
3705	36582
3720	36583
3730	36584
3754	36585
3761	36586
3766	36587
3783	36588
3786	36589
3803	36590
3821	36591
3823	36592
3826	36593
3827	36594
3830	36595
3841	36596
3842	36597
3869	36598
3877	36599
3878	36600
3889	36601
3891	36602
3897	36603
3905	36604
3919	36605
3949	36606
3950	36607
3963	36608
3964	36609
3973	36610
3977	36611
3989	36612
4002	36613
4018	36614
4033	36615
4038	36616
4041	36617
4052	36618
4057	36619
4066	36620
4072	36621
4076	36622
4090	36623
4095	36624
4108	36625
4111	36626
4115	36627
4129	36628
4137	36629
4140	36630
4151	36631
4160	36632
4167	36633
4174	36634
4178	36635
4182	36636
4186	36637
4197	36638
4199	36639
4203	36640
4212	36641
4226	36642
4242	36643
4248	36644
4250	36645
4255	36646
4284	36647
4293	36648
4305	36649
4308	36650
4326	36651
4331	36652
4340	36653
4352	36654
4355	36655
4356	36656
4357	36657
4372	36658
4376	36659
4379	36660
4392	36661
4401	36662
4416	36663
4430	36664
4440	36665
4451	36666
4454	36667
4458	36668
4461	36669
4467	36670
4494	36671
4502	36672
4506	36673
4508	36674
4511	36675
4517	36676
4519	36677
4537	36678
4550	36679
4553	36680
4554	36681
4565	36682
4580	36683
4582	36684
4583	36685
4596	36686
4617	36687
4621	36688
4630	36689
4635	36690
4648	36691
4657	36692
4661	36693
4662	36694
4668	36695
4671	36696
4681	36697
4685	36698
4687	36699
4716	36700
4720	36701
4722	36702
4723	36703
4724	36704
4725	36705
4726	36706
4740	36707
4743	36708
4745	36709
4752	36710
4759	36711
4765	36712
4785	36713
4802	36714
4811	36715
4840	36716
4847	36717
4856	36718
4864	36719
4865	36720
4866	36721
4890	36722
4908	36723
4916	36724
4918	36725
4934	36726
4944	36727
4945	36728
4958	36729
4968	36730
4975	36731
4989	36732
4997	36733
5001	36734
5002	36735
5018	36736
5024	36737
5035	36738
5047	36739
5064	36740
5078	36741
5079	36742
5082	36743
5100	36744
5102	36745
5106	36746
5107	36747
5111	36748
5114	36749
5129	36750
5145	36751
5152	36752
5164	36753
5193	36754
5210	36755
5215	36756
5221	36757
5222	36758
5243	36759
5255	36760
5269	36761
5270	36762
5271	36763
5273	36764
5276	36765
5277	36766
5286	36767
5289	36768
5290	36769
5301	36770
5303	36771
5309	36772
5313	36773
5315	36774
5320	36775
5328	36776
5330	36777
5331	36778
5343	36779
5350	36780
5352	36781
5358	36782
5359	36783
5363	36784
5367	36785
5378	36786
5382	36787
5383	36788
5388	36789
5401	36790
5403	36791
5412	36792
5424	36793
5429	36794
5433	36795
5448	36796
5460	36797
5495	36798
5498	36799
5505	36800
5506	36801
5521	36802
5524	36803
5525	36804
5546	36805
5550	36806
5552	36807
5556	36808
5571	36809
5573	36810
5574	36811
5586	36812
5596	36813
5599	36814
5606	36815
5630	36816
5646	36817
5654	36818
5655	36819
5664	36820
5665	36821
5673	36822
5674	36823
5698	36824
5712	36825
5713	36826
5721	36827
5729	36828
5730	36829
5741	36830
5762	36831
5778	36832
5781	36833
5782	36834
5799	36835
5800	36836
5803	36837
5827	36838
5834	36839
5841	36840
5857	36841
5873	36842
5876	36843
5878	36844
5880	36845
5886	36846
5899	36847
5901	36848
5915	36849
5916	36850
5917	36851
5929	36852
5936	36853
5955	36854
5959	36855
5966	36856
5969	36857
5970	36858
5971	36859
5994	36860
5997	36861
6000	36862
6018	36863
6021	36864
6026	36865
6028	36866
6032	36867
6038	36868
6044	36869
6046	36870
6060	36871
6061	36872
6065	36873
6068	36874
6069	36875
6075	36876
6078	36877
6098	36878
6101	36879
6113	36880
6120	36881
6128	36882
6147	36883
6149	36884
6156	36885
6165	36886
6169	36887
6174	36888
6191	36889
6209	36890
6223	36891
6231	36892
6232	36893
6234	36894
6239	36895
6250	36896
6251	36897
6262	36898
6265	36899
6266	36900
6286	36901
6287	36902
6291	36903
6296	36904
6299	36905
6304	36906
6322	36907
6332	36908
6339	36909
6343	36910
6349	36911
6358	36912
6374	36913
6375	36914
6379	36915
6380	36916
6384	36917
6387	36918
6394	36919
6400	36920
6403	36921
6406	36922
6414	36923
6415	36924
6416	36925
6427	36926
6431	36927
6436	36928
6446	36929
6451	36930
6453	36931
6487	36932
6488	36933
6492	36934
6499	36935
6503	36936
6527	36937
6535	36938
6536	36939
6541	36940
6544	36941
6558	36942
6583	36943
6586	36944
6600	36945
6601	36946
6607	36947
6630	36948
6634	36949
6636	36950
6637	36951
6654	36952
6668	36953
6683	36954
6684	36955
6689	36956
6706	36957
6714	36958
6718	36959
6720	36960
6739	36961
6746	36962
6748	36963
6749	36964
6750	36965
6767	36966
6771	36967
6777	36968
6786	36969
6788	36970
6791	36971
6800	36972
6802	36973
6808	36974
6814	36975
6815	36976
6822	36977
6823	36978
6830	36979
6833	36980
6857	36981
6861	36982
6873	36983
6881	36984
6893	36985
6904	36986
6923	36987
6928	36988
6930	36989
6931	36990
6932	36991
6957	36992
6961	36993
6963	36994
6967	36995
6971	36996
6979	36997
6980	36998
6982	36999
6991	37000
6995	37001
7007	37002
7008	37003
7017	37004
7045	37005
7059	37006
7071	37007
7073	37008
7076	37009
7078	37010
7081	37011
7086	37012
7099	37013
7102	37014
7121	37015
7131	37016
7135	37017
7137	37018
7151	37019
7167	37020
7178	37021
7189	37022
7190	37023
7196	37024
7208	37025
7216	37026
7220	37027
7228	37028
7231	37029
7253	37030
7256	37031
7258	37032
7260	37033
7261	37034
7265	37035
7278	37036
7280	37037
7293	37038
7300	37039
7306	37040
7320	37041
7323	37042
7332	37043
7333	37044
7344	37045
7362	37046
7369	37047
7370	37048
7380	37049
7381	37050
7383	37051
7389	37052
7395	37053
7403	37054
7404	37055
7409	37056
7420	37057
7426	37058
7439	37059
7440	37060
7444	37061
7447	37062
7449	37063
7455	37064
7460	37065
7471	37066
7472	37067
7478	37068
7479	37069
7492	37070
7499	37071
7504	37072
7510	37073
7515	37074
7522	37075
7529	37076
7532	37077
7535	37078
7536	37079
7543	37080
7549	37081
7555	37082
7556	37083
7568	37084
7580	37085
7581	37086
7591	37087
7608	37088
7619	37089
7625	37090
7626	37091
7630	37092
7640	37093
7645	37094
7653	37095
7656	37096
7668	37097
7672	37098
7681	37099
7685	37100
7690	37101
7703	37102
7707	37103
7709	37104
7711	37105
7731	37106
7740	37107
7742	37108
7755	37109
7777	37110
7784	37111
7797	37112
7825	37113
7828	37114
7852	37115
7856	37116
7871	37117
7903	37118
7904	37119
7905	37120
7907	37121
7915	37122
7918	37123
7919	37124
7920	37125
7923	37126
7927	37127
7935	37128
7941	37129
7955	37130
7968	37131
7981	37132
7982	37133
7988	37134
7997	37135
8000	37136
8013	37137
8014	37138
8019	37139
8024	37140
8029	37141
8030	37142
8031	37143
8056	37144
8061	37145
8064	37146
8072	37147
8075	37148
8079	37149
8086	37150
8098	37151
8109	37152
8120	37153
8126	37154
8130	37155
8134	37156
8140	37157
8142	37158
8145	37159
8153	37160
8154	37161
8161	37162
8175	37163
8177	37164
8181	37165
8182	37166
8194	37167
8197	37168
8201	37169
8210	37170
8214	37171
8224	37172
8228	37173
8229	37174
8241	37175
8246	37176
8274	37177
8278	37178
8288	37179
8297	37180
8305	37181
8313	37182
8353	37183
8356	37184
8357	37185
8358	37186
8373	37187
8378	37188
8381	37189
8387	37190
8392	37191
8402	37192
8424	37193
8440	37194
8444	37195
8445	37196
8447	37197
8449	37198
8451	37199
8453	37200
8477	37201
8482	37202
8488	37203
8497	37204
8515	37205
8543	37206
8558	37207
8560	37208
8564	37209
8578	37210
8579	37211
8582	37212
8584	37213
8589	37214
8590	37215
8593	37216
8606	37217
8607	37218
8613	37219
8630	37220
8636	37221
8638	37222
8640	37223
8646	37224
8647	37225
8652	37226
8653	37227
8655	37228
8656	37229
8661	37230
8678	37231
8689	37232
8702	37233
8712	37234
8729	37235
8735	37236
8738	37237
8759	37238
8760	37239
8766	37240
8787	37241
8793	37242
8804	37243
8811	37244
8816	37245
8818	37246
8819	37247
8820	37248
8826	37249
8830	37250
8834	37251
8842	37252
8849	37253
8857	37254
8858	37255
8871	37256
8879	37257
8880	37258
8924	37259
8925	37260
8929	37261
8933	37262
8942	37263
8947	37264
8948	37265
8956	37266
8976	37267
8981	37268
8982	37269
8985	37270
8992	37271
8996	37272
9009	37273
9011	37274
9023	37275
9027	37276
9030	37277
9032	37278
9044	37279
9056	37280
9065	37281
9093	37282
9097	37283
9100	37284
9104	37285
9106	37286
9110	37287
9112	37288
9140	37289
9146	37290
9157	37291
9166	37292
9178	37293
9184	37294
9197	37295
9201	37296
9206	37297
9208	37298
9216	37299
9217	37300
9241	37301
9255	37302
9258	37303
9262	37304
9264	37305
9289	37306
9309	37307
9315	37308
9322	37309
9338	37310
9344	37311
9354	37312
9360	37313
9363	37314
9367	37315
9376	37316
9385	37317
9390	37318
9398	37319
9409	37320
9410	37321
9412	37322
9416	37323
9423	37324
9438	37325
9454	37326
9469	37327
9477	37328
9478	37329
9511	37330
9542	37331
9559	37332
9599	37333
9606	37334
9621	37335
9632	37336
9633	37337
9644	37338
9652	37339
9656	37340
9660	37341
9663	37342
9671	37343
9674	37344
9675	37345
9682	37346
9683	37347
9684	37348
9687	37349
9695	37350
9700	37351
9713	37352
9716	37353
9717	37354
9719	37355
9725	37356
9741	37357
9743	37358
9744	37359
9749	37360
9750	37361
9752	37362
9753	37363
9754	37364
9756	37365
9760	37366
9762	37367
9763	37368
9764	37369
9767	37370
9768	37371
9776	37372
9779	37373
9782	37374
9785	37375
9787	37376
9789	37377
9790	37378
9807	37379
9817	37380
9828	37381
9830	37382
9831	37383
9832	37384
9834	37385
9836	37386
9844	37387
9846	37388
9850	37389
9859	37390
9865	37391
9870	37392
9874	37393
9876	37394
9882	37395
9884	37396
9888	37397
9895	37398
9900	37399
9902	37400
9912	37401
9914	37402
9917	37403
9918	37404
9924	37405
9925	37406
9933	37407
9934	37408
9935	37409
9957	37410
9963	37411
9970	37412
9976	37413
9979	37414
9988	37415
9989	37416
9990	37417
9992	37418
9993	37419
9995	37420
9997	37421
9999	37422
10001	37423
10010	37424
10019	37425
10021	37426
10024	37427
10026	37428
10031	37429
10032	37430
10042	37431
10044	37432
10046	37433
10050	37434
10055	37435
10057	37436
10064	37437
10067	37438
10069	37439
10083	37440
10085	37441
10093	37442
10097	37443
10100	37444
10101	37445
10105	37446
10114	37447
10120	37448
10121	37449
10123	37450
10128	37451
10137	37452
10139	37453
10145	37454
10147	37455
10153	37456
10159	37457
10161	37458
10163	37459
10175	37460
10177	37461
10200	37462
10202	37463
10207	37464
10219	37465
10223	37466
10227	37467
10232	37468
10233	37469
10237	37470
10242	37471
10243	37472
10254	37473
10258	37474
10264	37475
10267	37476
10268	37477
10273	37478
10279	37479
10282	37480
10283	37481
10284	37482
10295	37483
10302	37484
10310	37485
10312	37486
10315	37487
10329	37488
10330	37489
10331	37490
10341	37491
10343	37492
10347	37493
10348	37494
10351	37495
10357	37496
10368	37497
10369	37498
10370	37499
10372	37500
10373	37501
10374	37502
10377	37503
10391	37504
10396	37505
10402	37506
10408	37507
10413	37508
10425	37509
10427	37510
10430	37511
10439	37512
10443	37513
10444	37514
10446	37515
10447	37516
10451	37517
10455	37518
10461	37519
10466	37520
10468	37521
10469	37522
10477	37523
10483	37524
10492	37525
10495	37526
10496	37527
10498	37528
10501	37529
10504	37530
10505	37531
10506	37532
10509	37533
10513	37534
10514	37535
10522	37536
10527	37537
10528	37538
10529	37539
10531	37540
10532	37541
10534	37542
10546	37543
10548	37544
10550	37545
10566	37546
10572	37547
10577	37548
10588	37549
10590	37550
10602	37551
10604	37552
10608	37553
10628	37554
10645	37555
10646	37556
10647	37557
10657	37558
10658	37559
10662	37560
10663	37561
10666	37562
10669	37563
10676	37564
10684	37565
10686	37566
10687	37567
10689	37568
10690	37569
10692	37570
10694	37571
10696	37572
10707	37573
10708	37574
10710	37575
10716	37576
10717	37577
10721	37578
10722	37579
10723	37580
10726	37581
10729	37582
10730	37583
10738	37584
10739	37585
10740	37586
10741	37587
10746	37588
10752	37589
10759	37590
10767	37591
10770	37592
10771	37593
10775	37594
10777	37595
10781	37596
10782	37597
10789	37598
10791	37599
10799	37600
10813	37601
10814	37602
10815	37603
10819	37604
10821	37605
10825	37606
10829	37607
10830	37608
10832	37609
10838	37610
10847	37611
10852	37612
10864	37613
10867	37614
10873	37615
10874	37616
10898	37617
10911	37618
10920	37619
10925	37620
10934	37621
10937	37622
10938	37623
10941	37624
10943	37625
10948	37626
10951	37627
10964	37628
10965	37629
10973	37630
10974	37631
10979	37632
10983	37633
10986	37634
10997	37635
11013	37636
11017	37637
11019	37638
11023	37639
11029	37640
11034	37641
11048	37642
11049	37643
11053	37644
11060	37645
11064	37646
11068	37647
11074	37648
11082	37649
11083	37650
11094	37651
11096	37652
11123	37653
11125	37654
11126	37655
11128	37656
11132	37657
11136	37658
11139	37659
11144	37660
11148	37661
11153	37662
11155	37663
11156	37664
11157	37665
11159	37666
11160	37667
11164	37668
11167	37669
11174	37670
11182	37671
11184	37672
11186	37673
11200	37674
11201	37675
11210	37676
11211	37677
11212	37678
11225	37679
11229	37680
11231	37681
11233	37682
11240	37683
11241	37684
11246	37685
11256	37686
11261	37687
11262	37688
11263	37689
11272	37690
11273	37691
11278	37692
11283	37693
11284	37694
11286	37695
11290	37696
11291	37697
11292	37698
11294	37699
11300	37700
11303	37701
11306	37702
11320	37703
11327	37704
11330	37705
11334	37706
11336	37707
11355	37708
11358	37709
11363	37710
11386	37711
11390	37712
11391	37713
11393	37714
11399	37715
11404	37716
11409	37717
11413	37718
11424	37719
11428	37720
11429	37721
11430	37722
11433	37723
11441	37724
11444	37725
11446	37726
11454	37727
11456	37728
11464	37729
11467	37730
11472	37731
11474	37732
11485	37733
11488	37734
11489	37735
11492	37736
11498	37737
11499	37738
11502	37739
11506	37740
11510	37741
11511	37742
11512	37743
11513	37744
11516	37745
11526	37746
11531	37747
11546	37748
11549	37749
11560	37750
11564	37751
11567	37752
11569	37753
11574	37754
11576	37755
11581	37756
11586	37757
11587	37758
11588	37759
11589	37760
11594	37761
11600	37762
11605	37763
11627	37764
11631	37765
11634	37766
11636	37767
11638	37768
11649	37769
11654	37770
11657	37771
11660	37772
11671	37773
11686	37774
11690	37775
11695	37776
11701	37777
11706	37778
11709	37779
11712	37780
11713	37781
11715	37782
11719	37783
11721	37784
11725	37785
11727	37786
11731	37787
11737	37788
11739	37789
11744	37790
11749	37791
11750	37792
11760	37793
11761	37794
11778	37795
11782	37796
11783	37797
11784	37798
11788	37799
11790	37800
11793	37801
11803	37802
11805	37803
11819	37804
11824	37805
11826	37806
11833	37807
11834	37808
11835	37809
11839	37810
11847	37811
11850	37812
11854	37813
11860	37814
11879	37815
11880	37816
11886	37817
11888	37818
11891	37819
11895	37820
11906	37821
11909	37822
11910	37823
11912	37824
11916	37825
11920	37826
11931	37827
11936	37828
11952	37829
11963	37830
11965	37831
11968	37832
11974	37833
11980	37834
11983	37835
11986	37836
11992	37837
11994	37838
11998	37839
12008	37840
12009	37841
12010	37842
12012	37843
12016	37844
12018	37845
12035	37846
12042	37847
12044	37848
12049	37849
12060	37850
12064	37851
12065	37852
12068	37853
12069	37854
12070	37855
12080	37856
12084	37857
12099	37858
12107	37859
12112	37860
12115	37861
12118	37862
12127	37863
12129	37864
12133	37865
12137	37866
12141	37867
12161	37868
12163	37869
12166	37870
12174	37871
12180	37872
12193	37873
12194	37874
12197	37875
12204	37876
12212	37877
12220	37878
12221	37879
12227	37880
12229	37881
12231	37882
12240	37883
12241	37884
12242	37885
12244	37886
12247	37887
12253	37888
12259	37889
12260	37890
12267	37891
12281	37892
12287	37893
12293	37894
12297	37895
12313	37896
12318	37897
12326	37898
12327	37899
12333	37900
12338	37901
12339	37902
12342	37903
12344	37904
12346	37905
12352	37906
12357	37907
12359	37908
12360	37909
12363	37910
12366	37911
12374	37912
12385	37913
12396	37914
12401	37915
12405	37916
12406	37917
12409	37918
12414	37919
12424	37920
12429	37921
12447	37922
12451	37923
12466	37924
12469	37925
12471	37926
12473	37927
12475	37928
12479	37929
12480	37930
12483	37931
12487	37932
12492	37933
12510	37934
12520	37935
12521	37936
12522	37937
12527	37938
12541	37939
12545	37940
12547	37941
12548	37942
12549	37943
12564	37944
12572	37945
12578	37946
12579	37947
12581	37948
12584	37949
12585	37950
12586	37951
12599	37952
12600	37953
12610	37954
12613	37955
12614	37956
12626	37957
12631	37958
12637	37959
12638	37960
12639	37961
12649	37962
12654	37963
12656	37964
12666	37965
12671	37966
12673	37967
12683	37968
12692	37969
12698	37970
12700	37971
12703	37972
12705	37973
12707	37974
12710	37975
12712	37976
12716	37977
12721	37978
12735	37979
12746	37980
12747	37981
12749	37982
12752	37983
12762	37984
12764	37985
12765	37986
12768	37987
12770	37988
12771	37989
12772	37990
12783	37991
12784	37992
12785	37993
12796	37994
12798	37995
12800	37996
12803	37997
12805	37998
12806	37999
12811	38000
12816	38001
12819	38002
12832	38003
12834	38004
12842	38005
12852	38006
12855	38007
12859	38008
12865	38009
12867	38010
12893	38011
12900	38012
12902	38013
12903	38014
12906	38015
12907	38016
12908	38017
12909	38018
12923	38019
12930	38020
12937	38021
12944	38022
12961	38023
12962	38024
12972	38025
12974	38026
12977	38027
12981	38028
12990	38029
12993	38030
12998	38031
12999	38032
13000	38033
13008	38034
13009	38035
13017	38036
13018	38037
13019	38038
13021	38039
13024	38040
13030	38041
13037	38042
13040	38043
13045	38044
13050	38045
13051	38046
13064	38047
13078	38048
13081	38049
13082	38050
13088	38051
13093	38052
13104	38053
13111	38054
13115	38055
13116	38056
13117	38057
13131	38058
13140	38059
13146	38060
13149	38061
13150	38062
13153	38063
13158	38064
13162	38065
13164	38066
13174	38067
13181	38068
13190	38069
13192	38070
13194	38071
13202	38072
13203	38073
13204	38074
13205	38075
13215	38076
13218	38077
13222	38078
13224	38079
13232	38080
13255	38081
13263	38082
13268	38083
13279	38084
13283	38085
13288	38086
13292	38087
13294	38088
13296	38089
13323	38090
13330	38091
13331	38092
13336	38093
13337	38094
13348	38095
13354	38096
13372	38097
13378	38098
13389	38099
13398	38100
13401	38101
13405	38102
13409	38103
13414	38104
13420	38105
13427	38106
13429	38107
13434	38108
13438	38109
13441	38110
13453	38111
13457	38112
13458	38113
13460	38114
13470	38115
13474	38116
13476	38117
13480	38118
13483	38119
13485	38120
13490	38121
13492	38122
13503	38123
13504	38124
13509	38125
13520	38126
13535	38127
13536	38128
13537	38129
13543	38130
13549	38131
13551	38132
13564	38133
13566	38134
13569	38135
13571	38136
13574	38137
13579	38138
13611	38139
13613	38140
13619	38141
13623	38142
13624	38143
13626	38144
13635	38145
13636	38146
13637	38147
13641	38148
13643	38149
13645	38150
13648	38151
13652	38152
13659	38153
13660	38154
13673	38155
13686	38156
13688	38157
13690	38158
13697	38159
13715	38160
13727	38161
13728	38162
13729	38163
13732	38164
13735	38165
13752	38166
13764	38167
13765	38168
13768	38169
13774	38170
13775	38171
13780	38172
13785	38173
13786	38174
13787	38175
13789	38176
13795	38177
13797	38178
13799	38179
13805	38180
13812	38181
13817	38182
13818	38183
13822	38184
13823	38185
13826	38186
13829	38187
13831	38188
13838	38189
13853	38190
13860	38191
13862	38192
13863	38193
13868	38194
13874	38195
13885	38196
13889	38197
13891	38198
13892	38199
13894	38200
13900	38201
13901	38202
13902	38203
13904	38204
13917	38205
13924	38206
13926	38207
13928	38208
13929	38209
13932	38210
13938	38211
13955	38212
13956	38213
13979	38214
13986	38215
13987	38216
13993	38217
13996	38218
13997	38219
14000	38220
14014	38221
14016	38222
14020	38223
14021	38224
14027	38225
14030	38226
14032	38227
14034	38228
14036	38229
14037	38230
14043	38231
14047	38232
14051	38233
14052	38234
14053	38235
14055	38236
14057	38237
14070	38238
14072	38239
14074	38240
14077	38241
14080	38242
14087	38243
14099	38244
14104	38245
14106	38246
14116	38247
14120	38248
14129	38249
14144	38250
14148	38251
14150	38252
14154	38253
14156	38254
14166	38255
14178	38256
14181	38257
14185	38258
14197	38259
14200	38260
14203	38261
14215	38262
14221	38263
14225	38264
14227	38265
14237	38266
14238	38267
14246	38268
14247	38269
14256	38270
14259	38271
14286	38272
14287	38273
14289	38274
14291	38275
14294	38276
14300	38277
14301	38278
14304	38279
14316	38280
14317	38281
14331	38282
14332	38283
14337	38284
14350	38285
14351	38286
14354	38287
14358	38288
14359	38289
14362	38290
14366	38291
14374	38292
14376	38293
14377	38294
14385	38295
14388	38296
14391	38297
14392	38298
14394	38299
14407	38300
14416	38301
14421	38302
14433	38303
14435	38304
14437	38305
14442	38306
14444	38307
14451	38308
14454	38309
14457	38310
14466	38311
14470	38312
14471	38313
14478	38314
14480	38315
14486	38316
14487	38317
14493	38318
14495	38319
14501	38320
14506	38321
14521	38322
14522	38323
14527	38324
14532	38325
14538	38326
14539	38327
14540	38328
14544	38329
14546	38330
14548	38331
14550	38332
14552	38333
14563	38334
14570	38335
14575	38336
14576	38337
14586	38338
14587	38339
14604	38340
14613	38341
14615	38342
14623	38343
14628	38344
14632	38345
14634	38346
14635	38347
14643	38348
14646	38349
14647	38350
14652	38351
14653	38352
14659	38353
14662	38354
14663	38355
14669	38356
14672	38357
14678	38358
14689	38359
14690	38360
14697	38361
14704	38362
14714	38363
14715	38364
14717	38365
14719	38366
14731	38367
14734	38368
14738	38369
14747	38370
14761	38371
14763	38372
14766	38373
14767	38374
14771	38375
14781	38376
14783	38377
14784	38378
14785	38379
14788	38380
14792	38381
14799	38382
14808	38383
14815	38384
14825	38385
14827	38386
14829	38387
14837	38388
14840	38389
14844	38390
14853	38391
14856	38392
14857	38393
14863	38394
14869	38395
14870	38396
14872	38397
14873	38398
14877	38399
14879	38400
14881	38401
14886	38402
14888	38403
14902	38404
14908	38405
14911	38406
14913	38407
14923	38408
14924	38409
14933	38410
14936	38411
14938	38412
14939	38413
14940	38414
14948	38415
14953	38416
14956	38417
14958	38418
14960	38419
14966	38420
14972	38421
14984	38422
14988	38423
14997	38424
15003	38425
15007	38426
15010	38427
15016	38428
15020	38429
15023	38430
15025	38431
15026	38432
15039	38433
15046	38434
15050	38435
15053	38436
15057	38437
15061	38438
15068	38439
15073	38440
15075	38441
15076	38442
15084	38443
15088	38444
15089	38445
15092	38446
15095	38447
15106	38448
15109	38449
15110	38450
15112	38451
15116	38452
15117	38453
15121	38454
15139	38455
15142	38456
15151	38457
15152	38458
15153	38459
15157	38460
15161	38461
15174	38462
15180	38463
15186	38464
15200	38465
15220	38466
15221	38467
15232	38468
15234	38469
15239	38470
15240	38471
15247	38472
15248	38473
15262	38474
15267	38475
15270	38476
15275	38477
15285	38478
15286	38479
15299	38480
15305	38481
15308	38482
15310	38483
15311	38484
15322	38485
15323	38486
15329	38487
15330	38488
15332	38489
15336	38490
15340	38491
15356	38492
15360	38493
15361	38494
15363	38495
15367	38496
15370	38497
15383	38498
15385	38499
15386	38500
15390	38501
15392	38502
15403	38503
15413	38504
15416	38505
15420	38506
15429	38507
15435	38508
15448	38509
15451	38510
15452	38511
15455	38512
15456	38513
15457	38514
15467	38515
15477	38516
15478	38517
15485	38518
15486	38519
15496	38520
15498	38521
15504	38522
15510	38523
15511	38524
15512	38525
15517	38526
15525	38527
15530	38528
15537	38529
15543	38530
15553	38531
15556	38532
15561	38533
15566	38534
15569	38535
15570	38536
15573	38537
15576	38538
15583	38539
15589	38540
15593	38541
15597	38542
15600	38543
15602	38544
15604	38545
15606	38546
15619	38547
15629	38548
15643	38549
15647	38550
15651	38551
15653	38552
15655	38553
15667	38554
15674	38555
15680	38556
15685	38557
15687	38558
15691	38559
15692	38560
15695	38561
15696	38562
15699	38563
15704	38564
15706	38565
15716	38566
15719	38567
15733	38568
15745	38569
15748	38570
15751	38571
15761	38572
15762	38573
15764	38574
15765	38575
15766	38576
15773	38577
15776	38578
15779	38579
15781	38580
15783	38581
15785	38582
15807	38583
15810	38584
15812	38585
15815	38586
15819	38587
15821	38588
15823	38589
15829	38590
15831	38591
15832	38592
15833	38593
15834	38594
15837	38595
15846	38596
15857	38597
15864	38598
15872	38599
15879	38600
15910	38601
15916	38602
15938	38603
15953	38604
15956	38605
15960	38606
15963	38607
15966	38608
15975	38609
15980	38610
15985	38611
15990	38612
15991	38613
16004	38614
16006	38615
16007	38616
16009	38617
16012	38618
16013	38619
16015	38620
16018	38621
16024	38622
16033	38623
16046	38624
16048	38625
16053	38626
16054	38627
16064	38628
16066	38629
16068	38630
16073	38631
16087	38632
16090	38633
16091	38634
16099	38635
16107	38636
16111	38637
16119	38638
16130	38639
16135	38640
16145	38641
16150	38642
16151	38643
16159	38644
16161	38645
16164	38646
16165	38647
16175	38648
16189	38649
16190	38650
16192	38651
16199	38652
16212	38653
16215	38654
16228	38655
16229	38656
16237	38657
16238	38658
16243	38659
16244	38660
16254	38661
16261	38662
16264	38663
16269	38664
16271	38665
16275	38666
16283	38667
16286	38668
16290	38669
16292	38670
16296	38671
16311	38672
16313	38673
16325	38674
16329	38675
16334	38676
16336	38677
16341	38678
16345	38679
16354	38680
16356	38681
16358	38682
16382	38683
16398	38684
16403	38685
16407	38686
16409	38687
16415	38688
16428	38689
16436	38690
16440	38691
16441	38692
16444	38693
16457	38694
16459	38695
16467	38696
16475	38697
16481	38698
16494	38699
16495	38700
16497	38701
16501	38702
16512	38703
16513	38704
16522	38705
16524	38706
16530	38707
16538	38708
16541	38709
16555	38710
16556	38711
16557	38712
16558	38713
16570	38714
16572	38715
16576	38716
16591	38717
16595	38718
16596	38719
16599	38720
16600	38721
16601	38722
16603	38723
16606	38724
16611	38725
16614	38726
16620	38727
16622	38728
16625	38729
16627	38730
16643	38731
16652	38732
16654	38733
16656	38734
16659	38735
16660	38736
16663	38737
16667	38738
16668	38739
16671	38740
16674	38741
16681	38742
16689	38743
16691	38744
16700	38745
16705	38746
16708	38747
16710	38748
16712	38749
16716	38750
16732	38751
16749	38752
16752	38753
16754	38754
16755	38755
16758	38756
16769	38757
16770	38758
16775	38759
16777	38760
16780	38761
16787	38762
16790	38763
16801	38764
16805	38765
16810	38766
16812	38767
16821	38768
16826	38769
16833	38770
16835	38771
16848	38772
16852	38773
16853	38774
16854	38775
16855	38776
16860	38777
16864	38778
16869	38779
16873	38780
16877	38781
16883	38782
16887	38783
16891	38784
16903	38785
16905	38786
16908	38787
16911	38788
16922	38789
16924	38790
16931	38791
16932	38792
16934	38793
16938	38794
16946	38795
16953	38796
16961	38797
16962	38798
16964	38799
16967	38800
16974	38801
16975	38802
16976	38803
16981	38804
16987	38805
16993	38806
17004	38807
17008	38808
17011	38809
17018	38810
17019	38811
17020	38812
17022	38813
17025	38814
17035	38815
17044	38816
17049	38817
17054	38818
17057	38819
17058	38820
17061	38821
17068	38822
17072	38823
17074	38824
17077	38825
17079	38826
17082	38827
17088	38828
17109	38829
17110	38830
17127	38831
17146	38832
17149	38833
17153	38834
17154	38835
17159	38836
17166	38837
17167	38838
17170	38839
17171	38840
17187	38841
17189	38842
17190	38843
17200	38844
17203	38845
17210	38846
17216	38847
17220	38848
17226	38849
17229	38850
17230	38851
17231	38852
17233	38853
17238	38854
17239	38855
17240	38856
17241	38857
17243	38858
17246	38859
17251	38860
17255	38861
17259	38862
17264	38863
17274	38864
17275	38865
17277	38866
17280	38867
17282	38868
17284	38869
17289	38870
17290	38871
17317	38872
17318	38873
17321	38874
17343	38875
17345	38876
17351	38877
17353	38878
17360	38879
17384	38880
17391	38881
17392	38882
17408	38883
17409	38884
17412	38885
17420	38886
17428	38887
17429	38888
17433	38889
17436	38890
17437	38891
17442	38892
17445	38893
17451	38894
17457	38895
17479	38896
17487	38897
17498	38898
17499	38899
17507	38900
17508	38901
17517	38902
17524	38903
17526	38904
17529	38905
17536	38906
17547	38907
17561	38908
17566	38909
17570	38910
17573	38911
17581	38912
17583	38913
17588	38914
17590	38915
17597	38916
17598	38917
17601	38918
17602	38919
17604	38920
17611	38921
17618	38922
17619	38923
17623	38924
17629	38925
17631	38926
17634	38927
17640	38928
17643	38929
17645	38930
17651	38931
17652	38932
17654	38933
17656	38934
17659	38935
17663	38936
17666	38937
17671	38938
17678	38939
17691	38940
17694	38941
17698	38942
17708	38943
17715	38944
17721	38945
17726	38946
17728	38947
17729	38948
17732	38949
17733	38950
17740	38951
17746	38952
17750	38953
17751	38954
17758	38955
17764	38956
17771	38957
17775	38958
17777	38959
17794	38960
17806	38961
17808	38962
17813	38963
17815	38964
17820	38965
17830	38966
17832	38967
17837	38968
17846	38969
17853	38970
17865	38971
17869	38972
17872	38973
17874	38974
17894	38975
17899	38976
17900	38977
17901	38978
17902	38979
17903	38980
17907	38981
17913	38982
17915	38983
17935	38984
17943	38985
17945	38986
17951	38987
17958	38988
17961	38989
17963	38990
17966	38991
17968	38992
17973	38993
17974	38994
17977	38995
17978	38996
17982	38997
17986	38998
17996	38999
18005	39000
18008	39001
18010	39002
18017	39003
18023	39004
18027	39005
18029	39006
18030	39007
18036	39008
18040	39009
18041	39010
18044	39011
18045	39012
18050	39013
18062	39014
18066	39015
18071	39016
18074	39017
18076	39018
18089	39019
18090	39020
18098	39021
18099	39022
18121	39023
18127	39024
18134	39025
18135	39026
18140	39027
18143	39028
18157	39029
18159	39030
18161	39031
18164	39032
18166	39033
18170	39034
18181	39035
18182	39036
18186	39037
18187	39038
18194	39039
18197	39040
18201	39041
18205	39042
18210	39043
18213	39044
18214	39045
18222	39046
18227	39047
18229	39048
18230	39049
18233	39050
18240	39051
18251	39052
18257	39053
18260	39054
18261	39055
18267	39056
18268	39057
18276	39058
18281	39059
18282	39060
18286	39061
18288	39062
18299	39063
18300	39064
18316	39065
18318	39066
18321	39067
18323	39068
18336	39069
18343	39070
18345	39071
18346	39072
18350	39073
18359	39074
18362	39075
18366	39076
18367	39077
18377	39078
18387	39079
18391	39080
18396	39081
18399	39082
18403	39083
18415	39084
18422	39085
18423	39086
18434	39087
18436	39088
18438	39089
18440	39090
18451	39091
18453	39092
18455	39093
18465	39094
18468	39095
18469	39096
18473	39097
18478	39098
18481	39099
18485	39100
18498	39101
18502	39102
18511	39103
18519	39104
18529	39105
18532	39106
18533	39107
18541	39108
18551	39109
18553	39110
18558	39111
18563	39112
18567	39113
18592	39114
18596	39115
18598	39116
18606	39117
18607	39118
18610	39119
18612	39120
18627	39121
18628	39122
18630	39123
18632	39124
18634	39125
18639	39126
18641	39127
18642	39128
18650	39129
18661	39130
18665	39131
18666	39132
18667	39133
18668	39134
18669	39135
18671	39136
18676	39137
18677	39138
18692	39139
18696	39140
18697	39141
18701	39142
18703	39143
18705	39144
18706	39145
18712	39146
18721	39147
18722	39148
18723	39149
18725	39150
18730	39151
18738	39152
18739	39153
18747	39154
18748	39155
18750	39156
18754	39157
18755	39158
18767	39159
18780	39160
18788	39161
18797	39162
18798	39163
18801	39164
18806	39165
18811	39166
18822	39167
18828	39168
18829	39169
18833	39170
18848	39171
18865	39172
18867	39173
18870	39174
18872	39175
18876	39176
18879	39177
18882	39178
18884	39179
18885	39180
18896	39181
18898	39182
18921	39183
18923	39184
18926	39185
18927	39186
18929	39187
18931	39188
18933	39189
18935	39190
18942	39191
18951	39192
18955	39193
18956	39194
18967	39195
18970	39196
18987	39197
18991	39198
18994	39199
19004	39200
19009	39201
19014	39202
19015	39203
19029	39204
19032	39205
19034	39206
19035	39207
19054	39208
19057	39209
19060	39210
19066	39211
19074	39212
19076	39213
19081	39214
19083	39215
19090	39216
19094	39217
19099	39218
19102	39219
19106	39220
19108	39221
19112	39222
19113	39223
19117	39224
19118	39225
19121	39226
19132	39227
19136	39228
19138	39229
19150	39230
19154	39231
19155	39232
19157	39233
19160	39234
19167	39235
19168	39236
19170	39237
19171	39238
19174	39239
19177	39240
19178	39241
19188	39242
19198	39243
19201	39244
19205	39245
19209	39246
19225	39247
19228	39248
19258	39249
19261	39250
19262	39251
19263	39252
19264	39253
19273	39254
19282	39255
19297	39256
19304	39257
19305	39258
19317	39259
19318	39260
19320	39261
19321	39262
19333	39263
19335	39264
19344	39265
19347	39266
19356	39267
19362	39268
19363	39269
19367	39270
19370	39271
19380	39272
19387	39273
19392	39274
19395	39275
19396	39276
19398	39277
19409	39278
19418	39279
19419	39280
19422	39281
19427	39282
19428	39283
19432	39284
19433	39285
19439	39286
19446	39287
19450	39288
19451	39289
19458	39290
19466	39291
19483	39292
19484	39293
19497	39294
19498	39295
19511	39296
19514	39297
19519	39298
19536	39299
19541	39300
19549	39301
19554	39302
19558	39303
19559	39304
19562	39305
19566	39306
19580	39307
19581	39308
19585	39309
19596	39310
19598	39311
19602	39312
19609	39313
19610	39314
19613	39315
19617	39316
19626	39317
19639	39318
19642	39319
19647	39320
19648	39321
19650	39322
19653	39323
19667	39324
19680	39325
19683	39326
19686	39327
19693	39328
19694	39329
19699	39330
19708	39331
19710	39332
19713	39333
19715	39334
19724	39335
19737	39336
19746	39337
19747	39338
19751	39339
19752	39340
19759	39341
19762	39342
19765	39343
19768	39344
20015	39345
20301	39346
20383	39347
20448	39348
20508	39349
20915	39350
21307	39351
21358	39352
21593	39353
21740	39354
21760	39355
21801	39356
21917	39357
22302	39358
22303	39359
22312	39360
22326	39361
22330	39362
22332	39363
22333	39364
22334	39365
22336	39366
22340	39367
22342	39368
22348	39369
22350	39370
22352	39371
22360	39372
22362	39373
22363	39374
22366	39375
22381	39376
22383	39377
22387	39378
22390	39379
22396	39380
22406	39381
22409	39382
22417	39383
22422	39384
22424	39385
22425	39386
22432	39387
22439	39388
22442	39389
22448	39390
22450	39391
22457	39392
22460	39393
22463	39394
22477	39395
22482	39396
22486	39397
22489	39398
22491	39399
22495	39400
22510	39401
22511	39402
22516	39403
22518	39404
22521	39405
22527	39406
22530	39407
22534	39408
22535	39409
22536	39410
22540	39411
22547	39412
22553	39413
22565	39414
22566	39415
