16364
16365
16366
16367
16368
16369
16372
16374
16375
16376
16381
16382
16383
16386
16387
16389
16391
16392
16393
16394
16395
16396
16398
16399
16400
16402
16403
16404
16405
16406
16407
16408
16409
16412
16414
16415
16417
16419
16420
16421
16422
16423
16428
16429
16430
16431
16432
16433
16434
16435
16436
16437
16438
16439
16440
16441
16442
16443
16444
16446
16448
16449
16450
16451
16452
16453
16455
16456
16457
16459
16461
16463
16464
16465
16467
16468
16470
16471
16473
16475
16476
16477
16479
16480
16481
16482
16483
16484
16485
16486
16487
16488
16490
16491
16492
16494
16495
16497
16498
16499
16500
16501
16502
16503
16504
16505
16506
16507
16508
16509
16510
16512
16513
16514
16516
16519
16521
16522
16523
16524
16526
16527
16528
16529
16530
16533
16534
16535
16536
16537
16538
16539
16540
16541
16542
16543
16547
16549
16550
16551
16555
16556
16557
16558
16559
16560
16562
16564
16566
16568
16570
16571
16572
16573
16574
16575
16576
16577
16578
16579
16580
16581
16582
16586
16587
16588
16589
16591
16593
16594
16595
16596
16598
16599
16600
16601
16602
16603
16605
16606
16607
16609
16610
16611
16613
16614
16615
16617
16618
16620
16622
16623
16624
16625
16626
16627
16629
16631
16632
16633
16634
16635
16636
16639
16640
16643
16644
16646
16647
16648
16649
16650
16652
16654
16655
16656
16657
16659
16660
16661
16662
16663
16664
16666
16667
16668
16669
16671
16672
16674
16677
16680
16681
16682
16683
16684
16685
16686
16688
16689
16690
16691
16695
16696
16699
16700
16702
16703
16704
16705
16706
16708
16710
16711
16712
16713
16715
16716
16717
16718
16719
16721
16724
16727
16728
16729
16730
16732
16734
16735
16737
16738
16739
16745
16746
16747
16748
16749
16752
16754
16755
16756
16758
16762
16763
16764
16767
16768
16769
16770
16771
16773
16774
16775
16776
16777
16778
16779
16780
16783
16784
16786
16787
16789
16790
16791
16792
16793
16794
16796
16798
16799
16801
16802
16805
16807
16808
16809
16810
16811
16812
16814
16815
16817
16818
16820
16821
16824
16826
16827
16829
16833
16834
16835
16836
16837
16838
16839
16840
16843
16845
16847
16848
16850
16851
16852
16853
16854
16855
16857
16859
16860
16861
16862
16863
16864
16865
16868
16869
16870
16873
16874
16875
16877
16878
16880
16881
16883
16884
16886
16887
16888
16889
16890
16891
16892
16895
16896
16900
16903
16904
16905
16906
16907
16908
16909
16911
16913
16915
16916
16919
16920
16922
16923
16924
16925
16926
16927
16928
16929
16931
16932
16934
16936
16937
16938
16939
16940
16941
16944
16945
16946
16947
16948
16949
16953
16954
16955
16958
16959
16960
16961
16962
16963
16964
16967
16968
16969
16970
16972
16974
16975
16976
16977
16980
16981
16982
16983
16986
16987
16988
16989
16990
16991
16992
16993
16994
16997
16998
17000
17004
17005
17006
17008
17010
17011
17015
17017
17018
17019
17020
17021
17022
17024
17025
17026
17030
17032
17033
17035
17036
17039
17041
17043
17044
17045
17046
17047
17048
17049
17050
17051
17053
17054
17057
17058
17059
17060
17061
17062
17064
17066
17067
17068
17069
17070
17071
17072
17073
17074
17075
17076
17077
17079
17082
17083
17086
17088
17090
17094
17095
17096
17097
17098
17100
17101
17102
17104
17105
17106
17107
17109
17110
17111
17112
17113
17116
17117
17118
17119
17123
17124
17125
17126
17127
17129
17130
17131
17132
17133
17135
17136
17138
17140
17141
17142
17143
17145
17146
17147
17149
17150
17152
17153
17154
17155
17157
17159
17160
17161
17162
17163
17164
17165
17166
17167
17168
17169
17170
17171
17172
17173
17174
17175
17177
17178
17179
17180
17181
17182
17183
17184
17186
17187
17188
17189
17190
17191
17194
17195
17197
17198
17199
17200
17202
17203
17205
17206
17208
17209
17210
17211
17216
17218
17220
17221
17223
17224
17225
17226
17227
17228
17229
17230
17231
17233
17234
17235
17236
17237
17238
17239
17240
17241
17243
17244
17245
17246
17248
17250
17251
17252
17253
17254
17255
17256
17258
17259
17260
17264
17265
17266
17267
17268
17269
17271
17272
17274
17275
17277
17278
17279
17280
17281
17282
17283
17284
17287
17288
17289
17291
17292
17293
17294
17295
17296
17297
17300
17302
17304
17308
17310
17311
17312
17313
17315
17316
17317
17318
17321
17322
17323
17325
17326
17327
17329
17330
17331
17333
17334
17335
17336
17339
17340
17341
17342
17343
17344
17345
17346
17348
17349
17351
17352
17353
17354
17355
17357
17358
17360
17361
17362
17363
17364
17365
17366
17367
17368
17373
17375
17379
17381
17382
17383
17384
17385
17387
17388
17389
17390
17391
17392
17394
17395
17396
17397
17398
17399
17400
17404
17405
17408
17409
17410
17412
17414
17415
17416
17420
17421
17422
17425
17428
17429
17431
17432
17433
17435
17436
17437
17438
17439
17440
17442
17445
17447
17448
17450
17451
17452
17453
17454
17456
17457
17458
17460
17464
17465
17466
17473
17474
17476
17477
17478
17479
17482
17483
17485
17486
17487
17488
17489
17491
17492
17493
17495
17497
17498
17499
17500
17501
17502
17503
17504
17507
17508
17509
17511
17512
17516
17517
17518
17519
17522
17523
17524
17526
17528
17529
17531
17533
17534
17535
17536
17537
17539
17541
17542
17543
17544
17545
17546
17547
17548
17549
17551
17552
17553
17556
17557
17561
17562
17564
17565
17566
17567
17568
17569
17570
17571
17572
17573
17575
17576
17577
17578
17579
17581
17583
17584
17588
17589
17590
17591
17592
17594
17595
17596
17597
17598
17600
17601
17602
17603
17604
17606
17608
17609
17610
17611
17614
17615
17616
17618
17619
17620
17621
17623
17625
17627
17628
17629
17630
17631
17632
17633
17634
17637
17638
17639
17640
17641
17642
17643
17644
17645
17646
17651
17652
17654
17656
17657
17659
17660
17661
17663
17664
17666
17667
17668
17669
17670
17671
17674
17675
17676
17677
17678
17679
17680
17682
17683
17684
17685
17686
17687
17691
17692
17693
17694
17695
17698
17699
17700
17701
17702
17704
17705
17707
17708
17709
17711
17715
17717
17718
17720
17721
17722
17723
17724
17725
17726
17728
17729
17730
17732
17733
17734
17736
17737
17739
17740
17741
17744
17745
17746
17747
17748
17749
17750
17751
17752
17753
17754
17755
17756
17757
17758
17760
17761
17762
17763
17764
17766
17767
17768
17769
17770
17771
17772
17773
17774
17775
17777
17779
17780
17781
17782
17783
17785
17787
17788
17789
17790
17791
17793
17794
17798
17799
17800
17801
17803
17805
17806
17808
17809
17810
17812
17813
17815
17818
17819
17820
17821
17822
17823
17824
17825
17826
17827
17828
17829
17830
17832
17833
17834
17835
17836
17837
17839
17840
17844
17845
17846
17847
17848
17849
17850
17851
17852
17853
17855
17856
17857
17858
17859
17860
17862
17863
17865
17866
17867
17868
17869
17870
17871
17872
17874
17878
17879
17882
17883
17884
17888
17890
17893
17894
17895
17896
17898
17899
17900
17901
17902
17903
17904
17905
17906
17907
17908
17909
17910
17912
17913
17914
17915
17918
17922
17923
17924
17926
17928
17929
17930
17931
17933
17934
17935
17937
17939
17942
17943
17945
17946
17947
17948
17949
17951
17954
17955
17957
17958
17959
17961
17963
17965
17966
17967
17968
17969
17971
17972
17973
17974
17975
17977
17978
17979
17982
17983
17984
17985
17986
17988
17989
17990
17991
17993
17994
17995
17996
17997
17998
17999
18000
18001
18002
18004
18005
18006
18007
18008
18009
18010
18011
18012
18013
18014
18015
18016
18017
18020
18022
18023
18024
18025
18026
18027
18028
18029
18030
18033
18035
18036
18037
18038
18039
18040
18041
18043
18044
18045
18048
18049
18050
18051
18053
18054
18055
18057
18059
18060
18061
18062
18064
18065
18066
18067
18068
18071
18072
18073
18075
18076
18077
18079
18081
18082
18083
18084
18085
18086
18087
18088
18089
18090
18091
18093
18094
18095
18096
18097
18098
18099
18100
18101
18102
18103
18104
18105
18107
18109
18112
18113
18114
18115
18116
18117
18120
18121
18123
18125
18127
18128
18129
18130
18131
18133
18134
18135
18137
18138
18139
18140
18143
18144
18146
18147
18148
18150
18152
18153
18155
18156
18157
18158
18159
18160
18161
18163
18164
18166
18169
18170
18172
18174
18175
18176
18177
18181
18182
18184
18186
18187
18188
18189
18190
18191
18193
18194
18195
18196
18197
18198
18201
18202
18204
18205
18206
18207
18210
18211
18212
18213
18214
18216
18217
18218
18219
18222
18223
18224
18225
18226
18227
18229
18230
18231
18232
18233
18234
18236
18238
18239
18240
18244
18245
18246
18248
18249
18250
18251
18253
18254
18255
18257
18258
18259
18260
18261
18263
18264
18266
18267
18268
18269
18270
18271
18273
18275
18276
18277
18278
18281
18282
18283
18286
18287
18288
18290
18291
18292
18293
18294
18295
18299
18300
18303
18304
18305
18306
18309
18311
18312
18313
18315
18316
18317
18318
18319
18320
18321
18323
18324
18326
18327
18329
18330
18331
18332
18333
18334
18335
18336
18337
18339
18340
18343
18345
18346
18347
18348
18350
18353
18355
18356
18358
18359
18360
18361
18362
18364
18365
18366
18367
18368
18370
18374
18377
18378
18379
18381
18382
18384
18385
18386
18387
18388
18389
18391
18392
18393
18396
18397
18398
18399
18400
18402
18403
18407
18408
18409
18410
18411
18414
18415
18417
18418
18419
18422
18423
18424
18426
18427
18428
18429
18430
18431
18432
18434
18435
18436
18438
18440
18441
18443
18444
18445
18447
18449
18451
18452
18453
18455
18459
18460
18461
18463
18465
18466
18467
18468
18469
18470
18473
18474
18475
18476
18478
18479
18481
18482
18483
18485
18486
18487
18488
18491
18494
18495
18496
18497
18498
18500
18501
18502
18503
18505
18506
18509
18510
18511
18512
18513
18514
18515
18516
18517
18518
18519
18520
18521
18524
18525
18527
18528
18529
18531
18532
18533
18535
18536
18539
18540
18541
18542
18543
18545
18546
18549
18551
18552
18553
18555
18557
18558
18559
18560
18561
18562
18563
18564
18565
18566
18567
18568
18569
18571
18572
18573
18574
18577
18578
18581
18582
18584
18585
18587
18588
18589
18591
18592
18593
18595
18596
18598
18599
18601
18604
18605
18606
18607
18608
18610
18611
18612
18613
18614
18619
18620
18621
18625
18626
18627
18628
18629
18630
18631
18632
18634
18635
18636
18637
18639
18640
18641
18642
18643
18644
18645
18646
18647
18649
18650
18651
18652
18654
18656
18658
18659
18661
18662
18664
18665
18666
18667
18668
18669
18670
18671
18673
18676
18677
18679
18681
18682
18683
18686
18687
18688
18689
18691
18692
18693
18694
18695
18696
18697
18698
18700
18701
18702
18703
18705
18706
18707
18709
18710
18712
18713
18714
18717
18718
18720
18721
18722
18723
18724
18725
18726
18727
18728
18730
18731
18733
18735
18737
18738
18739
18741
18742
18743
18744
18747
18748
18749
18750
18752
18753
18754
18755
18756
18757
18759
18760
18761
18762
18765
18767
18770
18771
18772
18775
18776
18777
18779
18780
18783
18784
18786
18787
18788
18789
18790
18792
18796
18797
18798
18800
18801
18802
18803
18804
18806
18807
18809
18810
18811
18813
18814
18815
18816
18817
18820
18821
18822
18824
18826
18827
18828
18829
18830
18831
18832
18833
18835
18839
18840
18841
18842
18843
18844
18846
18847
18848
18849
18851
18852
18854
18856
18857
18858
18860
18862
18865
18866
18867
18868
18869
18870
18871
18872
18874
18876
18879
18882
18883
18884
18885
18886
18887
18889
18890
18893
18894
18896
18897
18898
18899
18900
18905
18906
18907
18908
18909
18910
18911
18912
18913
18916
18917
18919
18920
18921
18922
18923
18925
18926
18927
18928
18929
18930
18931
18932
18933
18934
18935
18936
18937
18938
18939
18940
18942
18946
18948
18949
18950
18951
18952
18953
18955
18956
18957
18959
18960
18961
18962
18963
18964
18966
18967
18968
18969
18970
18971
18972
18980
18982
18983
18985
18986
18987
18988
18989
18991
18993
18994
18996
18997
18999
19001
19002
19003
19004
19006
19007
19009
19011
19013
19014
19015
19016
19017
19018
19019
19020
19023
19024
19025
19027
19028
19029
19030
19032
19033
19034
19035
19036
19037
19038
19040
19042
19044
19045
19046
19047
19048
19049
19050
19052
19054
19055
19057
19058
19060
19061
19062
19063
19064
19065
19066
19068
19069
19070
19071
19073
19074
19075
19076
19077
19080
19081
19082
19083
19084
19085
19086
19087
19089
19090
19092
19093
19094
19095
19098
19099
19100
19102
19103
19104
19106
19107
19108
19109
19111
19112
19113
19114
19115
19116
19117
19118
19119
19120
19121
19122
19123
19126
19128
19129
19131
19132
19133
19134
19135
19136
19137
19138
19140
19141
19143
19144
19146
19147
19148
19149
19150
19151
19152
19154
19155
19157
19158
19160
19162
19163
19164
19165
19167
19168
19170
19171
19172
19174
19177
19180
19181
19183
19184
19186
19187
19188
19190
19192
19194
19196
19197
19198
19200
19201
19203
19204
19205
19206
19207
19208
19209
19211
19214
19215
19216
19217
19218
19219
19221
19222
19223
19224
19225
19226
19227
19228
19229
19230
19231
19232
19233
19234
19235
19236
19238
19239
19241
19242
19243
19245
19249
19252
19254
19256
19258
19261
19262
19263
19264
19265
19267
19268
19269
19270
19272
19273
19277
19279
19281
19282
19283
19285
19287
19288
19289
19290
19292
19293
19296
19297
19298
19299
19302
19303
19304
19305
19309
19310
19311
19312
19313
19314
19315
19316
19317
19318
19319
19320
19321
19324
19327
19328
19330
19331
19333
19335
19338
19340
19341
19343
19344
19347
19349
19350
19352
19353
19354
19356
19360
19361
19362
19363
19365
19366
19367
19368
19370
19371
19372
19373
19374
19377
19379
19380
19381
19382
19383
19386
19387
19388
19389
19391
19392
19394
19395
19396
19397
19398
19401
19402
19403
19404
19405
19406
19407
19409
19410
19412
19414
19415
19416
19417
19418
19419
19420
19421
19422
19424
19427
19428
19429
19430
19431
19432
19433
19435
19436
19437
19438
19439
19440
19441
19443
19446
19448
19449
19450
19451
19452
19454
19455
19456
19457
19458
19460
19463
19464
19465
19466
19467
19469
19471
19473
19474
19475
19477
19479
19481
19482
19483
19484
19485
19487
19489
19490
19491
19492
19493
19495
19496
19497
19498
19499
19504
19505
19507
19509
19510
19511
19512
19513
19514
19516
19517
19518
19519
19520
19522
19524
19525
19528
19529
19530
19531
19533
19534
19535
19536
19537
19540
19541
19542
19543
19544
19545
19546
19549
19550
19551
19553
19554
19557
19558
19559
19560
19561
19562
19563
19564
19565
19566
19567
19572
19573
19574
19575
19576
19578
19579
19580
19581
19582
19585
19587
19589
19590
19594
19595
19596
19597
19598
19599
19600
19601
19602
19604
19605
19607
19609
19610
19611
19612
19613
19614
19617
19618
19619
19620
19621
19622
19624
19626
19629
19630
19634
19635
19636
19637
19638
19639
19640
19642
19644
19645
19647
19648
19650
19652
19653
19654
19655
19656
19657
19659
19660
19662
19665
19667
19668
19670
19674
19675
19676
19677
19678
19679
19680
19682
19683
19684
19686
19687
19688
19691
19693
19694
19696
19697
19698
19699
19700
19701
19702
19704
19705
19706
19708
19709
19710
19711
19712
19713
19714
19715
19717
19718
19719
19721
19722
19723
19724
19726
19727
19728
19730
19731
19732
19733
19734
19735
19736
19737
19738
19739
19740
19741
19742
19743
19746
19747
19748
19749
19751
19752
19754
19756
19758
19759
19760
19761
19762
19763
19765
19766
19767
19768
19770
19771
19773
19774
19775
19778
19779
19780
19781
19782
19783
19784
19785
19786
19787
19788
19789
19791
19792
19794
19795
19797
19799
19800
19803
19804
19805
19811
19813
19814
19816
19817
19818
19819
19821
19823
19824
19825
19827
19828
19829
19830
19834
19835
19836
19839
19842
19843
19844
19846
19849
19852
19853
19854
19855
19856
19857
19858
19859
19860
19861
19863
19864
19866
19867
19868
19869
19871
19872
19873
19874
19875
19876
19877
19881
19882
19884
19885
19887
19888
19890
19891
19893
19895
19897
19899
19900
19901
19902
19903
19906
19908
19909
19910
19911
19912
19913
19914
19916
19917
19918
19919
19920
19922
19923
19924
19925
19927
19928
19929
19931
19934
19935
19936
19938
19942
19945
19947
19949
19950
19951
19953
19954
19959
19960
19961
19962
19963
19966
19967
19968
19969
19970
19972
19973
19974
19975
19976
19977
19978
19979
19981
19982
19983
19985
19986
19987
19989
19990
19991
19992
19993
19994
19995
19996
19997
19998
19999
20000
20002
20003
20004
20007
20008
20009
20010
20011
20013
20014
20015
20016
20017
20018
20019
20021
20022
20024
20026
20027
20029
20031
20036
20038
20039
20040
20042
20044
20045
20046
20048
20050
20052
20053
20054
20055
20056
20057
20058
20059
20062
20063
20064
20065
20066
20069
20070
20071
20073
20074
20075
20076
20077
20078
20080
20083
20084
20087
20088
20089
20090
20091
20093
20095
20098
20100
20101
20102
20103
20105
20106
20107
20108
20109
20112
20114
20115
20118
20119
20121
20122
20124
20125
20126
20128
20129
20130
20131
20132
20133
20134
20135
20136
20137
20138
20140
20141
20143
20144
20145
20146
20147
20148
20149
20150
20151
20152
20154
20155
20156
20157
20160
20163
20164
20165
20167
20169
20170
20172
20173
20174
20175
20176
20177
20178
20179
20180
20182
20183
20186
20188
20189
20192
20193
20195
20200
20201
20202
20203
20204
20206
20207
20208
20210
20211
20212
20213
20214
20215
20216
20220
20221
20222
20223
20226
20227
20228
20229
20230
20231
20232
20233
20234
20235
20236
20237
20239
20240
20241
20242
20243
20244
20245
20248
20249
20252
20253
20254
20257
20258
20259
20260
20264
20265
20268
20269
20271
20272
20273
20274
20275
20276
20277
20279
20280
20282
20285
20286
20287
20290
20292
20296
20297
20298
20301
20302
20303
20304
20305
20306
20307
20308
20309
20310
20312
20313
20314
20315
20316
20317
20318
20319
20320
20321
20322
20323
20324
20326
20328
20329
20331
20334
20335
20337
20338
20339
20340
20341
20343
20344
20345
20346
20347
20349
20350
20351
20352
20353
20356
20357
20361
20362
20365
20366
20367
20368
20370
20373
20374
20376
20377
20378
20380
20381
20382
20383
20384
20385
20388
20389
20390
20391
20392
20393
20394
20396
20397
20398
20400
20401
20402
20403
20404
20408
20409
20412
20413
20417
20418
20419
20420
20421
20422
20424
20426
20427
20430
20431
20432
20434
20435
20437
20438
20439
20440
20441
20444
20446
20447
20448
20450
20452
20453
20454
20455
20456
20458
20459
20465
20467
20470
20471
20472
20473
20474
20475
20478
20480
20481
20482
20484
20486
20488
20489
20491
20492
20493
20494
20495
20496
20497
20498
20499
20500
20501
20502
20503
20504
20506
20508
20509
20510
20511
20512
20513
20514
20515
20516
20517
20518
20520
20523
20525
20527
20528
20529
20530
20531
20532
20533
20534
20535
20536
20538
20539
20541
20542
20544
20545
20546
20547
20549
20550
20551
20552
20553
20555
20557
20558
20559
20560
20563
20564
20565
20566
20567
20570
20572
20573
20574
20579
20581
20583
20584
20585
20586
20588
20589
20590
20593
20594
20599
20600
20603
20604
20605
20606
20607
20609
20610
20612
20615
20616
20617
20618
20619
20621
20622
20627
20628
20633
20634
20636
20638
20639
20640
20641
20642
20643
20648
20649
20650
20653
20654
20655
20657
20658
20659
20660
20661
20662
20664
20665
20667
20668
20670
20672
20675
20677
20678
20679
20681
20684
20685
20686
20687
20688
20689
20692
20693
20694
20695
20696
20697
20699
20700
20701
20702
20703
20706
20707
20708
20711
20712
20716
20719
20720
20722
20723
20726
20727
20729
20731
20734
20735
20739
20740
20741
20742
20744
20745
20748
20749
20750
20751
20753
20755
20756
20758
20759
20761
20762
20763
20764
20765
20766
20768
20769
20770
20772
20773
20775
20776
20778
20779
20780
20781
20782
20783
20784
20785
20786
20788
20789
20790
20793
20794
20795
20798
20799
20800
20802
20803
20804
20805
20808
20809
20810
20812
20813
20814
20815
20816
20817
20818
20820
20821
20822
20823
20825
20827
20828
20830
20831
20832
20833
20834
20836
20837
20838
20839
20840
20841
20842
20844
20845
20847
20848
20849
20853
20854
20860
20861
20862
20863
20865
20866
20867
20868
20869
20872
20873
20874
20876
20877
20878
20880
20882
20883
20884
20885
20886
20888
20889
20890
20891
20892
20893
20894
20895
20896
20897
20898
20899
20900
20902
20907
20908
20909
20911
20912
20915
20918
20922
20926
20927
20928
20929
20931
20932
20933
20935
20938
20939
20942
20943
20944
20945
20946
20949
20950
20951
20952
20957
20960
20963
20965
20966
20967
20968
20969
20970
20975
20976
20977
20978
20979
20981
20982
20983
20984
20985
20986
20988
20989
20993
20994
20995
20996
20997
21006
21008
21009
21012
21013
21014
21016
21018
21019
21021
21022
21023
21024
21025
21027
21030
21031
21032
21033
21035
21036
21038
21040
21042
21044
21047
21048
21049
21050
21054
21055
21056
21058
21059
21060
21061
21062
21064
21065
21066
21067
21069
21070
21071
21072
21073
21075
21076
21077
21079
21080
21081
21083
21085
21086
21087
21091
21092
21096
21100
21101
21102
21103
21104
21105
21106
21107
21108
21109
21111
21113
21114
21115
21117
21120
21121
21122
21123
21124
21126
21127
21128
21129
21130
21133
21136
21137
21138
21139
21141
21145
21147
21148
21150
21151
21152
21153
21155
21156
21157
21160
21161
21162
21163
21165
21167
21168
21169
21170
21171
21174
21175
21178
21180
21181
21184
21185
21186
21188
21189
21192
21194
21195
21197
21199
21200
21202
21203
21204
21206
21208
21209
21210
21211
21212
21215
21216
21217
21218
21219
21220
21221
21222
21223
21226
21227
21228
21229
21230
21232
21233
21235
21236
21239
21241
21242
21243
21244
21247
21248
21249
21251
21252
21253
21255
21257
21258
21262
21263
21265
21266
21270
21272
21273
21274
21276
21277
21278
21279
21281
21282
21283
21284
21286
21290
21291
21292
21294
21296
21297
21300
21301
21303
21305
21307
21308
21309
21310
21311
21312
21313
21315
21316
21319
21320
21321
21322
21323
21324
21325
21326
21327
21329
21331
21332
21334
21336
21337
21339
21341
21342
21346
21347
21348
21350
21351
21352
21353
21355
21358
21360
21362
21364
21365
21370
21371
21372
21375
21376
21378
21379
21383
21384
21385
21386
21387
21388
21390
21391
21392
21394
21395
21396
21398
21399
21402
21406
21407
21409
21410
21411
21412
21414
21417
21420
21426
21430
21435
21437
21438
21440
21441
21442
21443
21444
21445
21446
21447
21448
21451
21452
21453
21455
21458
21460
21461
21464
21468
21473
21475
21476
21477
21478
21479
21480
21481
21482
21484
21485
21486
21487
21488
21490
21491
21492
21493
21495
21496
21500
21501
21504
21507
21509
21513
21514
21516
21518
21519
21521
21522
21523
21526
21527
21528
21529
21530
21531
21532
21533
21534
21535
21536
21537
21538
21539
21541
21543
21544
21546
21547
21548
21549
21550
21553
21554
21555
21556
21558
21559
21562
21564
21566
21568
21569
21574
21575
21576
21577
21578
21581
21582
21584
21586
21591
21593
21594
21597
21599
21600
21601
21603
21605
21607
21608
21610
21611
21612
21613
21614
21618
21619
21621
21622
21623
21624
21626
21628
21629
21630
21632
21633
21636
21637
21638
21639
21641
21642
21643
21644
21646
21647
21649
21650
21653
21656
21657
21658
21659
21661
21663
21665
21666
21668
21669
21674
21679
21680
21681
21682
21683
21684
21685
21687
21688
21690
21692
21695
21697
21699
21700
21701
21703
21704
21710
21711
21712
21714
21715
21716
21717
21719
21720
21721
21724
21725
21726
21727
21730
21732
21733
21735
21737
21738
21739
21740
21741
21742
21744
21745
21747
21749
21750
21751
21754
21757
21759
21760
21761
21764
21765
21768
21769
21771
21774
21776
21777
21778
21780
21784
21785
21787
21788
21790
21792
21793
21794
21795
21796
21797
21798
21800
21801
21804
21806
21807
21808
21812
21813
21814
21816
21818
21819
21820
21821
21822
21823
21824
21827
21830
21832
21838
21841
21842
21844
21845
21846
21847
21848
21850
21851
21852
21854
21857
21860
21862
21864
21865
21866
21868
21869
21870
21873
21874
21876
21877
21878
21881
21882
21885
21886
21887
21888
21890
21895
21896
21897
21898
21899
21900
21903
21907
21909
21910
21912
21913
21914
21915
21916
21917
21919
21927
21928
21930
21931
21933
21934
21935
21936
21939
21941
21943
21944
21948
21949
21950
21952
21954
21955
21956
21957
21958
21959
21960
21965
21966
21969
21971
21972
21973
21976
21977
21979
21981
21982
21985
21987
21988
21989
21990
21991
21993
21995
21997
21999
22000
22003
22004
22005
22007
22009
22010
22014
22015
22016
22017
22018
22020
22022
22026
22027
22028
22030
22032
22034
22035
22036
22037
22038
22040
22042
22044
22046
22047
22048
22050
22051
22052
22057
22059
22060
22062
22063
22064
22067
22068
22070
22072
22073
22074
22075
22076
22077
22079
22080
22081
22084
22086
22089
22090
22092
22093
22094
22095
22102
22103
22105
22106
22107
22109
22110
22111
22112
22113
22115
22116
22117
22119
22120
22121
22124
22127
22129
22130
22133
22134
22135
22137
22138
22139
22141
22143
22144
22145
22146
22147
22149
22151
22152
22153
22154
22155
22156
22157
22159
22160
22163
22165
22166
22167
22168
22169
22170
22171
22176
22183
22184
22185
22186
22187
22188
22189
22190
22191
22192
22193
22195
22196
22198
22199
22201
22202
22203
22205
22206
22208
22209
22211
22213
22214
22215
22216
22219
22220
22221
22223
22224
22226
22227
22230
22231
22232
22233
22234
22235
22237
22238
22239
22240
22242
22243
22244
22245
22246
22248
22251
22254
22255
22259
22260
22262
22263
22265
22266
22268
22269
22270
22271
22273
22274
22275
22276
22278
22279
22280
22281
22282
22283
22285
22286
22287
22288
22289
22290
22291
22295
22296
22297
22299
22300
22302
22303
22304
22306
22307
22308
22309
22310
22312
22313
22317
22318
22319
22320
22322
22323
22325
22326
22327
22329
22330
22332
22333
22334
22335
22336
22337
22338
22339
22340
22341
22342
22344
22345
22346
22347
22348
22350
22351
22352
22354
22355
22356
22357
22358
22359
22360
22362
22363
22365
22366
22367
22368
22371
22373
22375
22376
22377
22380
22381
22382
22383
22384
22385
22386
22387
22388
22389
22390
22391
22392
22393
22394
22395
22396
22403
22404
22406
22409
22410
22411
22412
22413
22416
22417
22418
22421
22422
22423
22424
22425
22429
22430
22431
22432
22433
22434
22436
22437
22438
22439
22440
22441
22442
22444
22448
22449
22450
22453
22455
22456
22457
22459
22460
22461
22462
22463
22464
22465
22466
22467
22468
22469
22470
22471
22472
22473
22475
22477
22478
22480
22482
22484
22486
22487
22489
22490
22491
22492
22493
22494
22495
22497
22499
22500
22501
22504
22505
22506
22507
22510
22511
22512
22513
22516
22517
22518
22521
22522
22523
22524
22525
22527
22530
22531
22532
22533
22534
22535
22536
22538
22539
22540
22541
22542
22543
22544
22545
22546
22547
22549
22550
22552
22553
22554
22556
22558
22560
22561
22562
22563
22564
22565
22566
22567
22571
22572
22573
22574
22575
22578
22580
22581
22582
22584
22591
22592
22593
22595
22596
22597
22598
22599
22600
22601
22602
22606
22609
22610
22611
22613
22614
22620
22621
22622
22624
22625
22626
22627
22629
22630
22631
22632
22633
22634
22637
22638
22639
22640
22642
22643
22644
22645
22651
22653
22656
22657
22658
22661
22663
22665
22666
22667
22669
22670
22672
22673
22674
22675
22676
22679
22680
22682
22684
22685
22689
22691
22693
22695
22697
22698
22701
22702
22706
22709
22710
22712
22714
22716
22721
22723
22724
22725
22730
22731
22733
22734
22736
22738
22739
22740
22742
22747
22748
22749
22751
22753
22755
22756
22757
22758
22761
22763
22764
22765
22766
22767
22769
22772
22773
22774
22775
22776
22777
22778
22779
22781
22782
22783
22784
22786
22787
22788
22789
22794
22795
22796
22800
22801
22802
22804
22805
22806
22807
22811
22812
22815
22816
22817
22818
22822
22823
22824
22825
22826
22827
22828
22829
22832
22833
22834
22835
22836
22839
22840
22841
22842
22844
22847
22850
22851
22852
22853
22854
22857
22859
22860
22861
22862
22863
22864
22866
22867
22868
22870
22872
22874
22875
22877
22878
22879
22880
22882
22883
22884
22885
22886
22888
22890
22892
22893
22895
22896
22897
22898
22899
22904
22905
22907
22909
22910
22912
22913
22914
22916
22918
22922
22923
22924
22925
22926
22931
22932
22934
22935
22936
22937
22939
22940
22943
22944
22946
22947
22948
22949
22950
22951
22953
22957
22960
22961
22962
22963
22964
22965
22967
22968
22969
22973
22976
22977
22979
22980
22982
22984
22986
22987
22988
22989
22992
22995
22996
22997
23001
23002
23004
23006
23007
23008
23009
23010
23011
23012
23014
23016
23017
23019
23020
23022
23023
23025
23026
23028
23030
23031
23033
23036
23037
23038
23040
23042
23043
23046
23048
23049
23053
23054
23058
23059
23061
23062
23063
23064
23066
23068
23070
23071
23072
23073
23075
23076
23078
23080
23081
23082
23083
23084
23085
23087
23088
23089
23090
23092
23093
23094
23097
23100
23104
23105
23106
23107
23108
23110
23111
23112
23113
23114
23115
23116
23118
23120
23121
23122
23123
23124
23125
23126
23127
23128
23129
23130
23132
23133
23134
23136
23138
23139
23140
23141
23144
23145
23146
23147
23148
23149
23152
23153
23154
23157
23158
23161
23162
23163
23164
23166
23167
23169
23172
23173
23174
23177
23178
23180
23182
23186
23187
23190
23191
23192
23193
23195
23198
23199
23201
23203
23204
23205
23206
23207
23209
23211
23212
23213
23214
23215
23217
23218
23221
23223
23224
23226
23228
23229
23230
23231
23232
23233
23234
23237
23238
23240
23241
23242
23243
23246
23247
23249
23250
23251
23254
23256
23257
23258
23259
23260
23261
23263
23264
23267
23268
23269
23270
23271
23272
23275
23276
23277
23278
23279
23280
23282
23285
23286
23287
23289
23290
23291
23293
23295
23296
23297
23298
23306
23309
23312
23315
23316
23319
23321
23323
23325
23326
23328
23329
23330
23333
23334
23336
23337
23338
23341
23342
23343
23345
23347
23349
23350
23352
23353
23354
23355
23356
23357
23359
23363
23364
23365
23367
23370
23372
23376
23378
23381
23382
23383
23385
23387
23391
23392
23394
23397
23399
23402
23404
23405
23408
23409
23411
23413
23415
23417
23418
23419
23420
23422
23423
23424
23426
23427
23428
23432
23435
23439
23440
23443
23445
23448
23449
23450
23451
23452
23453
23454
23455
23458
23460
23462
23463
23464
23465
23466
23468
23469
23470
23471
23472
23473
23474
23476
23477
23479
23482
23483
23484
23485
23487
23490
23491
23492
23493
23495
23496
23500
23501
23502
23504
23505
23507
23508
23509
23511
23512
23514
23515
23518
23519
23521
23523
23524
23525
23526
23527
23528
23529
23530
23532
23533
23534
23535
23536
23537
23539
23540
23542
23543
23544
23545
23546
23549
23550
23551
23552
23553
23554
23556
23559
23560
23564
23566
23567
23568
23569
23570
23571
23572
23574
23576
23577
23578
23580
23583
23584
23585
23586
23587
23591
23592
23597
23598
23603
23604
23606
23607
23608
23609
23610
23612
23613
23614
23618
23621
23622
23623
23626
23628
23629
23630
23633
23637
23638
23641
23644
23645
23646
23647
23648
23649
23650
23651
23652
23653
23654
23655
23656
23657
23660
23664
23665
23666
23667
23669
23670
23671
23672
23673
23674
23675
23679
23680
23682
23683
23684
23685
23687
23688
23690
23691
23692
23693
23694
23696
23699
23700
23701
23703
23704
23707
23708
23710
23711
23712
23715
23716
23717
23719
23720
23721
23722
23723
23724
23725
23726
23727
23728
23729
23731
23732
23733
23736
23737
23738
23739
23742
23745
23746
23747
23748
23750
23752
23753
23758
23759
23760
23762
23763
23764
23766
23770
23771
23772
23773
23774
23776
23777
23778
23780
23781
23782
23783
23785
23786
23787
23788
23789
23790
23791
23794
23797
23801
23802
23803
23805
23806
23807
23809
23812
23813
23816
23817
23820
23821
23822
23823
23825
23826
23828
23829
23830
23831
23832
23836
23837
23840
23842
23843
23844
23845
23847
23848
23849
23850
23852
23853
23854
23856
23859
23866
23867
23868
23869
23870
23872
23873
23874
23875
23876
23877
23878
23880
23881
23883
23885
23887
23888
23891
23892
23893
23894
23897
23898
23899
23900
23901
23903
23906
23907
23908
23909
23911
23913
23914
23915
23916
23920
23921
23924
23925
23926
23928
23929
23932
23934
23936
23938
23939
23940
23941
23943
23944
23945
23947
23950
23951
23952
23954
23955
23956
23958
23959
23960
23962
23963
23965
23966
23968
23970
23972
23974
23975
23976
23977
23978
23979
23980
23981
23984
23986
23987
23988
23989
23990
23991
23994
23995
23996
23997
24001
24002
24003
24004
24005
24006
24007
24009
24012
24014
24015
24016
24018
24019
24020
24021
24022
24023
24024
24025
24028
24029
24030
24033
24035
24036
24037
24039
24041
24042
24043
24044
24045
24046
24047
24048
24050
24051
24052
24055
24057
24058
24060
24061
24063
24064
24065
24066
24067
24070
24072
24074
24075
24077
24079
24080
24083
24085
24086
24087
24088
24089
24090
24091
24092
24094
24095
24097
24098
24099
24102
24103
24104
24105
24108
24110
24111
24113
24114
24115
24116
24117
24119
24120
24122
24123
24125
24126
24127
24130
24131
24133
24134
24138
24139
24140
24141
24142
24143
24144
24145
24147
24149
24150
24151
24152
24156
24158
24161
24162
24163
24164
24165
24168
24170
24171
24172
24173
24175
24177
24178
24180
24182
24183
24185
24187
24188
24189
24190
24191
24192
24193
24194
24195
24196
24200
24201
24202
24204
24205
24206
24208
24209
24210
24211
24213
24214
24215
24218
24221
24224
24228
24229
24230
24231
24234
24235
24236
24237
24238
24239
24242
24243
24245
24247
24248
24252
24254
24255
24256
24258
24260
24261
24262
24264
24268
24270
24271
24272
24273
24274
24275
24276
24277
24278
24279
24282
24285
24286
24288
24291
24292
24293
24298
24301
24304
24305
24306
24307
24308
24310
24313
24314
24317
24318
24319
24321
24322
24324
24325
24326
24327
24328
24331
24332
24333
24334
24336
24337
24339
24340
24341
24342
24343
24344
24345
24346
24348
24350
24351
24354
24357
24359
24362
24363
24366
24367
24369
24371
24372
24373
24374
24376
24377
24378
24379
24380
24382
24384
24385
24387
24388
24390
24391
24394
24395
24397
24398
24399
24400
24401
24402
24403
24404
24405
24406
24409
24410
24411
24412
24414
24415
24416
24420
24422
24423
24424
24427
24428
24429
24430
24431
24432
24434
24436
24437
24440
24441
24442
24444
24445
24446
24447
24448
24449
24450
24451
24453
24455
24458
24459
24461
24463
24464
24465
24467
24471
24472
24475
24478
24479
24481
24484
24485
24488
24489
24490
24491
24492
24493
24494
24496
24497
24500
24501
24504
24505
24506
24507
24509
24510
24511
24512
24513
24514
24515
24517
24519
24520
24521
24522
24527
24531
24533
24534
24535
24536
24537
24538
24539
24541
24542
24543
24544
24547
24550
24552
24553
24555
24557
24558
24559
24560
24561
24562
24563
24564
24565
24567
24568
24572
24573
24574
24576
24579
24580
24581
24585
24586
24588
24591
24592
24593
24594
24595
24596
24597
24598
24599
24600
24602
24603
24605
24606
24607
24609
24611
24614
24615
24619
24620
24622
24623
24624
24626
24628
24629
24631
24633
24635
24637
24638
24639
24640
24641
24642
24643
24645
24649
24651
24652
24653
24655
24658
24659
24661
24662
24665
24667
24668
24669
24670
24672
24675
24676
24678
24679
24680
24681
24682
24683
24684
24687
24689
24690
24692
24693
24694
24695
24696
24698
24700
24703
24704
24705
24706
24708
24709
24710
24711
24712
24713
24715
24716
24719
24720
24722
24723
24724
24725
24726
24728
24730
24731
24734
24736
24737
24739
24742
24744
24747
24749
24750
24751
24752
24753
24754
24755
24756
24759
24760
24762
24763
24764
24765
24768
24769
24772
24774
24776
24777
24778
24779
24780
24782
24785
24787
24789
24792
24793
24796
24801
24804
24805
24806
24807
24809
24810
24811
24812
24813
24814
24815
24817
24818
24819
24820
24821
24822
24823
24824
24827
24829
24832
24833
24834
24835
24837
24838
24839
24840
24841
24842
24844
24845
24848
24849
24850
24851
24852
24853
24854
24855
24856
24858
24861
24862
24863
24864
24866
24868
24869
24870
24872
24873
24874
24875
24879
24880
24885
24886
24888
24889
24893
24897
24898
24899
24900
24901
24902
24903
24904
24907
24910
24911
24912
24914
24917
24919
24920
24921
24923
24924
24925
24926
24929
24932
24933
24934
24936
24937
24938
24939
24940
24941
24943
24944
24945
24948
24949
24950
24952
24954
24956
24957
24958
24960
24961
24963
24964
24965
24966
24968
24970
24972
24974
24975
24976
24977
24978
24979
24980
24982
24983
24984
24985
24989
24990
24992
24993
24995
24997
24998
24999
25000
25001
25002
25003
25004
25005
25006
25008
25010
25011
25012
25013
25015
25016
25017
25019
25021
25024
25026
25027
25028
25029
25030
25031
25036
25038
25039
25042
25044
25045
25047
25049
25050
25051
25052
25057
25058
25059
25060
25061
25062
25063
25064
25068
25069
25070
25072
25074
25075
25076
25078
25079
25080
25082
25084
25085
25086
25089
25090
25091
25092
25094
25096
25098
25101
25102
25103
25104
25106
25111
25112
25113
25115
25116
25120
25121
25123
25124
25127
25129
25130
25131
25132
25134
25136
25137
25138
25141
25142
25144
25146
25147
25148
25149
25151
25152
25155
25156
25157
25158
25159
25161
25162
25164
25165
25167
25168
25170
25172
25173
25175
25176
25177
25178
25181
25182
25183
25185
25188
25191
25194
25199
25200
25201
25204
25205
25206
25207
25208
25209
25210
25213
25214
25216
25217
25218
25219
25221
25223
25224
25225
25226
25227
25228
25229
25230
25232
25234
25236
25237
25239
25241
25242
25243
25244
25245
25246
25247
25248
25249
25252
25255
25258
25259
25260
25261
25262
25263
25266
25268
25270
25271
25272
25274
25275
25277
25278
25279
25280
25281
25282
25283
25284
25285
25287
25289
25292
25293
25296
25297
25298
25299
25301
25303
25304
25305
25307
25309
25313
25314
25315
25318
25319
25320
25321
25322
25323
25324
25325
25328
25332
25333
25334
25335
25336
25337
25339
25341
25342
25346
25347
25348
25351
25353
25356
25357
25359
25361
25363
25365
25366
25367
25370
25371
25374
25376
25378
25379
25381
25382
25383
25384
25385
25386
25387
25388
25389
25390
25391
25393
25396
25397
25398
25399
25400
25401
25402
25404
25405
25406
25410
25411
25413
25414
25415
25416
25417
25418
25419
25420
25421
25423
25424
25425
25426
25427
25428
25429
25430
25432
25433
25434
25435
25436
25439
25440
25441
25442
25446
25449
25450
25451
25453
25456
25457
25459
25460
25461
25463
25464
25465
25466
25467
25468
25469
25470
25471
25472
25473
25475
25481
25484
25485
25486
25487
25488
25489
25491
25493
25494
25495
25498
25504
25505
25506
25507
25508
25509
25510
25511
25512
25513
25514
25516
25517
25518
25520
25521
25522
25523
25524
25525
25527
25529
25530
25531
25533
25534
25536
25537
25538
25539
25541
25543
25544
25545
25546
25547
25549
25551
25552
25553
25556
25557
25558
25561
25562
25563
25564
25567
25569
25572
25574
25575
25577
25580
25581
25582
25586
25588
25589
25590
25593
25594
25595
25596
25597
25598
25600
25602
25603
25604
25605
25606
25607
25608
25609
25610
25611
25612
25614
25615
25616
25618
25620
25622
25623
25626
25627
25628
25629
25630
25631
25632
25635
25636
25637
25638
25640
25641
25642
25645
25646
25647
25648
25649
25652
25653
25655
25656
25657
25659
25660
25661
25663
25664
25666
25667
25670
25671
25673
25675
25676
25681
25683
25684
25686
25687
25688
25689
25691
25692
25694
25695
25696
25697
25698
25699
25700
25701
25702
25706
25707
25710
25712
25713
25716
25718
25721
25722
25724
25725
25726
25727
25728
25731
25732
25733
25734
25735
25737
25738
25739
25740
25743
25744
25745
25746
25747
25748
25749
25753
25754
25755
25759
25760
25761
25762
25763
25765
25766
25767
25768
25769
25770
25771
25773
25774
25776
25779
25781
25783
25784
25785
25787
25789
25790
25792
25793
25795
25798
25799
25801
25806
25807
25808
25810
25811
25812
25815
25816
25819
25821
25822
25825
25826
25827
25828
25831
25832
25834
25835
25836
25838
25840
25843
25845
25848
25849
25852
25853
25855
25857
25859
25861
25862
25863
25864
25865
25868
25869
25870
25871
25872
25874
25875
25876
25877
25878
25882
25885
25887
25890
25892
25893
25894
25895
25896
25897
25898
25899
25900
25901
25902
25903
25904
25906
25907
25909
25910
25912
25913
25914
25915
25916
25918
25922
25924
25925
25928
25929
25931
25932
25933
25936
25941
25947
25950
25951
25953
25955
25956
25961
25962
25963
25965
25966
25967
25969
25970
25979
25982
25983
25984
25985
25990
25992
25993
25995
25997
25999
26002
26003
26004
26005
26007
26009
26013
26014
26016
26017
26018
26021
26022
26023
26024
26025
26027
26029
26030
26032
26035
26036
26037
26038
26039
26041
26042
26043
26044
26045
26046
26048
26049
26050
26054
26056
26057
26059
26060
26061
26062
26063
26064
26065
26067
26068
26069
26070
26071
26072
26075
26076
26077
26079
26081
26082
26083
26084
26085
26086
26089
26090
26091
26095
26096
26098
26101
26102
26103
26104
26106
26112
26113
26114
26115
26116
26120
26123
26124
26125
26127
26129
26130
26131
26132
26133
26136
26137
26138
26139
26140
26141
26142
26144
26145
26148
26150
26153
26154
26155
26157
26158
26163
26164
26165
26169
26170
26171
26172
26173
26174
26175
26176
26179
26180
26184
26185
26186
26187
26188
26190
26192
26193
26194
26195
26196
26197
26198
26199
26200
26201
26202
26203
26204
26205
26206
26208
26209
26211
26212
26213
26215
26216
26217
26218
26219
26220
26222
26223
26225
26226
26228
26229
26230
26231
26232
26233
26235
26239
26240
26244
26245
26247
26248
26249
26250
26252
26254
26256
26257
26258
26259
26260
26261
26264
26265
26268
26270
26271
26275
26276
26278
26279
26281
26285
26286
26289
26291
26292
26294
26296
26299
26300
26301
26303
26308
26309
26310
26311
26312
26313
26314
26316
26317
26321
26322
26323
26324
26325
26329
26330
26331
26332
26333
26334
26335
26336
26339
26340
26341
26342
26343
26344
26347
26348
26349
26351
26353
26355
26356
26357
26358
26361
26362
26364
26367
26369
26371
26372
26373
26374
26377
26378
26383
26384
26385
26386
26387
26388
26389
26391
26392
26393
26394
26395
26396
26397
26398
26401
26402
26403
26404
26405
26408
26410
26411
26412
26417
26418
26419
26420
26422
26423
26426
26427
26428
26433
26434
26436
26438
26439
26440
26441
26442
26443
26444
26445
26446
26448
26449
26451
26453
26455
26458
26459
26460
26464
26465
26466
26467
26468
26470
26471
26472
26473
26476
26478
26479
26482
26483
26485
26486
26488
26489
26490
26491
26492
26493
26495
26496
26497
26498
26499
26501
26502
26503
26505
26507
26508
26510
26516
26517
26519
26525
26526
26528
26529
26531
26532
26533
26534
26537
26538
26539
26540
26543
26546
26547
26549
26554
26556
26557
26558
26559
26560
26566
26569
26571
26572
26575
26576
26578
26580
26581
26582
26583
26584
26586
26588
26589
26590
26591
26592
26593
26595
26596
26598
26600
26601
26602
26603
26604
26605
26606
26607
26612
26613
26614
26618
26621
26624
26625
26626
26627
26629
26630
26631
26632
26633
26636
26637
26639
26642
26644
26645
26646
26647
26648
26650
26651
26653
26655
26657
26659
26664
26665
26668
26670
26672
26674
26675
26676
26678
26680
26683
26684
26685
26686
26687
26688
26690
26692
26693
26694
26695
26696
26697
26698
26700
26701
26702
26703
26705
26706
26707
26708
26709
26710
26711
26712
26713
26714
26715
26718
26720
26722
26723
26724
26725
26726
26728
26729
26730
26731
26732
26735
26736
26737
26743
26744
26746
26747
26748
26749
26750
26751
26752
26753
26754
26755
26756
26758
26759
26760
26762
26764
26765
26766
26773
26774
26775
26777
26778
26779
26781
26782
26783
26784
26785
26787
26790
26791
26793
26794
26795
26796
26797
26798
26800
26801
26802
26803
26805
26806
26807
26808
26809
26810
26811
26812
26813
26818
26820
26821
26822
26823
26824
26825
26827
26830
26833
26835
26836
26837
26839
26840
26842
26845
26846
26847
26848
26851
26852
26854
26855
26856
26858
26859
26861
26862
26863
26867
26868
26871
26874
26875
26876
26878
26879
26882
26885
26894
26895
26897
26898
26899
26900
26901
26902
26903
26905
26906
26908
26909
26911
26912
26913
26914
26916
26917
26919
26920
26922
26923
26926
26927
26928
26929
26931
26932
26933
26934
26935
26936
26937
26938
26940
26941
26942
26944
26945
26947
26948
26951
26953
26954
26957
26958
26959
26960
26962
26963
26965
26966
26967
26968
26969
26970
26971
26973
26975
26976
26977
26978
26979
26980
26981
26983
26985
26986
26991
26993
26994
26995
26996
26997
27000
27002
27003
27006
27007
27008
27009
27010
27011
27014
27016
27018
27019
27020
27021
27022
27024
27025
27028
27029
27031
27032
27033
27035
27037
27039
27040
27041
27042
27043
27044
27046
27047
27050
27051
27053
27054
27055
27056
27057
27058
27059
27062
27064
27066
27067
27068
27070
27073
27074
27077
27081
27083
27086
27088
27092
27095
27096
27097
27098
27099
27100
27101
27102
27103
27109
27110
27112
27113
27114
27115
27118
27119
27120
27121
27123
27124
27125
27126
27128
27129
27131
27132
27133
27134
27136
27137
27139
27143
27144
27145
27146
27147
27148
27149
27150
27151
27153
27154
27156
27157
27158
27160
27162
27163
27164
27166
27168
27169
27170
27171
27172
27173
27174
27176
27177
27179
27180
27181
27182
27184
27185
27186
27190
27194
27195
27197
27198
27199
27200
27201
27203
27207
27208
27209
27210
27212
27213
27214
27215
27216
27217
27220
27221
27222
27223
27224
27228
27229
27230
27234
27236
27239
27240
27242
27243
27244
27245
27247
27248
27249
27250
27251
27252
27255
27257
27259
27260
27262
27264
27265
27266
27267
27269
27271
27272
27273
27274
27275
27276
27277
27279
27280
27281
27284
27287
27288
27290
27291
27292
27296
27297
27298
27299
27303
27304
27305
27306
27307
27308
27311
27312
27314
27316
27318
27319
27320
27326
27328
27329
27330
27331
27332
27334
27337
27338
27339
27342
27344
27345
27346
27348
27349
27353
27354
27355
27356
27359
27362
27363
27367
27368
27370
27371
27372
27374
27375
27377
27378
27379
27383
27384
27386
27388
27390
27391
27394
27395
27397
27398
27399
27400
27401
27402
27403
27404
27405
27407
27408
27410
27411
27416
27417
27418
27419
27424
27431
27432
27433
27434
27435
27436
27437
27441
27442
27444
27445
27447
27448
27449
27450
27452
27453
27454
27456
27457
27458
27459
27460
27461
27465
27467
27470
27471
27472
27477
27478
27479
27480
27481
27482
27485
27486
27488
27489
27490
27491
27493
27496
27498
27499
27501
27502
27503
27507
27511
27513
27515
27517
27518
27519
27521
27522
27524
27526
27530
27532
27534
27535
27536
27537
27539
27540
27542
27543
27544
27545
27546
27547
27549
27550
27551
27552
27553
27554
27555
27556
27558
27559
27560
27561
27562
27563
27564
27566
27567
27568
27569
27570
27571
27572
27575
27576
27577
27578
27581
27582
27584
27585
27586
27587
27589
27591
27592
27594
27595
27597
27600
27601
27602
27604
27605
27606
27607
27608
27609
27610
27611
27614
27615
27616
27617
27618
27620
27621
27622
27623
27627
27630
27631
27632
27634
27635
27636
27638
27639
27640
27641
27642
27644
27646
27650
27652
27654
27655
27657
27659
27660
27661
27664
27665
27666
27668
27671
27673
27675
27676
27677
27678
27679
27681
27682
27683
27685
27686
27690
27694
27696
27698
27699
27700
27701
27702
27703
27705
27706
27707
27708
27709
27710
27711
27712
27713
27714
27716
27720
27721
27722
27724
27725
27727
27729
27731
27733
27735
27736
27737
27739
27740
27743
27744
27745
27748
27749
27751
27756
27757
27758
27760
27762
27765
27767
27768
27769
27771
27772
27774
27775
27776
27777
27778
27782
27785
27786
27791
27792
27794
27795
27799
27800
27801
27804
27807
27808
27809
27810
27811
27815
27816
27817
27818
27819
27820
27823
27824
27826
27827
27829
27830
27831
27832
27835
27836
27837
27838
27839
27840
27841
27843
27846
27847
27849
27852
27856
27857
27858
27861
27862
27864
27865
27866
27870
27874
27875
27878
27881
27882
27886
27887
27889
27890
27891
27893
27894
27895
27898
27899
27901
27902
27903
27904
27905
27907
27908
27909
27911
27912
27914
27916
27917
27918
27920
27922
27923
27925
27926
27931
27932
27933
27935
27936
27937
27938
27939
27949
27951
27953
27955
27956
27957
27960
27961
27962
27965
27970
27974
27975
27976
27980
27981
27982
27983
27987
27989
27990
27992
27994
27997
28003
28006
28007
28008
28011
28012
28015
28016
28017
28020
28021
28024
28025
28027
28029
28032
28038
28041
28042
28043
28044
28045
28047
28048
28050
28052
28053
28054
28055
28056
28058
28060
28061
28062
28063
28067
28068
28069
28073
28075
28079
28080
28082
28083
28086
28087
28088
28091
28092
28093
28096
28099
28100
28105
28106
28108
28110
28111
28112
28114
28116
28117
28119
28120
28122
28123
28124
28125
28126
28127
28128
28132
28133
28134
28135
28136
28137
28139
28141
28142
28146
28147
28149
28150
28152
28153
28154
28156
28157
28158
28159
28160
28165
28167
28168
28169
28170
28171
28172
28175
28176
28177
28178
28179
28180
28181
28182
28183
28184
28185
28189
28193
28194
28195
28197
28198
28199
28200
28201
28202
28204
28206
28210
28211
28212
28214
28217
28218
28219
28220
28221
28222
28223
28224
28225
28226
28228
28229
28231
28232
28233
28234
28235
28236
28237
28239
28240
28242
28243
28244
28249
28251
28252
28253
28254
28255
28257
28258
28259
28260
28261
28263
28266
28268
28269
28270
28273
28274
28275
28279
28281
28282
28285
28286
28287
28288
28290
28291
28292
28294
28298
28299
28302
28303
28304
28305
28306
28308
28309
28310
28311
28312
28313
28314
28317
28318
28319
28320
28322
28323
28324
28325
28327
28331
28332
28334
28335
28338
28339
28340
28342
28343
28344
28345
28347
28350
28351
28355
28357
28359
28360
28363
28364
28367
28369
28370
28371
28372
28373
28374
28375
28378
28379
28380
28382
28383
28384
28385
28386
28389
28390
28393
28394
28395
28396
28397
28399
28400
28401
28402
28403
28406
28407
28408
28410
28413
28415
28416
28417
28418
28419
28420
28422
28423
28425
28428
28429
28433
28434
28436
28439
28440
28442
28443
28445
28446
28447
28449
28450
28451
28452
28453
28455
28456
28459
28460
28465
28466
28468
28469
28470
28472
28473
28474
28476
28477
28480
28481
28483
28484
28485
28486
28488
28491
28493
28494
28497
28498
28499
28500
28502
28505
28506
28507
28508
28510
28514
28515
28516
28518
28519
28521
28522
28524
28525
28527
28529
28531
28532
28534
28536
28537
28541
28543
28544
28545
28547
28548
28550
28551
28556
28560
28561
28562
28563
28564
28569
28570
28571
28572
28573
28575
28576
28578
28581
28582
28583
28586
28588
28589
28594
28596
28597
28598
28600
28601
28603
28604
28608
28609
28610
28611
28612
28614
28616
28617
28618
28621
28623
28624
28626
28628
28631
28632
28633
28634
28636
28638
28639
28643
28644
28645
28647
28648
28650
28651
28652
28655
28656
28657
28658
28660
28661
28662
28663
28664
28665
28666
28668
28669
28670
28671
28672
28673
28675
28676
28677
28679
28681
28682
28685
28687
28688
28690
28691
28695
28696
28700
28703
28704
28705
28709
28710
28711
28712
28714
28716
28717
28718
28720
28721
28723
28725
28726
28730
28731
28733
28734
28735
28736
28737
28738
28741
28745
28746
28747
28748
28749
28750
28753
28756
28757
28758
28759
28761
28762
28763
28765
28771
28772
28774
28775
28776
28777
28778
28780
28781
28782
28784
28786
28787
28789
28792
28793
28796
28797
28799
28800
28801
28803
28804
28805
28806
28808
28809
28810
28811
28814
28816
28817
28818
28820
28821
28822
28823
28828
28829
28832
28833
28834
28835
28836
28839
28840
28841
28845
28847
28848
28849
28850
28852
28854
28855
28856
28858
28861
28862
28867
28868
28870
28871
28874
28876
28881
28882
28883
28885
28886
28888
28891
28892
28893
28894
28895
28896
28899
28900
28901
28902
28903
28904
28905
28906
28908
28910
28911
28913
28917
28920
28921
28922
28923
28924
28925
28926
28927
28928
28930
28931
28933
28934
28937
28938
28940
28943
28944
28948
28949
28951
28952
28953
28954
28955
28956
28957
28960
28961
28963
28964
28965
28967
28970
28971
28973
28975
28978
28983
28986
28989
28991
28992
28993
28994
28995
28997
28998
29000
29003
29004
29005
29006
29007
29010
29012
29013
29015
29018
29019
29020
29021
29022
29026
29027
29029
29030
29031
29036
29038
29039
29041
29042
29043
29047
29048
29049
29050
29051
29053
29056
29057
29058
29060
29062
29064
29066
29067
29068
29070
29071
29072
29073
29074
29076
29077
29078
29079
29081
29082
29083
29084
29086
29088
29091
29093
29095
29099
29100
29101
29104
29105
29109
29110
29111
29112
29113
29115
29116
29117
29118
29120
29124
29125
29126
29129
29130
29133
29134
29135
29136
29139
29140
29143
29144
29145
29146
29147
29148
29150
29152
29153
29155
29157
29158
29159
29160
29161
29162
29163
29164
29165
29166
29167
29168
29169
29170
29171
29173
29174
29175
29178
29179
29183
29185
29186
29187
29188
29190
29193
29194
29195
29196
29197
29198
29199
29202
29203
29205
29206
29208
29209
29211
29212
29213
29214
29218
29219
29221
29222
29224
29225
29229
29233
29234
29237
29239
29243
29244
29245
29249
29255
29258
29261
29265
29266
29268
29269
29270
29271
29275
29276
29277
29279
29280
29281
29284
29285
29286
29287
29288
29289
29290
29291
29296
29298
29300
29301
29304
29305
29308
29309
29310
29315
29316
29317
29320
29322
29324
29327
29328
29330
29331
29335
29337
29339
29340
29343
29344
29345
29346
29347
29348
29353
29355
29356
29357
29359
29360
29361
29362
29363
29365
29366
29370
29371
29373
29375
29376
29377
29379
29381
29385
29386
29390
29392
29396
29397
29398
29399
29401
29402
29403
29404
29405
29406
29407
29408
29409
29410
29411
29412
29413
29414
29415
29419
29420
29421
29422
29423
29424
29428
29429
29432
29433
29438
29439
29441
29443
29444
29445
29447
29451
29453
29454
29455
29456
29458
29460
29461
29462
29466
29467
29468
29470
29472
29474
29476
29478
29479
29484
29486
29489
29490
29493
29494
29495
29500
29501
29502
29503
29507
29508
29509
29514
29516
29517
29520
29521
29522
29523
29525
29526
29527
29528
29529
29530
29532
29533
29534
29535
29536
29538
29540
29542
29543
29546
29549
29550
29552
29553
29554
29555
29556
29557
29558
29560
29562
29564
29565
29566
29569
29572
29573
29574
29576
29578
29579
29581
29582
29583
29587
29588
29591
29592
29593
29594
29595
29596
29597
29598
29602
29604
29605
29607
29608
29609
29610
29612
29613
29616
29617
29618
29619
29620
29621
29625
29626
29627
29630
29632
29636
29637
29638
29639
29640
29642
29643
29645
29652
29654
29655
29656
29658
29659
29661
29662
29664
29665
29666
29667
29671
29672
29673
29674
29677
29680
29681
29682
29684
29685
29687
29689
29692
29693
29694
29697
29698
29700
29701
29702
29705
29709
29712
29713
29715
29720
29725
29728
29730
29731
29734
29735
29736
29737
29738
29741
29742
29746
29747
29748
29749
29750
29752
29753
29757
29758
29760
29761
29765
29767
29768
29769
29770
29772
29773
29777
29779
29780
29782
29783
29784
29786
29788
29789
29790
29791
29793
29794
29795
29796
29797
29798
29799
29800
29801
29802
29809
29811
29813
29814
29815
29816
29818
29819
29823
29825
29826
29828
29829
29831
29832
29836
29838
29840
29841
29842
29843
29844
29845
29846
29847
29851
29853
29854
29855
29856
29858
29859
29860
29861
29862
29867
29869
29872
29873
29875
29877
29878
29879
29881
29883
29884
29890
29893
29895
29896
29899
29900
29903
29905
29906
29907
29909
29910
29912
29914
29917
29918
29920
29926
29927
29928
29931
29932
29933
29934
29936
29937
29939
29941
29942
29943
29945
29946
29948
29950
29951
29952
29953
29955
29957
29958
29959
29961
29962
29963
29967
29968
29971
29972
29973
29974
29975
29977
29978
29980
29982
29986
29987
29988
29989
29990
29993
29994
29997
29998
29999
30001
30004
30005
30009
30010
30011
30012
30018
30020
30023
30024
30030
30031
30033
30035
30037
30040
30041
30044
30046
30048
30049
30053
30060
30064
30065
30066
30067
30069
30070
30071
30072
30073
30074
30075
30077
30079
30082
30083
30085
30087
30088
30089
30090
30091
30092
30093
30094
30095
30097
30099
30100
30101
30102
30103
30106
30108
30109
30110
30111
30112
30120
30122
30123
30124
30125
30126
30128
30129
30131
30132
30133
30137
30139
30141
30143
30145
30146
30147
30148
30151
30152
30153
30156
30159
30162
30163
30164
30165
30167
30168
30175
30176
30178
30182
30183
30185
30187
30188
30189
30192
30193
30194
30195
30197
30198
30199
30200
30204
30206
30208
30211
30212
30214
30217
30218
30220
30221
30222
30224
30225
30226
30227
30229
30230
30231
30234
30237
30239
30241
30242
30243
30244
30245
30247
30249
30253
30255
30256
30259
30265
30266
30270
30271
30274
30275
30277
30278
30279
30280
30281
30282
30283
30284
30285
30287
30288
30291
30293
30294
30295
30298
30299
30301
30302
30304
30305
30306
30307
30308
30309
30310
30311
30313
30314
30316
30321
30322
30323
30326
30327
30328
30329
30330
30335
30336
30337
30338
30339
30340
30341
30342
30344
30345
30346
30348
30349
30350
30352
30357
30358
30359
30362
30363
30364
30365
30366
30369
30372
30373
30374
30381
30383
30384
30388
30390
30391
30396
30398
30399
30400
30402
30403
30405
30408
30412
30413
30415
30416
30420
30423
30424
30425
30426
30427
30428
30430
30431
30434
30435
30437
30438
30439
30440
30441
30443
30444
30445
30447
30448
30449
30451
30452
30454
30459
30460
30462
30463
30465
30466
30467
30468
30469
30470
30475
30477
30478
30479
30481
30482
30485
30487
30488
30490
30491
30492
30494
30495
30498
30500
30503
30505
30506
30507
30509
30510
30511
30513
30514
30515
30516
30518
30519
30521
30525
30526
30527
30528
30530
30531
30532
30533
30534
30535
30536
30537
30538
30542
30543
30544
30545
30547
30549
30551
30552
30554
30556
30558
30559
30561
30562
30563
30564
30565
30566
30567
30568
30570
30572
30573
30574
30576
30578
30579
30581
30582
30583
30591
30595
30601
30602
30603
30604
30607
30608
30613
30614
30615
30616
30617
30618
30619
30620
30622
30624
30625
30626
30627
30628
30629
30630
30632
30634
30635
30636
30637
30638
30640
30642
30644
30646
30649
30651
30654
30655
30659
30661
30663
30664
30665
30667
30668
30671
30673
30677
30679
30683
30684
30686
30687
30688
30689
30693
30695
30696
30697
30698
30701
30702
30704
30705
30706
30707
30708
30710
30711
30712
30713
30714
30716
30719
30723
30725
30727
30728
30729
30730
30732
30734
30735
30736
30738
30739
30740
30741
30745
30746
30747
30748
30749
30750
30751
30752
30758
30759
30762
30763
30764
30767
30768
30770
30771
30773
30774
30776
30777
30778
30782
30783
30784
30787
30790
30792
30793
30794
30795
30796
30797
30798
30800
30801
30805
30808
30809
30811
30812
30813
30815
30816
30817
30818
30819
30821
30822
30824
30825
30826
30829
30830
30832
30833
30834
30835
30837
30839
30842
30844
30845
30847
30848
30849
30850
30851
30852
30853
30854
30859
30861
30862
30863
30866
30868
30870
30871
30873
30874
30875
30881
30882
30887
30889
30890
30891
30892
30893
30894
30895
30896
30897
30898
30900
30902
30903
30904
30905
30906
30908
30910
30911
30912
30914
30915
30919
30920
30921
30922
30926
30927
30928
30929
30930
30931
30932
30933
30934
30935
30936
30937
30939
30940
30941
30943
30944
30947
30948
30949
30950
30951
30954
30957
30959
30965
30970
30971
30973
30975
30976
30977
30979
30980
30981
30982
30983
30984
30987
30989
30991
30993
30995
30998
30999
31000
31002
31003
31005
31006
31007
31008
31009
31010
31011
31012
31015
31020
31023
31026
31028
31029
31030
31032
31033
31035
31037
31038
31039
31041
31042
31043
31046
31047
31049
31050
31052
31054
31055
31059
31061
31062
31063
31064
31065
31066
31067
31069
31070
31072
31073
31075
31076
31077
31078
31079
31081
31082
31083
31085
31086
31088
31089
31090
31093
31094
31096
31100
31102
31106
31107
31108
31109
31110
31111
31113
31115
31116
31119
31121
31122
31123
31126
31127
31128
31132
31133
31134
31136
31137
31138
31141
31143
31148
31149
31152
31153
31154
31157
31158
31159
31161
31162
31163
31165
31167
31168
31169
31170
31174
31175
31176
31177
31179
31180
31183
31184
31187
31188
31190
31192
31193
31194
31195
31196
31200
31201
31202
31204
31207
31208
31209
31210
31212
31213
31214
31215
31219
31222
31224
31225
31226
31229
31230
31231
31234
31235
31237
31239
31240
31241
31242
31245
31247
31248
31249
31252
31253
31254
31257
31260
31263
31264
31265
31268
31269
31274
31275
31276
31279
31280
31282
31284
31285
31287
31290
31293
31294
31297
31300
31302
31303
31305
31306
31309
31310
31311
31313
31314
31315
31318
31321
31322
31323
31324
31325
31328
31329
31332
31333
31334
31337
31339
31340
31343
31344
31345
31347
31348
31352
31356
31361
31362
31363
31373
31383
31394
31398
31402
31417
31419
31474
31490
31496
31499
31503
31505
31509
31520
31528
31531
31538
31555
31557
31567
31570
31572
31573
31574
31580
31608
31611
31620
31628
31631
31640
31643
31645
31646
31649
31656
31661
31663
31664
31669
31670
31675
31680
31690
31691
31707
31708
31729
31735
31737
31746
31747
31749
31763
31767
31768
31782
31789
31795
31798
31803
31808
31823
31829
31837
31841
31842
31845
31849
31892
31901
31904
31909
31921
31923
31929
31933
31934
31935
31938
31939
31946
31960
31970
31971
31979
31982
31987
31990
31997
32000
32013
32030
32044
32045
32046
32056
32058
32061
32073
32079
32080
32084
32097
32100
32110
32112
32114
32125
32129
32132
32154
32156
32159
32161
32165
32168
32172
32178
32180
32184
32185
32187
32189
32195
32206
32214
32218
32223
32230
32250
32254
32258
32262
32263
32266
32275
32276
32284
32287
32289
32296
32297
32309
32317
32326
32328
32329
32341
32346
32347
32350
32352
32365
32369
32371
32378
32379
32391
32394
32399
32401
32428
32457
32464
32471
32473
32478
32492
32499
32502
32517
32532
32533
32536
32558
32568
32579
32610
32619
32633
32639
32640
32645
32670
32685
32688
32697
32724
32733
32749
32754
32762
32774
32775
32779
32788
32797
32807
32810
32819
32831
32832
32840
32845
32859
32869
32874
32888
32898
32903
32918
32947
32959
32965
32976
32978
32989
32991
33007
33024
33032
33034
33038
33039
33043
33046
33068
33075
33080
33082
33093
33101
33102
33109
33115
33117
33120
33121
33143
33153
33158
33176
33181
33193
33196
33200
33204
33242
33277
33289
33291
33308
33346
33347
33373
33375
33378
33389
33396
33398
33415
33429
33430
33433
33441
33447
33459
33464
33473
33493
33496
33506
33509
33515
33521
33527
33534
33546
33547
33556
33566
33571
33580
33587
33595
33596
33607
33622
33624
33648
33649
33670
33673
33675
33676
33712
33719
33722
33724
33727
33731
33734
33744
33747
33768
33780
33784
33806
33809
33814
33819
33822
33832
33836
33845
33846
33866
33869
33870
33884
33903
33911
33912
33914
33926
33937
33950
33952
33981
33983
33991
33993
34003
34020
34023
34038
34061
34062
34072
34076
34106
34111
34116
34127
34128
34143
34155
34156
34160
34165
34166
34200
34227
34235
34236
34247
34266
34289
34291
34298
34299
34301
34304
34305
34307
34312
34341
34342
34361
34363
34364
34373
34385
34387
34388
34389
34391
34396
34403
34404
34415
34416
34445
34471
34481
34485
34507
34508
34509
34510
34514
34522
34544
34549
34561
34566
34567
34575
34585
34594
34595
34600
34602
34626
34629
34637
34639
34643
34656
34671
34681
34685
34687
34697
34702
34711
34718
34723
34731
34736
34769
34772
34775
34792
34795
34814
34818
34832
34840
34846
34854
34859
34925
34930
34942
34945
34950
34952
34967
34975
34979
35003
35010
35015
35020
35025
35031
35070
35084
35099
35108
35122
35143
35144
35149
35159
35162
35180
35189
35205
35211
35234
35235
35246
35277
35281
35285
35291
35312
35319
35339
35346
35349
35371
35379
35382
35393
35399
35402
35408
35417
35419
35421
35444
35470
35474
35475
35481
35483
35493
35518
35532
35535
35536
35537
35543
35550
35556
35559
35567
35569
35593
35595
35598
35609
35610
35611
35615
35617
35628
35634
35636
35648
35661
35673
35681
35682
35694
35697
35706
35719
35743
35747
35754
35760
35764
35771
35776
35783
35787
35792
35798
35800
35802
35805
35806
35807
35815
35817
35819
35828
35829
35831
35840
35842
35851
35852
35883
35888
35897
35914
35920
35933
35937
35947
35954
35962
35966
35967
35971
35992
35993
35994
35997
36000
36356
36357
36358
36359
36360
36361
36362
36363
36364
36365
36366
36367
36368
36369
36370
36371
36372
36373
36374
36375
36376
36377
36378
36379
36380
36381
36382
36383
36384
36385
36386
36387
36388
36389
36390
36391
36392
36393
36394
36395
36396
36397
36398
36399
36400
36401
36402
36403
36404
36405
36406
36407
36408
36409
36410
36411
36412
36413
36414
36415
36416
36417
36418
36419
36420
36421
36422
36423
36424
36425
36426
36427
36428
36429
36430
36431
36432
36433
36434
36435
36436
36437
36438
36439
36440
36441
36442
36443
36444
36445
36446
36447
36448
36449
36450
36451
36452
36453
36454
36455
36456
36457
36458
36459
36460
36461
36462
36463
36464
36465
36466
36467
36468
36469
36470
36471
36472
36473
36474
36475
36476
36477
36478
36479
36480
36481
36482
36483
36484
36485
36486
36487
36488
36489
36490
36491
36492
36493
36494
36495
36496
36497
36498
36499
36500
36501
36502
36503
36504
36505
36506
36507
36508
36509
36510
36511
36512
36513
36514
36515
36516
36517
36518
36519
36520
36521
36522
36523
36524
36525
36526
36527
36528
36529
36530
36531
36532
36533
36534
36535
36536
36537
36538
36539
36540
36541
36542
36543
36544
36545
36546
36547
36548
36549
36550
36551
36552
36553
36554
36555
36556
36557
36558
36559
36560
36561
36562
36563
36564
36565
36566
36567
36568
36569
36570
36571
36572
36573
36574
36575
36576
36577
36578
36579
36580
36581
36582
36583
36584
36585
36586
36587
36588
36589
36590
36591
36592
36593
36594
36595
36596
36597
36598
36599
36600
36601
36602
36603
36604
36605
36606
36607
36608
36609
36610
36611
36612
36613
36614
36615
36616
36617
36618
36619
36620
36621
36622
36623
36624
36625
36626
36627
36628
36629
36630
36631
36632
36633
36634
36635
36636
36637
36638
36639
36640
36641
36642
36643
36644
36645
36646
36647
36648
36649
36650
36651
36652
36653
36654
36655
36656
36657
36658
36659
36660
36661
36662
36663
36664
36665
36666
36667
36668
36669
36670
36671
36672
36673
36674
36675
36676
36677
36678
36679
36680
36681
36682
36683
36684
36685
36686
36687
36688
36689
36690
36691
36692
36693
36694
36695
36696
36697
36698
36699
36700
36701
36702
36703
36704
36705
36706
36707
36708
36709
36710
36711
36712
36713
36714
36715
36716
36717
36718
36719
36720
36721
36722
36723
36724
36725
36726
36727
36728
36729
36730
36731
36732
36733
36734
36735
36736
36737
36738
36739
36740
36741
36742
36743
36744
36745
36746
36747
36748
36749
36750
36751
36752
36753
36754
36755
36756
36757
36758
36759
36760
36761
36762
36763
36764
36765
36766
36767
36768
36769
36770
36771
36772
36773
36774
36775
36776
36777
36778
36779
36780
36781
36782
36783
36784
36785
36786
36787
36788
36789
36790
36791
36792
36793
36794
36795
36796
36797
36798
36799
36800
36801
36802
36803
36804
36805
36806
36807
36808
36809
36810
36811
36812
36813
36814
36815
36816
36817
36818
36819
36820
36821
36822
36823
36824
36825
36826
36827
36828
36829
36830
36831
36832
36833
36834
36835
36836
36837
36838
36839
36840
36841
36842
36843
36844
36845
36846
36847
36848
36849
36850
36851
36852
36853
36854
36855
36856
36857
36858
36859
36860
36861
36862
36863
36864
36865
36866
36867
36868
36869
36870
36871
36872
36873
36874
36875
36876
36877
36878
36880
36881
36882
36883
36884
36885
36886
36887
36888
36889
36890
36891
36892
36893
36894
36895
36896
36897
36898
36899
36900
36901
36902
36903
36904
36905
36906
36907
36908
36909
36910
36911
36912
36913
36914
36915
36916
36917
36918
36919
36920
36921
36922
36923
36924
36925
36926
36927
36928
36929
36930
36931
36932
36933
36934
36935
36936
36937
36938
36939
36940
36941
36942
36943
36944
36945
36946
36947
36948
36949
36950
36951
36952
36953
36954
36955
36956
36957
36958
36959
36960
36961
36962
36963
36964
36965
36966
36967
36968
36969
36970
36971
36972
36973
36974
36975
36976
36977
36978
36979
36980
36981
36982
36983
36984
36985
36986
36987
36988
36989
36990
36991
36992
36993
36994
36995
36996
36997
36998
36999
37000
37001
37002
37003
37004
37005
37006
37007
37008
37009
37010
37011
37012
37013
37014
37015
37016
37017
37018
37019
37020
37021
37022
37023
37024
37025
37026
37027
37028
37029
37030
37031
37032
37033
37034
37035
37036
37037
37038
37039
37040
37041
37042
37043
37044
37045
37046
37047
37048
37049
37050
37051
37052
37053
37054
37055
37056
37057
37058
37059
37060
37061
37062
37063
37064
37065
37066
37067
37068
37069
37070
37071
37072
37073
37074
37075
37076
37077
37078
37079
37080
37081
37082
37083
37084
37085
37086
37087
37088
37089
37090
37091
37092
37093
37094
37095
37096
37097
37098
37099
37100
37101
37102
37103
37104
37105
37106
37107
37108
37109
37110
37111
37112
37113
37114
37115
37116
37117
37118
37119
37120
37121
37122
37123
37124
37125
37126
37127
37128
37129
37130
37131
37132
37133
37134
37135
37136
37137
37138
37139
37140
37141
37142
37143
37144
37145
37146
37147
37148
37149
37150
37151
37152
37153
37154
37155
37156
37157
37158
37159
37160
37161
37162
37163
37164
37165
37166
37167
37168
37169
37170
37171
37172
37173
37174
37175
37176
37177
37178
37179
37180
37181
37182
37183
37184
37185
37186
37187
37188
37189
37190
37191
37192
37193
37194
37195
37196
37197
37198
37199
37200
37201
37202
37203
37204
37205
37206
37207
37208
37209
37210
37211
37212
37213
37214
37215
37216
37217
37218
37219
37220
37221
37222
37223
37224
37225
37226
37227
37228
37229
37230
37231
37232
37233
37234
37235
37236
37237
37238
37239
37240
37241
37242
37243
37244
37245
37247
37248
37249
37250
37251
37252
37253
37254
37255
37256
37257
37258
37259
37260
37261
37262
37263
37264
37265
37266
37267
37268
37269
37270
37271
37272
37273
37274
37275
37276
37277
37278
37279
37280
37281
37282
37283
37284
37285
37286
37287
37288
37289
37290
37291
37292
37293
37294
37295
37296
37297
37298
37299
37300
37301
37302
37303
37304
37305
37306
37307
37308
37309
37310
37311
37312
37313
37314
37315
37316
37317
37318
37319
37320
37321
37322
37323
37324
37325
37326
37327
37328
37329
37330
37331
37332
37333
37334
37335
37336
37337
37338
37339
37340
37341
37342
37343
37344
37345
37346
37347
37348
37349
37350
37351
37352
37353
37354
37355
37356
37357
37358
37359
37360
37361
37362
37363
37364
37365
37366
37367
37368
37369
37370
37371
37372
37373
37374
37375
37376
37377
37378
37379
37380
37381
37382
37383
37384
37385
37386
37387
37388
37389
37390
37391
37392
37393
37394
37395
37396
37397
37398
37399
37400
37401
37402
37403
37404
37405
37406
37407
37408
37409
37410
37411
37412
37413
37414
37415
37416
37417
37418
37419
37420
37421
37422
37423
37424
37425
37426
37427
37428
37429
37430
37431
37432
37433
37434
37435
37436
37437
37438
37439
37440
37441
37442
37443
37444
37445
37446
37447
37448
37449
37450
37451
37452
37453
37454
37455
37456
37457
37458
37459
37460
37461
37462
37463
37464
37465
37466
37467
37468
37469
37470
37471
37472
37473
37474
37475
37476
37477
37478
37479
37480
37481
37482
37483
37484
37485
37486
37487
37488
37489
37490
37491
37492
37493
37494
37495
37496
37497
37498
37499
37500
37501
37502
37503
37504
37505
37506
37507
37508
37509
37510
37511
37512
37513
37514
37515
37516
37517
37518
37519
37520
37521
37522
37523
37524
37525
37526
37527
37528
37529
37530
37531
37532
37533
37534
37535
37536
37537
37538
37539
37540
37541
37542
37543
37544
37545
37546
37547
37548
37549
37550
37551
37552
37553
37554
37555
37556
37557
37558
37559
37560
37561
37562
37563
37564
37565
37566
37567
37568
37569
37570
37571
37572
37573
37574
37575
37576
37577
37578
37579
37580
37581
37582
37583
37584
37585
37586
37587
37588
37589
37590
37591
37592
37593
37594
37595
37596
37597
37598
37599
37600
37601
37602
37603
37604
37605
37606
37607
37608
37609
37610
37611
37612
37613
37614
37615
37616
37617
37618
37619
37620
37621
37622
37623
37624
37625
37626
37627
37628
37629
37630
37631
37632
37633
37634
37635
37636
37637
37638
37639
37640
37641
37642
37643
37644
37645
37646
37647
37648
37649
37650
37651
37652
37653
37654
37655
37656
37657
37658
37659
37660
37661
37662
37663
37664
37665
37666
37667
37668
37669
37670
37671
37672
37673
37674
37675
37676
37677
37678
37679
37680
37681
37682
37683
37684
37685
37686
37687
37688
37689
37690
37691
37692
37693
37694
37695
37696
37697
37698
37699
37700
37701
37702
37703
37704
37705
37706
37707
37708
37709
37710
37711
37712
37713
37714
37715
37716
37717
37718
37719
37720
37721
37722
37723
37724
37725
37726
37727
37728
37729
37730
37731
37732
37733
37734
37735
37736
37737
37738
37739
37740
37741
37742
37743
37744
37745
37746
37747
37748
37749
37750
37751
37752
37753
37754
37755
37756
37757
37758
37759
37760
37761
37762
37763
37764
37765
37766
37767
37768
37769
37770
37771
37772
37773
37774
37775
37776
37777
37778
37779
37780
37781
37782
37783
37784
37785
37786
37787
37788
37789
37791
37792
37793
37794
37795
37796
37797
37798
37799
37800
37801
37802
37803
37804
37805
37806
37807
37808
37809
37810
37811
37812
37813
37814
37815
37816
37817
37818
37819
37820
37821
37822
37823
37824
37825
37826
37827
37829
37830
37831
37832
37834
37835
37836
37837
37838
37839
37840
37841
37842
37843
37844
37845
37846
37847
37848
37849
37850
37851
37852
37853
37854
37855
37856
37857
37858
37859
37860
37861
37862
37863
37864
37865
37866
37867
37868
37869
37870
37871
37872
37873
37874
37875
37876
37877
37878
37879
37880
37881
37882
37883
37884
37885
37886
37887
37888
37889
37890
37891
37892
37893
37894
37895
37896
37897
37898
37899
37900
37901
37902
37903
37904
37905
37906
37907
37908
37909
37910
37911
37912
37913
37914
37915
37916
37917
37918
37919
37920
37921
37922
37923
37924
37925
37926
37927
37928
37929
37930
37931
37932
37933
37934
37935
37936
37937
37938
37939
37940
37941
37942
37943
37944
37945
37946
37947
37948
37949
37950
37951
37952
37953
37954
37955
37956
37957
37958
37959
37960
37961
37962
37963
37964
37965
37966
37967
37968
37969
37970
37971
37972
37973
37974
37975
37976
37977
37978
37979
37980
37981
37982
37983
37984
37985
37986
37987
37988
37989
37990
37991
37992
37993
37994
37995
37996
37997
37998
37999
38000
38001
38002
38003
38004
38005
38006
38007
38008
38009
38010
38011
38012
38013
38014
38015
38016
38017
38018
38019
38020
38021
38022
38023
38024
38025
38026
38027
38028
38029
38030
38031
38032
38033
38034
38035
38036
38037
38038
38039
38040
38041
38042
38043
38044
38045
38046
38047
38048
38049
38050
38051
38052
38053
38054
38055
38056
38057
38058
38059
38060
38061
38062
38063
38064
38065
38066
38067
38068
38069
38070
38071
38072
38073
38074
38075
38076
38077
38078
38079
38080
38081
38082
38083
38084
38085
38086
38087
38088
38089
38090
38091
38092
38093
38094
38095
38096
38097
38098
38099
38100
38101
38102
38103
38104
38105
38106
38107
38108
38109
38110
38111
38112
38113
38114
38115
38116
38117
38118
38119
38120
38121
38122
38123
38124
38125
38126
38127
38128
38129
38130
38131
38132
38133
38134
38135
38136
38137
38138
38139
38140
38141
38142
38143
38144
38145
38146
38147
38148
38149
38150
38151
38152
38153
38154
38155
38156
38157
38158
38159
38160
38161
38162
38163
38164
38165
38166
38167
38168
38169
38170
38171
38172
38173
38174
38175
38176
38177
38178
38179
38180
38181
38182
38183
38184
38185
38186
38187
38188
38189
38190
38191
38192
38193
38194
38195
38196
38197
38198
38199
38200
38201
38202
38203
38204
38205
38206
38207
38208
38209
38210
38211
38212
38213
38214
38215
38216
38217
38218
38219
38220
38221
38222
38223
38224
38225
38226
38227
38228
38229
38230
38231
38232
38233
38234
38235
38236
38237
38238
38239
38240
38241
38242
38243
38244
38245
38246
38247
38248
38249
38250
38251
38252
38253
38254
38255
38256
38257
38258
38259
38260
38261
38262
38263
38264
38265
38266
38267
38268
38269
38270
38271
38272
38273
38274
38275
38276
38277
38278
38279
38280
38281
38282
38283
38284
38285
38286
38287
38288
38289
38290
38291
38292
38293
38294
38295
38296
38297
38298
38299
38300
38301
38302
38303
38304
38305
38306
38307
38308
38309
38310
38311
38312
38313
38314
38315
38316
38317
38318
38319
38320
38321
38322
38323
38324
38325
38326
38327
38328
38329
38330
38331
38332
38333
38334
38335
38336
38337
38338
38339
38340
38341
38342
38343
38344
38345
38346
38347
38348
38350
38351
38352
38353
38354
38355
38356
38357
38358
38359
38360
38361
38362
38363
38364
38365
38366
38367
38368
38369
38370
38371
38372
38373
38374
38375
38376
38377
38378
38379
38380
38381
38382
38383
38384
38385
38386
38387
38388
38389
38390
38391
38392
38393
38394
38395
38396
38397
38398
38399
38400
38401
38402
38403
38404
38405
38406
38407
38408
38409
38410
38411
38412
38413
38414
38415
38416
38417
38418
38419
38420
38421
38422
38423
38424
38425
38426
38427
38428
38429
38430
38431
38432
38433
38434
38435
38436
38437
38438
38439
38440
38441
38442
38443
38444
38445
38446
38447
38448
38449
38450
38451
38452
38453
38454
38455
38456
38457
38458
38459
38460
38461
38462
38463
38464
38465
38466
38467
38468
38469
38470
38471
38472
38473
38474
38475
38476
38477
38478
38479
38480
38481
38482
38483
38484
38485
38486
38487
38488
38489
38490
38491
38492
38493
38494
38495
38496
38497
38498
38499
38500
38501
38502
38503
38504
38505
38506
38507
38508
38509
38510
38511
38512
38513
38514
38515
38516
38517
38518
38519
38520
38521
38522
38523
38524
38525
38526
38527
38528
38529
38530
38531
38532
38533
38534
38535
38536
38537
38538
38539
38540
38541
38542
38543
38544
38545
38546
38547
38548
38549
38550
38551
38552
38553
38554
38555
38556
38557
38558
38559
38560
38561
38562
38563
38564
38565
38566
38567
38568
38569
38570
38571
38572
38573
38574
38575
38576
38577
38578
38579
38580
38581
38582
38583
38584
38585
38586
38587
38588
38589
38590
38591
38592
38593
38594
38595
38596
38597
38598
38599
38600
38601
38602
38603
38604
38605
38606
38607
38608
38609
38610
38611
38612
38613
38614
38615
38616
38617
38618
38619
38620
38621
38622
38623
38624
38625
38626
38627
38628
38629
38630
38631
38632
38633
38634
38635
38636
38637
38638
38639
38640
38641
38642
38643
38644
38645
38646
38647
38648
38649
38650
38651
38652
38653
38654
38655
38656
38657
38658
38659
38660
38661
38662
38663
38664
38665
38666
38667
38668
38669
38670
38671
38672
38673
38674
38675
38676
38677
38678
38679
38680
38681
38682
38683
38684
38685
38686
38687
38688
38689
38690
38691
38692
38693
38694
38695
38696
38697
38698
38699
38700
38701
38702
38703
38704
38705
38706
38707
38708
38709
38710
38711
38712
38713
38714
38715
38716
38717
38718
38719
38720
38721
38722
38723
38724
38725
38726
38727
38728
38729
38730
38731
38732
38733
38734
38735
38736
38737
38738
38739
38740
38741
38742
38743
38744
38745
38746
38747
38748
38749
38750
38751
38752
38753
38754
38755
38756
38757
38758
38759
38760
38761
38762
38763
38764
38765
38766
38767
38768
38769
38770
38771
38772
38773
38774
38775
38776
38777
38778
38779
38780
38781
38782
38783
38784
38785
38786
38787
38788
38789
38790
38791
38792
38793
38794
38795
38796
38797
38798
38799
38800
38801
38802
38803
38804
38805
38806
38807
38808
38809
38810
38811
38812
38813
38814
38815
38816
38817
38818
38820
38821
38822
38823
38824
38825
38826
38827
38828
38829
38830
38831
38832
38833
38834
38835
38836
38837
38838
38839
38840
38841
38842
38843
38844
38845
38846
38847
38848
38849
38850
38851
38852
38853
38854
38855
38856
38857
38858
38859
38860
38861
38862
38863
38864
38865
38866
38867
38868
38869
38870
38871
38872
38873
38874
38875
38876
38877
38878
38879
38880
38881
38882
38883
38884
38885
38886
38887
38888
38889
38890
38891
38892
38893
38894
38895
38896
38897
38898
38899
38900
38901
38902
38903
38904
38905
38906
38907
38908
38909
38910
38911
38912
38913
38914
38915
38916
38917
38918
38919
38920
38921
38922
38923
38924
38925
38926
38927
38928
38929
38930
38931
38932
38933
38934
38935
38936
38937
38938
38939
38940
38941
38942
38943
38944
38945
38946
38947
38948
38949
38950
38951
38952
38953
38954
38955
38956
38957
38958
38959
38960
38961
38962
38963
38964
38965
38966
38967
38968
38969
38970
38971
38972
38973
38974
38975
38976
38977
38978
38979
38980
38981
38982
38983
38984
38985
38986
38987
38988
38989
38990
38991
38992
38993
38994
38995
38996
38997
38998
38999
39000
39001
39002
39003
39004
39005
39006
39007
39008
39009
39010
39011
39012
39013
39014
39015
39016
39017
39018
39019
39020
39021
39022
39023
39024
39025
39026
39027
39028
39029
39030
39031
39032
39033
39034
39035
39036
39037
39038
39039
39040
39041
39042
39043
39044
39045
39046
39047
39048
39049
39050
39052
39053
39054
39055
39056
39057
39058
39059
39060
39061
39062
39063
39064
39065
39066
39067
39068
39069
39070
39071
39072
39073
39074
39075
39076
39077
39078
39079
39080
39081
39082
39083
39084
39085
39086
39087
39088
39089
39090
39091
39092
39093
39094
39095
39096
39097
39098
39099
39100
39101
39102
39103
39104
39105
39106
39107
39108
39109
39110
39111
39112
39113
39114
39115
39116
39117
39118
39119
39120
39121
39122
39123
39124
39125
39126
39127
39128
39129
39130
39131
39132
39133
39134
39135
39136
39137
39138
39139
39140
39141
39142
39143
39144
39145
39146
39147
39148
39149
39150
39151
39152
39153
39154
39155
39156
39157
39158
39159
39160
39161
39162
39163
39164
39165
39166
39167
39168
39169
39170
39171
39172
39173
39174
39175
39176
39177
39178
39179
39180
39181
39182
39183
39184
39185
39186
39187
39188
39189
39190
39191
39192
39193
39194
39195
39196
39197
39198
39199
39200
39201
39202
39203
39204
39205
39206
39207
39208
39209
39210
39211
39212
39213
39214
39215
39216
39217
39218
39219
39220
39221
39222
39223
39224
39225
39226
39227
39228
39229
39230
39231
39232
39233
39234
39235
39236
39237
39238
39239
39240
39241
39243
39244
39245
39246
39247
39248
39249
39250
39251
39252
39253
39254
39255
39256
39257
39258
39259
39260
39261
39262
39263
39264
39265
39266
39267
39268
39269
39270
39271
39272
39273
39274
39275
39276
39277
39278
39279
39280
39281
39282
39283
39284
39285
39286
39287
39288
39289
39290
39291
39292
39293
39294
39295
39296
39297
39298
39299
39300
39301
39302
39303
39304
39305
39306
39307
39308
39309
39310
39311
39312
39313
39314
39315
39316
39317
39318
39319
39320
39321
39322
39323
39324
39325
39326
39327
39328
39329
39330
39331
39332
39333
39334
39335
39336
39337
39338
39339
39340
39341
39342
39343
39344
39345
39346
39347
39348
39349
39350
39351
39352
39353
39354
39355
39356
39357
39358
39359
39360
39361
39362
39363
39364
39365
39366
39367
39368
39369
39370
39371
39372
39373
39374
39375
39376
39377
39378
39379
39380
39381
39382
39383
39384
39385
39386
39387
39388
39389
39390
39391
39392
39393
39394
39395
39396
39397
39398
39399
39400
39401
39402
39403
39404
39405
39406
39407
39408
39409
39410
39411
39412
39413
39414
39415
39416
39417
39418
39419
39420
39421
39422
39423
39424
39425
39426
39427
39428
39429
39430
39431
39432
39433
39435
39436
39437
39438
39439
39440
39441
39442
39443
39444
39445
39446
39447
39448
39449
39450
39451
39452
39453
39454
39455
39456
39457
39458
39459
39460
39461
39462
39463
39464
39465
39466
39467
39468
39469
39470
39471
39472
39473
39474
39475
39476
39477
39478
39479
39480
39481
39482
39483
39484
39485
39486
39487
39488
39489
39490
39491
39492
39493
39494
39495
39496
39497
39498
39499
39500
39501
39502
39503
39504
39505
39506
39507
39508
39509
39510
39511
39512
39513
39514
39515
39516
39517
39518
39519
39520
39521
39522
39523
39524
39525
39526
39527
39528
39529
39530
39531
39532
39533
39534
39535
39536
39537
39538
39539
39540
39541
39542
39543
39544
39545
39546
39547
39548
39549
39550
39551
39552
39553
39554
39555
39556
39557
39558
39559
39560
39561
39562
39563
39564
39565
39566
39567
39568
39569
39570
39571
39572
39573
39574
39575
39576
39577
39578
39579
39580
39581
39582
39583
39584
39585
39586
39587
39588
39589
39590
39591
39592
39593
39594
39595
39596
39597
39598
39599
39600
39601
39602
39603
39604
39605
39606
39607
39608
39609
39610
39611
39612
39613
39614
39615
39616
39617
39618
39619
39620
39621
39622
39623
39624
39625
39626
39627
39628
39629
39630
39631
39632
39633
39634
39635
39636
39637
39638
39639
39640
39641
39642
39643
39644
39645
39646
39647
39648
39649
39650
39651
39652
39653
39654
39655
39656
39657
39658
39659
39660
39661
39662
39663
39664
39665
39666
39667
39668
39669
39670
39671
39672
39673
39674
39675
39676
39677
39678
39679
39680
39681
39682
39683
39684
39685
39686
39687
39688
39689
39690
39691
39692
39693
39694
39695
39696
39697
39698
39699
39700
39701
39702
39703
39704
39705
39706
39707
39708
39709
39710
39711
39712
39713
39714
39715
39716
39717
39718
39719
39720
39721
39722
39723
39724
39725
39726
39727
39728
39729
39730
39731
39732
39733
39734
39735
39736
39737
39738
39739
39740
39741
39742
39743
39744
39745
39746
39747
39748
39749
39750
39751
39752
39753
39754
39755
39756
39757
39758
39759
39760
39761
39762
39763
39764
39765
39766
39767
39768
39769
39770
39771
39772
39773
39774
39775
39776
39777
39778
39779
39780
39781
39782
39783
39784
39785
39786
39787
39788
39789
39790
39791
39792
39793
39794
39795
39796
39797
39798
39799
39800
39801
39802
39803
39804
39805
39806
39807
39808
39809
39810
39811
39812
39813
39814
39815
39816
39817
39818
39819
39820
39821
39822
39823
39824
39825
39826
39827
39828
39829
39830
39831
39832
39833
39834
39835
39836
39837
39838
39839
39840
39841
39842
39843
39844
39845
39846
39847
39848
39849
39850
39851
39852
39853
39854
39855
39856
39857
39858
39859
39860
39861
39862
39863
39864
39865
39866
39867
39868
39869
39870
39871
39872
39873
39874
39875
39876
39877
39878
39879
39880
39881
39882
39883
39884
39885
39886
39887
39888
39889
39890
39891
39892
39893
39894
39895
39896
39897
39898
39899
39900
39901
39902
39903
39904
39905
39906
39907
39908
39909
39910
39911
39912
39913
39914
39915
39916
39917
39918
39919
39920
39921
39922
39923
39924
39925
39926
39927
39928
39929
39931
39932
39933
39934
39935
39937
39938
39939
39940
39941
39942
39943
39944
39945
39946
39947
39948
39949
39950
39951
39952
39953
39954
39955
39956
39957
39958
39959
39960
39961
39962
39963
39964
39965
39966
39967
39968
39969
39970
39971
39972
39973
39974
39975
39976
39977
39978
39979
39980
39981
39982
39983
39984
39985
39986
39987
39988
39989
39990
39991
39992
39993
39994
39995
39996
39997
39998
39999
40000
40001
40002
40003
40004
40005
40006
40007
40008
40009
40010
40011
40012
40013
40014
40015
40016
40017
40018
40019
40020
40021
40022
40023
40024
40025
40026
40027
40028
40029
40030
40031
40032
40033
40034
40035
40036
40037
40038
40039
40040
40041
40042
40043
40044
40045
40046
40047
40048
40049
40050
40051
40052
40053
40054
40055
40056
40057
40058
40059
40060
40061
40062
40063
40064
40065
40066
40067
40068
40069
40070
40071
40072
40073
40074
40075
40076
40077
40078
40079
40080
40081
40082
40083
40084
40085
40086
40087
40088
40089
40090
40091
40092
40093
40094
40095
40096
40097
40098
40099
40100
40101
40102
40103
40104
40105
40106
40107
40108
40109
40110
40111
40112
40113
40114
40115
40116
40117
40118
40119
40120
40121
40122
40123
40124
40125
40126
40127
40128
40129
40130
40131
40132
40133
40134
40135
40136
40137
40138
40139
40140
40141
40142
40143
40144
40145
40146
40147
40148
40149
40150
40151
40152
40153
40154
40155
40156
40157
40158
40159
40160
40161
40162
40163
40164
40165
40166
40167
40168
40169
40170
40171
40172
40173
40174
40175
40176
40177
40178
40179
40180
40181
40182
40183
40184
40185
40186
40187
40188
40189
40190
40191
40192
40193
40194
40195
40196
40197
40198
40199
40200
40201
40202
40203
40204
40205
40206
40207
40208
40209
40210
40211
40212
40213
40214
40215
40217
40218
40219
40220
40221
40222
40223
40224
40225
40226
40227
40228
40229
40230
40231
40232
40233
40234
40235
40236
40237
40238
40239
40240
40241
40242
40243
40244
40245
40246
40247
40248
40249
40250
40251
40252
40253
40254
40255
40256
40257
40258
40259
40260
40261
40262
40263
40264
40265
40266
40267
40268
40269
40270
40271
40272
40273
40274
40275
40276
40277
40278
40279
40280
40281
40282
40283
40284
40285
40286
40287
40288
40289
40290
40291
40292
40293
40294
40295
40296
40297
40298
40299
40300
40301
40302
40303
40304
40305
40306
40307
40308
40309
40310
40311
40312
40313
40314
40315
40316
40317
40318
40319
40320
40321
40322
40323
40324
40325
40326
40327
40328
40329
40330
40331
40332
40333
40334
40335
40336
40337
40338
40339
40340
40341
40342
40343
40344
40345
40346
40347
40348
40349
40350
40351
40352
40353
40354
40355
40356
40357
40358
40359
40360
40361
40362
40363
40364
40365
40366
40367
40368
40369
40370
40371
40372
40373
40374
40375
40376
40377
40378
40379
40380
40381
40382
40383
40384
40385
40386
40387
40388
40389
40390
40391
40392
40393
40394
40395
40396
40397
40398
40399
40400
40401
40402
40403
40404
40405
40406
40407
40408
40409
40410
40411
40412
40413
40414
40415
40416
40417
40418
40419
40420
40421
40422
40423
40424
40425
40426
40427
40428
40429
40430
40431
40432
40433
40434
40435
40436
40437
40438
40439
40440
40441
40442
40443
40444
40445
40446
