5	36356
12	36357
18	36358
52	36359
55	36360
61	36361
63	36362
64	36363
68	36364
78	36365
82	36366
83	36367
86	36368
97	36369
101	36370
104	36371
107	36372
110	36373
120	36374
122	36375
124	36376
125	36377
138	36378
145	36379
148	36380
221	36381
240	36382
276	36383
322	36384
363	36385
391	36386
430	36387
442	36388
447	36389
483	36390
512	36391
533	36392
534	36393
538	36394
542	36395
546	36396
552	36397
568	36398
571	36399
574	36400
578	36401
580	36402
584	36403
587	36404
588	36405
592	36406
594	36407
596	36408
599	36409
605	36410
608	36411
621	36412
624	36413
629	36414
632	36415
636	36416
638	36417
646	36418
647	36419
649	36420
651	36421
652	36422
656	36423
669	36424
670	36425
673	36426
683	36427
684	36428
694	36429
699	36430
702	36431
704	36432
707	36433
708	36434
711	36435
714	36436
715	36437
719	36438
720	36439
725	36440
732	36441
733	36442
735	36443
737	36444
738	36445
743	36446
750	36447
755	36448
756	36449
759	36450
761	36451
766	36452
769	36453
776	36454
779	36455
781	36456
790	36457
794	36458
795	36459
806	36460
808	36461
809	36462
815	36463
819	36464
836	36465
845	36466
847	36467
851	36468
854	36469
855	36470
856	36471
857	36472
858	36473
859	36474
863	36475
870	36476
871	36477
872	36478
876	36479
879	36480
880	36481
885	36482
888	36483
894	36484
895	36485
896	36486
898	36487
902	36488
912	36489
913	36490
928	36491
936	36492
939	36493
941	36494
948	36495
953	36496
958	36497
961	36498
962	36499
964	36500
973	36501
976	36502
982	36503
987	36504
988	36505
997	36506
998	36507
1011	36508
1015	36509
1018	36510
1022	36511
1023	36512
1026	36513
1028	36514
1035	36515
1039	36516
1040	36517
1047	36518
1049	36519
1050	36520
1056	36521
1058	36522
1061	36523
1062	36524
1064	36525
1066	36526
1068	36527
1070	36528
1077	36529
1080	36530
1081	36531
1083	36532
1084	36533
1087	36534
1094	36535
1097	36536
1098	36537
1099	36538
1109	36539
1116	36540
1122	36541
1129	36542
1130	36543
1131	36544
1134	36545
1141	36546
1147	36547
1149	36548
1152	36549
1154	36550
1156	36551
1159	36552
1163	36553
1167	36554
1178	36555
1179	36556
1184	36557
1185	36558
1186	36559
1192	36560
1195	36561
1197	36562
1206	36563
1208	36564
1213	36565
1215	36566
1218	36567
1222	36568
1226	36569
1232	36570
1234	36571
1235	36572
1238	36573
1247	36574
1250	36575
1253	36576
1255	36577
1258	36578
1260	36579
1261	36580
1265	36581
1270	36582
1277	36583
1278	36584
1282	36585
1283	36586
1284	36587
1298	36588
1301	36589
1303	36590
1311	36591
1313	36592
1319	36593
1323	36594
1328	36595
1330	36596
1332	36597
1337	36598
1339	36599
1341	36600
1342	36601
1344	36602
1346	36603
1347	36604
1351	36605
1355	36606
1364	36607
1367	36608
1368	36609
1371	36610
1374	36611
1381	36612
1385	36613
1391	36614
1398	36615
1399	36616
1405	36617
1415	36618
1419	36619
1423	36620
1424	36621
1429	36622
1437	36623
1439	36624
1453	36625
1454	36626
1458	36627
1465	36628
1466	36629
1469	36630
1474	36631
1482	36632
1485	36633
1489	36634
1495	36635
1501	36636
1503	36637
1506	36638
1508	36639
1520	36640
1523	36641
1528	36642
1531	36643
1533	36644
1549	36645
1555	36646
1557	36647
1564	36648
1565	36649
1567	36650
1568	36651
1571	36652
1583	36653
1594	36654
1601	36655
1604	36656
1605	36657
1620	36658
1629	36659
1630	36660
1631	36661
1637	36662
1638	36663
1641	36664
1643	36665
1646	36666
1650	36667
1664	36668
1676	36669
1680	36670
1682	36671
1684	36672
1685	36673
1689	36674
1692	36675
1702	36676
1704	36677
1707	36678
1709	36679
1722	36680
1724	36681
1727	36682
1732	36683
1738	36684
1741	36685
1745	36686
1746	36687
1749	36688
1752	36689
1757	36690
1758	36691
1760	36692
1761	36693
1766	36694
1767	36695
1769	36696
1776	36697
1779	36698
1791	36699
1797	36700
1798	36701
1802	36702
1803	36703
1811	36704
1818	36705
1821	36706
1828	36707
1829	36708
1831	36709
1833	36710
1834	36711
1836	36712
1838	36713
1842	36714
1844	36715
1846	36716
1847	36717
1857	36718
1865	36719
1866	36720
1867	36721
1871	36722
1872	36723
1880	36724
1881	36725
1887	36726
1895	36727
1899	36728
1901	36729
1903	36730
1906	36731
1911	36732
1914	36733
1917	36734
1918	36735
1924	36736
1928	36737
1932	36738
1934	36739
1939	36740
1944	36741
1947	36742
1949	36743
1952	36744
1954	36745
1957	36746
1959	36747
1963	36748
1978	36749
2000	36750
2009	36751
2016	36752
2026	36753
2034	36754
2047	36755
2097	36756
2113	36757
2132	36758
2141	36759
2184	36760
2191	36761
2209	36762
2224	36763
2257	36764
2266	36765
2280	36766
2282	36767
2306	36768
2338	36769
2350	36770
2396	36771
2405	36772
2410	36773
2451	36774
2489	36775
2491	36776
2507	36777
2526	36778
2592	36779
2623	36780
2634	36781
2641	36782
2686	36783
2693	36784
2713	36785
2727	36786
2736	36787
2744	36788
2746	36789
2777	36790
2778	36791
2796	36792
2829	36793
2831	36794
2833	36795
2844	36796
2845	36797
2848	36798
2873	36799
2909	36800
2929	36801
2990	36802
3013	36803
3017	36804
3040	36805
3127	36806
3136	36807
3140	36808
3141	36809
3158	36810
3167	36811
3171	36812
3176	36813
3180	36814
3181	36815
3186	36816
3187	36817
3191	36818
3203	36819
3204	36820
3211	36821
3215	36822
3217	36823
3221	36824
3223	36825
3225	36826
3226	36827
3229	36828
3234	36829
3239	36830
3240	36831
3249	36832
3250	36833
3261	36834
3262	36835
3270	36836
3276	36837
3278	36838
3284	36839
3292	36840
3295	36841
3299	36842
3302	36843
3308	36844
3311	36845
3312	36846
3314	36847
3323	36848
3327	36849
3335	36850
3338	36851
3342	36852
3343	36853
3345	36854
3349	36855
3353	36856
3354	36857
3356	36858
3358	36859
3360	36860
3367	36861
3380	36862
3382	36863
3416	36864
3420	36865
3424	36866
3425	36867
3433	36868
3436	36869
3444	36870
3448	36871
3465	36872
3466	36873
3471	36874
3481	36875
3488	36876
3497	36877
3499	36878
3511	36879
3534	36880
3540	36881
3544	36882
3554	36883
3562	36884
3567	36885
3571	36886
3574	36887
3580	36888
3598	36889
3600	36890
3604	36891
3611	36892
3638	36893
3642	36894
3643	36895
3644	36896
3648	36897
3657	36898
3659	36899
3669	36900
3670	36901
3676	36902
3677	36903
3678	36904
3683	36905
3697	36906
3704	36907
3705	36908
3712	36909
3720	36910
3730	36911
3734	36912
3748	36913
3754	36914
3761	36915
3765	36916
3766	36917
3783	36918
3786	36919
3787	36920
3802	36921
3803	36922
3821	36923
3823	36924
3826	36925
3827	36926
3830	36927
3834	36928
3841	36929
3842	36930
3869	36931
3877	36932
3878	36933
3889	36934
3891	36935
3897	36936
3905	36937
3919	36938
3949	36939
3950	36940
3963	36941
3964	36942
3973	36943
3976	36944
3977	36945
3984	36946
3989	36947
4002	36948
4018	36949
4033	36950
4038	36951
4041	36952
4052	36953
4057	36954
4066	36955
4067	36956
4072	36957
4076	36958
4089	36959
4090	36960
4095	36961
4101	36962
4108	36963
4110	36964
4111	36965
4115	36966
4125	36967
4129	36968
4137	36969
4140	36970
4151	36971
4160	36972
4167	36973
4171	36974
4174	36975
4178	36976
4182	36977
4186	36978
4190	36979
4195	36980
4197	36981
4199	36982
4203	36983
4212	36984
4222	36985
4226	36986
4232	36987
4240	36988
4242	36989
4248	36990
4250	36991
4254	36992
4255	36993
4256	36994
4261	36995
4284	36996
4293	36997
4305	36998
4308	36999
4326	37000
4331	37001
4333	37002
4340	37003
4352	37004
4355	37005
4356	37006
4357	37007
4372	37008
4373	37009
4376	37010
4379	37011
4392	37012
4401	37013
4416	37014
4425	37015
4430	37016
4434	37017
4440	37018
4451	37019
4452	37020
4454	37021
4457	37022
4458	37023
4461	37024
4467	37025
4494	37026
4502	37027
4506	37028
4508	37029
4511	37030
4517	37031
4519	37032
4537	37033
4550	37034
4553	37035
4554	37036
4565	37037
4574	37038
4580	37039
4581	37040
4582	37041
4583	37042
4590	37043
4592	37044
4595	37045
4596	37046
4617	37047
4621	37048
4630	37049
4635	37050
4648	37051
4657	37052
4661	37053
4662	37054
4668	37055
4669	37056
4671	37057
4681	37058
4685	37059
4687	37060
4716	37061
4720	37062
4722	37063
4723	37064
4724	37065
4725	37066
4726	37067
4731	37068
4740	37069
4743	37070
4745	37071
4752	37072
4755	37073
4759	37074
4765	37075
4785	37076
4802	37077
4811	37078
4836	37079
4840	37080
4847	37081
4856	37082
4861	37083
4864	37084
4865	37085
4866	37086
4876	37087
4890	37088
4908	37089
4916	37090
4918	37091
4934	37092
4944	37093
4945	37094
4958	37095
4968	37096
4974	37097
4975	37098
4989	37099
4996	37100
4997	37101
5001	37102
5002	37103
5015	37104
5018	37105
5024	37106
5035	37107
5047	37108
5064	37109
5078	37110
5079	37111
5082	37112
5100	37113
5102	37114
5106	37115
5107	37116
5111	37117
5114	37118
5129	37119
5145	37120
5152	37121
5164	37122
5183	37123
5189	37124
5193	37125
5197	37126
5210	37127
5215	37128
5221	37129
5222	37130
5234	37131
5239	37132
5243	37133
5255	37134
5260	37135
5269	37136
5270	37137
5271	37138
5273	37139
5276	37140
5277	37141
5286	37142
5289	37143
5290	37144
5301	37145
5303	37146
5309	37147
5313	37148
5315	37149
5318	37150
5320	37151
5327	37152
5328	37153
5330	37154
5331	37155
5343	37156
5348	37157
5350	37158
5352	37159
5358	37160
5359	37161
5363	37162
5367	37163
5378	37164
5382	37165
5383	37166
5388	37167
5392	37168
5401	37169
5403	37170
5410	37171
5412	37172
5424	37173
5429	37174
5433	37175
5448	37176
5460	37177
5491	37178
5495	37179
5496	37180
5498	37181
5505	37182
5506	37183
5521	37184
5523	37185
5524	37186
5525	37187
5526	37188
5539	37189
5546	37190
5550	37191
5552	37192
5556	37193
5571	37194
5573	37195
5574	37196
5586	37197
5596	37198
5599	37199
5604	37200
5606	37201
5630	37202
5646	37203
5654	37204
5655	37205
5660	37206
5664	37207
5665	37208
5673	37209
5674	37210
5698	37211
5712	37212
5713	37213
5721	37214
5729	37215
5730	37216
5741	37217
5762	37218
5778	37219
5781	37220
5782	37221
5799	37222
5800	37223
5803	37224
5813	37225
5827	37226
5834	37227
5841	37228
5851	37229
5857	37230
5873	37231
5876	37232
5878	37233
5880	37234
5881	37235
5886	37236
5899	37237
5901	37238
5915	37239
5916	37240
5917	37241
5929	37242
5936	37243
5955	37244
5959	37245
5966	37246
5969	37247
5970	37248
5971	37249
5994	37250
5997	37251
6000	37252
6018	37253
6021	37254
6026	37255
6028	37256
6032	37257
6034	37258
6038	37259
6044	37260
6046	37261
6054	37262
6060	37263
6061	37264
6065	37265
6068	37266
6069	37267
6075	37268
6078	37269
6098	37270
6101	37271
6113	37272
6120	37273
6128	37274
6134	37275
6147	37276
6149	37277
6156	37278
6165	37279
6169	37280
6174	37281
6181	37282
6191	37283
6199	37284
6209	37285
6223	37286
6231	37287
6232	37288
6234	37289
6239	37290
6245	37291
6250	37292
6251	37293
6262	37294
6265	37295
6266	37296
6286	37297
6287	37298
6291	37299
6296	37300
6299	37301
6304	37302
6322	37303
6332	37304
6339	37305
6343	37306
6349	37307
6358	37308
6360	37309
6374	37310
6375	37311
6379	37312
6380	37313
6384	37314
6387	37315
6394	37316
6400	37317
6403	37318
6406	37319
6414	37320
6415	37321
6416	37322
6427	37323
6431	37324
6434	37325
6436	37326
6446	37327
6451	37328
6453	37329
6487	37330
6488	37331
6492	37332
6499	37333
6503	37334
6527	37335
6531	37336
6535	37337
6536	37338
6541	37339
6544	37340
6552	37341
6558	37342
6583	37343
6586	37344
6600	37345
6601	37346
6607	37347
6609	37348
6619	37349
6630	37350
6634	37351
6636	37352
6637	37353
6654	37354
6666	37355
6668	37356
6683	37357
6684	37358
6689	37359
6706	37360
6707	37361
6714	37362
6718	37363
6719	37364
6720	37365
6739	37366
6746	37367
6748	37368
6749	37369
6750	37370
6760	37371
6767	37372
6771	37373
6777	37374
6786	37375
6788	37376
6791	37377
6800	37378
6802	37379
6808	37380
6814	37381
6815	37382
6821	37383
6822	37384
6823	37385
6830	37386
6833	37387
6849	37388
6857	37389
6861	37390
6873	37391
6881	37392
6893	37393
6904	37394
6923	37395
6928	37396
6930	37397
6931	37398
6932	37399
6957	37400
6961	37401
6963	37402
6967	37403
6971	37404
6979	37405
6980	37406
6982	37407
6991	37408
6995	37409
7007	37410
7008	37411
7011	37412
7017	37413
7025	37414
7041	37415
7045	37416
7057	37417
7059	37418
7071	37419
7073	37420
7076	37421
7078	37422
7081	37423
7086	37424
7099	37425
7102	37426
7103	37427
7110	37428
7121	37429
7131	37430
7135	37431
7137	37432
7151	37433
7159	37434
7167	37435
7178	37436
7189	37437
7190	37438
7196	37439
7201	37440
7208	37441
7216	37442
7220	37443
7228	37444
7229	37445
7231	37446
7253	37447
7256	37448
7258	37449
7260	37450
7261	37451
7265	37452
7278	37453
7280	37454
7293	37455
7300	37456
7306	37457
7320	37458
7323	37459
7332	37460
7333	37461
7344	37462
7362	37463
7369	37464
7370	37465
7380	37466
7381	37467
7383	37468
7389	37469
7395	37470
7398	37471
7403	37472
7404	37473
7406	37474
7409	37475
7420	37476
7426	37477
7427	37478
7439	37479
7440	37480
7444	37481
7447	37482
7449	37483
7455	37484
7459	37485
7460	37486
7471	37487
7472	37488
7478	37489
7479	37490
7482	37491
7492	37492
7499	37493
7504	37494
7510	37495
7515	37496
7520	37497
7522	37498
7529	37499
7532	37500
7535	37501
7536	37502
7540	37503
7543	37504
7549	37505
7553	37506
7555	37507
7556	37508
7568	37509
7573	37510
7580	37511
7581	37512
7591	37513
7608	37514
7618	37515
7619	37516
7625	37517
7626	37518
7630	37519
7640	37520
7645	37521
7653	37522
7656	37523
7668	37524
7672	37525
7681	37526
7682	37527
7685	37528
7690	37529
7703	37530
7707	37531
7708	37532
7709	37533
7711	37534
7721	37535
7731	37536
7740	37537
7742	37538
7752	37539
7755	37540
7777	37541
7782	37542
7784	37543
7797	37544
7825	37545
7828	37546
7839	37547
7846	37548
7852	37549
7856	37550
7871	37551
7877	37552
7903	37553
7904	37554
7905	37555
7907	37556
7915	37557
7918	37558
7919	37559
7920	37560
7923	37561
7927	37562
7935	37563
7941	37564
7955	37565
7968	37566
7981	37567
7982	37568
7988	37569
7997	37570
8000	37571
8013	37572
8014	37573
8019	37574
8024	37575
8027	37576
8029	37577
8030	37578
8031	37579
8056	37580
8061	37581
8064	37582
8072	37583
8075	37584
8079	37585
8086	37586
8098	37587
8109	37588
8119	37589
8120	37590
8126	37591
8130	37592
8134	37593
8140	37594
8142	37595
8143	37596
8145	37597
8151	37598
8153	37599
8154	37600
8161	37601
8175	37602
8177	37603
8181	37604
8182	37605
8194	37606
8197	37607
8201	37608
8210	37609
8214	37610
8220	37611
8224	37612
8228	37613
8229	37614
8241	37615
8246	37616
8274	37617
8278	37618
8288	37619
8297	37620
8305	37621
8309	37622
8313	37623
8322	37624
8340	37625
8353	37626
8356	37627
8357	37628
8358	37629
8373	37630
8378	37631
8381	37632
8387	37633
8392	37634
8402	37635
8424	37636
8438	37637
8440	37638
8444	37639
8445	37640
8447	37641
8449	37642
8451	37643
8453	37644
8463	37645
8477	37646
8482	37647
8488	37648
8496	37649
8497	37650
8501	37651
8515	37652
8529	37653
8543	37654
8558	37655
8560	37656
8563	37657
8564	37658
8578	37659
8579	37660
8582	37661
8584	37662
8589	37663
8590	37664
8593	37665
8599	37666
8606	37667
8607	37668
8613	37669
8630	37670
8636	37671
8638	37672
8640	37673
8641	37674
8646	37675
8647	37676
8652	37677
8653	37678
8655	37679
8656	37680
8661	37681
8678	37682
8680	37683
8689	37684
8695	37685
8702	37686
8712	37687
8725	37688
8729	37689
8735	37690
8738	37691
8748	37692
8753	37693
8759	37694
8760	37695
8766	37696
8783	37697
8787	37698
8793	37699
8796	37700
8804	37701
8811	37702
8816	37703
8818	37704
8819	37705
8820	37706
8826	37707
8830	37708
8833	37709
8834	37710
8842	37711
8849	37712
8857	37713
8858	37714
8871	37715
8879	37716
8880	37717
8881	37718
8890	37719
8899	37720
8924	37721
8925	37722
8929	37723
8933	37724
8942	37725
8947	37726
8948	37727
8956	37728
8958	37729
8976	37730
8981	37731
8982	37732
8985	37733
8992	37734
8996	37735
9009	37736
9011	37737
9013	37738
9023	37739
9027	37740
9030	37741
9032	37742
9044	37743
9056	37744
9065	37745
9076	37746
9093	37747
9096	37748
9097	37749
9100	37750
9104	37751
9105	37752
9106	37753
9110	37754
9112	37755
9121	37756
9140	37757
9146	37758
9157	37759
9166	37760
9178	37761
9180	37762
9184	37763
9197	37764
9201	37765
9206	37766
9208	37767
9216	37768
9217	37769
9241	37770
9247	37771
9255	37772
9258	37773
9261	37774
9262	37775
9264	37776
9289	37777
9305	37778
9309	37779
9310	37780
9314	37781
9315	37782
9322	37783
9326	37784
9338	37785
9344	37786
9346	37787
9347	37788
9354	37789
9360	37790
9363	37791
9367	37792
9376	37793
9385	37794
9390	37795
9398	37796
9409	37797
9410	37798
9412	37799
9416	37800
9423	37801
9438	37802
9440	37803
9454	37804
9457	37805
9469	37806
9477	37807
9478	37808
9479	37809
9483	37810
9501	37811
9511	37812
9531	37813
9542	37814
9559	37815
9599	37816
9606	37817
9621	37818
9631	37819
9632	37820
9633	37821
9644	37822
9652	37823
9653	37824
9656	37825
9660	37826
9663	37827
9667	37828
9671	37829
9674	37830
9675	37831
9682	37832
9683	37833
9684	37834
9687	37835
9695	37836
9696	37837
9700	37838
9705	37839
9706	37840
9708	37841
9713	37842
9716	37843
9717	37844
9719	37845
9721	37846
9723	37847
9725	37848
9741	37849
9743	37850
9744	37851
9749	37852
9750	37853
9752	37854
9753	37855
9754	37856
9756	37857
9760	37858
9762	37859
9763	37860
9764	37861
9766	37862
9767	37863
9768	37864
9774	37865
9776	37866
9779	37867
9781	37868
9782	37869
9785	37870
9787	37871
9789	37872
9790	37873
9807	37874
9810	37875
9817	37876
9828	37877
9830	37878
9831	37879
9832	37880
9834	37881
9835	37882
9836	37883
9838	37884
9844	37885
9846	37886
9849	37887
9850	37888
9859	37889
9864	37890
9865	37891
9870	37892
9874	37893
9876	37894
9882	37895
9884	37896
9888	37897
9892	37898
9893	37899
9895	37900
9900	37901
9902	37902
9912	37903
9913	37904
9914	37905
9917	37906
9918	37907
9922	37908
9924	37909
9925	37910
9926	37911
9932	37912
9933	37913
9934	37914
9935	37915
9947	37916
9957	37917
9963	37918
9969	37919
9970	37920
9976	37921
9979	37922
9982	37923
9986	37924
9988	37925
9989	37926
9990	37927
9991	37928
9992	37929
9993	37930
9995	37931
9997	37932
9999	37933
10001	37934
10006	37935
10007	37936
10010	37937
10019	37938
10021	37939
10024	37940
10026	37941
10031	37942
10032	37943
10042	37944
10044	37945
10046	37946
10050	37947
10055	37948
10057	37949
10064	37950
10067	37951
10069	37952
10076	37953
10083	37954
10085	37955
10090	37956
10093	37957
10096	37958
10097	37959
10100	37960
10101	37961
10105	37962
10106	37963
10112	37964
10114	37965
10120	37966
10121	37967
10123	37968
10128	37969
10137	37970
10139	37971
10145	37972
10147	37973
10148	37974
10152	37975
10153	37976
10159	37977
10161	37978
10163	37979
10175	37980
10177	37981
10181	37982
10186	37983
10200	37984
10202	37985
10206	37986
10207	37987
10219	37988
10223	37989
10227	37990
10232	37991
10233	37992
10236	37993
10237	37994
10242	37995
10243	37996
10254	37997
10257	37998
10258	37999
10264	38000
10267	38001
10268	38002
10273	38003
10279	38004
10282	38005
10283	38006
10284	38007
10295	38008
10301	38009
10302	38010
10310	38011
10312	38012
10315	38013
10329	38014
10330	38015
10331	38016
10341	38017
10343	38018
10347	38019
10348	38020
10351	38021
10352	38022
10357	38023
10359	38024
10368	38025
10369	38026
10370	38027
10372	38028
10373	38029
10374	38030
10375	38031
10377	38032
10382	38033
10391	38034
10393	38035
10396	38036
10402	38037
10408	38038
10413	38039
10425	38040
10427	38041
10430	38042
10439	38043
10443	38044
10444	38045
10446	38046
10447	38047
10451	38048
10452	38049
10455	38050
10461	38051
10462	38052
10466	38053
10468	38054
10469	38055
10477	38056
10479	38057
10483	38058
10492	38059
10495	38060
10496	38061
10498	38062
10501	38063
10504	38064
10505	38065
10506	38066
10508	38067
10509	38068
10513	38069
10514	38070
10522	38071
10527	38072
10528	38073
10529	38074
10531	38075
10532	38076
10534	38077
10546	38078
10548	38079
10550	38080
10566	38081
10572	38082
10575	38083
10577	38084
10588	38085
10590	38086
10602	38087
10604	38088
10608	38089
10623	38090
10628	38091
10629	38092
10630	38093
10645	38094
10646	38095
10647	38096
10657	38097
10658	38098
10662	38099
10663	38100
10666	38101
10668	38102
10669	38103
10672	38104
10676	38105
10680	38106
10684	38107
10686	38108
10687	38109
10689	38110
10690	38111
10692	38112
10694	38113
10696	38114
10698	38115
10707	38116
10708	38117
10710	38118
10716	38119
10717	38120
10721	38121
10722	38122
10723	38123
10725	38124
10726	38125
10729	38126
10730	38127
10733	38128
10738	38129
10739	38130
10740	38131
10741	38132
10745	38133
10746	38134
10752	38135
10759	38136
10767	38137
10770	38138
10771	38139
10775	38140
10777	38141
10781	38142
10782	38143
10784	38144
10787	38145
10789	38146
10791	38147
10799	38148
10810	38149
10813	38150
10814	38151
10815	38152
10819	38153
10821	38154
10825	38155
10829	38156
10830	38157
10832	38158
10834	38159
10838	38160
10847	38161
10852	38162
10864	38163
10867	38164
10869	38165
10870	38166
10873	38167
10874	38168
10877	38169
10898	38170
10911	38171
10920	38172
10925	38173
10928	38174
10930	38175
10932	38176
10934	38177
10937	38178
10938	38179
10941	38180
10943	38181
10948	38182
10951	38183
10964	38184
10965	38185
10968	38186
10972	38187
10973	38188
10974	38189
10978	38190
10979	38191
10981	38192
10983	38193
10986	38194
10997	38195
11013	38196
11017	38197
11019	38198
11023	38199
11029	38200
11034	38201
11047	38202
11048	38203
11049	38204
11053	38205
11060	38206
11064	38207
11065	38208
11068	38209
11074	38210
11082	38211
11083	38212
11094	38213
11096	38214
11099	38215
11123	38216
11124	38217
11125	38218
11126	38219
11127	38220
11128	38221
11132	38222
11136	38223
11139	38224
11144	38225
11148	38226
11153	38227
11155	38228
11156	38229
11157	38230
11159	38231
11160	38232
11164	38233
11167	38234
11174	38235
11178	38236
11182	38237
11184	38238
11186	38239
11191	38240
11200	38241
11201	38242
11205	38243
11210	38244
11211	38245
11212	38246
11225	38247
11229	38248
11231	38249
11233	38250
11240	38251
11241	38252
11246	38253
11250	38254
11256	38255
11259	38256
11261	38257
11262	38258
11263	38259
11269	38260
11272	38261
11273	38262
11278	38263
11283	38264
11284	38265
11286	38266
11290	38267
11291	38268
11292	38269
11294	38270
11300	38271
11303	38272
11306	38273
11311	38274
11320	38275
11327	38276
11330	38277
11334	38278
11336	38279
11338	38280
11355	38281
11358	38282
11363	38283
11373	38284
11377	38285
11378	38286
11386	38287
11390	38288
11391	38289
11393	38290
11399	38291
11404	38292
11409	38293
11413	38294
11421	38295
11424	38296
11428	38297
11429	38298
11430	38299
11433	38300
11439	38301
11441	38302
11444	38303
11446	38304
11453	38305
11454	38306
11456	38307
11463	38308
11464	38309
11467	38310
11472	38311
11473	38312
11474	38313
11478	38314
11485	38315
11486	38316
11488	38317
11489	38318
11492	38319
11495	38320
11498	38321
11499	38322
11502	38323
11506	38324
11507	38325
11510	38326
11511	38327
11512	38328
11513	38329
11514	38330
11516	38331
11526	38332
11531	38333
11546	38334
11549	38335
11560	38336
11564	38337
11567	38338
11569	38339
11574	38340
11576	38341
11577	38342
11581	38343
11585	38344
11586	38345
11587	38346
11588	38347
11589	38348
11594	38349
11600	38350
11605	38351
11627	38352
11631	38353
11634	38354
11636	38355
11638	38356
11648	38357
11649	38358
11652	38359
11654	38360
11657	38361
11660	38362
11669	38363
11671	38364
11686	38365
11690	38366
11692	38367
11695	38368
11701	38369
11706	38370
11707	38371
11708	38372
11709	38373
11712	38374
11713	38375
11715	38376
11719	38377
11721	38378
11725	38379
11727	38380
11731	38381
11737	38382
11739	38383
11741	38384
11744	38385
11749	38386
11750	38387
11760	38388
11761	38389
11778	38390
11782	38391
11783	38392
11784	38393
11786	38394
11788	38395
11790	38396
11793	38397
11799	38398
11803	38399
11805	38400
11816	38401
11819	38402
11820	38403
11822	38404
11824	38405
11826	38406
11833	38407
11834	38408
11835	38409
11839	38410
11840	38411
11847	38412
11850	38413
11854	38414
11860	38415
11864	38416
11866	38417
11868	38418
11879	38419
11880	38420
11886	38421
11888	38422
11891	38423
11895	38424
11896	38425
11906	38426
11909	38427
11910	38428
11912	38429
11916	38430
11920	38431
11923	38432
11931	38433
11936	38434
11952	38435
11954	38436
11963	38437
11965	38438
11968	38439
11974	38440
11980	38441
11983	38442
11985	38443
11986	38444
11992	38445
11994	38446
11998	38447
12008	38448
12009	38449
12010	38450
12012	38451
12016	38452
12018	38453
12020	38454
12022	38455
12024	38456
12035	38457
12042	38458
12044	38459
12049	38460
12057	38461
12060	38462
12064	38463
12065	38464
12068	38465
12069	38466
12070	38467
12080	38468
12084	38469
12099	38470
12106	38471
12107	38472
12112	38473
12115	38474
12118	38475
12127	38476
12129	38477
12132	38478
12133	38479
12137	38480
12141	38481
12146	38482
12157	38483
12160	38484
12161	38485
12163	38486
12166	38487
12174	38488
12180	38489
12185	38490
12193	38491
12194	38492
12197	38493
12204	38494
12212	38495
12220	38496
12221	38497
12227	38498
12229	38499
12231	38500
12236	38501
12237	38502
12240	38503
12241	38504
12242	38505
12244	38506
12247	38507
12249	38508
12253	38509
12255	38510
12259	38511
12260	38512
12266	38513
12267	38514
12276	38515
12281	38516
12287	38517
12293	38518
12297	38519
12300	38520
12301	38521
12307	38522
12310	38523
12313	38524
12318	38525
12326	38526
12327	38527
12333	38528
12338	38529
12339	38530
12342	38531
12344	38532
12346	38533
12351	38534
12352	38535
12357	38536
12359	38537
12360	38538
12363	38539
12366	38540
12374	38541
12385	38542
12387	38543
12396	38544
12400	38545
12401	38546
12405	38547
12406	38548
12409	38549
12414	38550
12424	38551
12429	38552
12437	38553
12447	38554
12451	38555
12466	38556
12469	38557
12471	38558
12473	38559
12475	38560
12479	38561
12480	38562
12483	38563
12487	38564
12489	38565
12492	38566
12510	38567
12520	38568
12521	38569
12522	38570
12527	38571
12530	38572
12539	38573
12541	38574
12542	38575
12543	38576
12545	38577
12547	38578
12548	38579
12549	38580
12555	38581
12564	38582
12572	38583
12578	38584
12579	38585
12581	38586
12584	38587
12585	38588
12586	38589
12599	38590
12600	38591
12610	38592
12612	38593
12613	38594
12614	38595
12626	38596
12631	38597
12637	38598
12638	38599
12639	38600
12640	38601
12645	38602
12649	38603
12654	38604
12656	38605
12659	38606
12666	38607
12671	38608
12673	38609
12683	38610
12692	38611
12698	38612
12700	38613
12703	38614
12705	38615
12707	38616
12710	38617
12712	38618
12716	38619
12721	38620
12727	38621
12732	38622
12734	38623
12735	38624
12746	38625
12747	38626
12749	38627
12752	38628
12762	38629
12764	38630
12765	38631
12768	38632
12770	38633
12771	38634
12772	38635
12778	38636
12783	38637
12784	38638
12785	38639
12796	38640
12798	38641
12800	38642
12803	38643
12805	38644
12806	38645
12811	38646
12816	38647
12818	38648
12819	38649
12822	38650
12827	38651
12832	38652
12834	38653
12842	38654
12852	38655
12855	38656
12859	38657
12865	38658
12867	38659
12880	38660
12883	38661
12884	38662
12893	38663
12894	38664
12900	38665
12902	38666
12903	38667
12906	38668
12907	38669
12908	38670
12909	38671
12923	38672
12927	38673
12930	38674
12934	38675
12937	38676
12944	38677
12961	38678
12962	38679
12972	38680
12974	38681
12977	38682
12980	38683
12981	38684
12984	38685
12989	38686
12990	38687
12993	38688
12994	38689
12998	38690
12999	38691
13000	38692
13008	38693
13009	38694
13016	38695
13017	38696
13018	38697
13019	38698
13021	38699
13024	38700
13030	38701
13037	38702
13038	38703
13040	38704
13045	38705
13050	38706
13051	38707
13064	38708
13078	38709
13081	38710
13082	38711
13088	38712
13093	38713
13104	38714
13111	38715
13115	38716
13116	38717
13117	38718
13122	38719
13131	38720
13138	38721
13140	38722
13141	38723
13145	38724
13146	38725
13149	38726
13150	38727
13151	38728
13153	38729
13158	38730
13162	38731
13163	38732
13164	38733
13168	38734
13174	38735
13181	38736
13190	38737
13192	38738
13194	38739
13202	38740
13203	38741
13204	38742
13205	38743
13207	38744
13215	38745
13218	38746
13222	38747
13224	38748
13232	38749
13240	38750
13251	38751
13255	38752
13261	38753
13262	38754
13263	38755
13264	38756
13268	38757
13271	38758
13273	38759
13275	38760
13279	38761
13280	38762
13281	38763
13283	38764
13288	38765
13292	38766
13294	38767
13296	38768
13300	38769
13323	38770
13330	38771
13331	38772
13333	38773
13336	38774
13337	38775
13348	38776
13354	38777
13362	38778
13372	38779
13378	38780
13389	38781
13391	38782
13396	38783
13398	38784
13401	38785
13405	38786
13408	38787
13409	38788
13414	38789
13416	38790
13420	38791
13427	38792
13429	38793
13434	38794
13438	38795
13441	38796
13453	38797
13457	38798
13458	38799
13460	38800
13468	38801
13470	38802
13474	38803
13475	38804
13476	38805
13480	38806
13483	38807
13485	38808
13487	38809
13490	38810
13492	38811
13493	38812
13503	38813
13504	38814
13509	38815
13520	38816
13535	38817
13536	38818
13537	38819
13543	38820
13549	38821
13551	38822
13564	38823
13566	38824
13567	38825
13569	38826
13571	38827
13574	38828
13578	38829
13579	38830
13588	38831
13595	38832
13608	38833
13611	38834
13613	38835
13616	38836
13619	38837
13623	38838
13624	38839
13625	38840
13626	38841
13635	38842
13636	38843
13637	38844
13640	38845
13641	38846
13643	38847
13645	38848
13648	38849
13649	38850
13652	38851
13659	38852
13660	38853
13673	38854
13678	38855
13686	38856
13688	38857
13690	38858
13697	38859
13704	38860
13715	38861
13716	38862
13721	38863
13727	38864
13728	38865
13729	38866
13731	38867
13732	38868
13735	38869
13752	38870
13753	38871
13764	38872
13765	38873
13768	38874
13774	38875
13775	38876
13780	38877
13785	38878
13786	38879
13787	38880
13789	38881
13795	38882
13797	38883
13799	38884
13805	38885
13812	38886
13817	38887
13818	38888
13822	38889
13823	38890
13826	38891
13829	38892
13831	38893
13838	38894
13841	38895
13853	38896
13860	38897
13862	38898
13863	38899
13868	38900
13874	38901
13878	38902
13885	38903
13889	38904
13891	38905
13892	38906
13894	38907
13897	38908
13899	38909
13900	38910
13901	38911
13902	38912
13904	38913
13909	38914
13917	38915
13924	38916
13926	38917
13928	38918
13929	38919
13932	38920
13934	38921
13938	38922
13955	38923
13956	38924
13979	38925
13986	38926
13987	38927
13993	38928
13996	38929
13997	38930
14000	38931
14011	38932
14014	38933
14016	38934
14020	38935
14021	38936
14022	38937
14027	38938
14030	38939
14032	38940
14034	38941
14036	38942
14037	38943
14043	38944
14047	38945
14051	38946
14052	38947
14053	38948
14055	38949
14057	38950
14070	38951
14072	38952
14074	38953
14077	38954
14080	38955
14087	38956
14088	38957
14099	38958
14104	38959
14106	38960
14109	38961
14115	38962
14116	38963
14120	38964
14129	38965
14131	38966
14135	38967
14144	38968
14148	38969
14150	38970
14154	38971
14156	38972
14165	38973
14166	38974
14178	38975
14179	38976
14181	38977
14185	38978
14197	38979
14200	38980
14203	38981
14215	38982
14216	38983
14218	38984
14221	38985
14225	38986
14227	38987
14237	38988
14238	38989
14246	38990
14247	38991
14256	38992
14259	38993
14260	38994
14262	38995
14268	38996
14270	38997
14278	38998
14285	38999
14286	39000
14287	39001
14289	39002
14291	39003
14294	39004
14300	39005
14301	39006
14304	39007
14314	39008
14316	39009
14317	39010
14331	39011
14332	39012
14337	39013
14350	39014
14351	39015
14354	39016
14358	39017
14359	39018
14362	39019
14366	39020
14374	39021
14376	39022
14377	39023
14383	39024
14385	39025
14388	39026
14390	39027
14391	39028
14392	39029
14394	39030
14407	39031
14416	39032
14421	39033
14424	39034
14433	39035
14435	39036
14437	39037
14442	39038
14444	39039
14451	39040
14454	39041
14455	39042
14457	39043
14466	39044
14470	39045
14471	39046
14478	39047
14480	39048
14486	39049
14487	39050
14493	39051
14495	39052
14501	39053
14506	39054
14521	39055
14522	39056
14527	39057
14532	39058
14538	39059
14539	39060
14540	39061
14544	39062
14546	39063
14548	39064
14550	39065
14552	39066
14563	39067
14570	39068
14575	39069
14576	39070
14583	39071
14586	39072
14587	39073
14604	39074
14613	39075
14615	39076
14621	39077
14623	39078
14628	39079
14632	39080
14634	39081
14635	39082
14643	39083
14646	39084
14647	39085
14652	39086
14653	39087
14655	39088
14659	39089
14662	39090
14663	39091
14668	39092
14669	39093
14672	39094
14678	39095
14679	39096
14689	39097
14690	39098
14697	39099
14704	39100
14707	39101
14714	39102
14715	39103
14717	39104
14719	39105
14727	39106
14731	39107
14734	39108
14738	39109
14742	39110
14747	39111
14761	39112
14762	39113
14763	39114
14766	39115
14767	39116
14771	39117
14781	39118
14783	39119
14784	39120
14785	39121
14788	39122
14792	39123
14799	39124
14808	39125
14809	39126
14815	39127
14825	39128
14827	39129
14829	39130
14837	39131
14839	39132
14840	39133
14844	39134
14849	39135
14852	39136
14853	39137
14854	39138
14856	39139
14857	39140
14863	39141
14869	39142
14870	39143
14872	39144
14873	39145
14877	39146
14879	39147
14881	39148
14886	39149
14888	39150
14894	39151
14898	39152
14902	39153
14908	39154
14911	39155
14913	39156
14919	39157
14920	39158
14923	39159
14924	39160
14931	39161
14932	39162
14933	39163
14936	39164
14938	39165
14939	39166
14940	39167
14941	39168
14944	39169
14948	39170
14953	39171
14956	39172
14958	39173
14960	39174
14966	39175
14971	39176
14972	39177
14976	39178
14979	39179
14984	39180
14988	39181
14991	39182
14997	39183
15003	39184
15005	39185
15007	39186
15010	39187
15014	39188
15016	39189
15020	39190
15023	39191
15025	39192
15026	39193
15039	39194
15046	39195
15050	39196
15052	39197
15053	39198
15057	39199
15061	39200
15068	39201
15073	39202
15075	39203
15076	39204
15084	39205
15088	39206
15089	39207
15092	39208
15093	39209
15095	39210
15106	39211
15107	39212
15109	39213
15110	39214
15112	39215
15116	39216
15117	39217
15121	39218
15123	39219
15126	39220
15135	39221
15139	39222
15141	39223
15142	39224
15151	39225
15152	39226
15153	39227
15157	39228
15161	39229
15165	39230
15173	39231
15174	39232
15180	39233
15186	39234
15189	39235
15190	39236
15200	39237
15201	39238
15204	39239
15220	39240
15221	39241
15227	39242
15232	39243
15234	39244
15239	39245
15240	39246
15247	39247
15248	39248
15262	39249
15267	39250
15270	39251
15275	39252
15281	39253
15285	39254
15286	39255
15292	39256
15299	39257
15305	39258
15308	39259
15310	39260
15311	39261
15322	39262
15323	39263
15329	39264
15330	39265
15332	39266
15333	39267
15336	39268
15340	39269
15356	39270
15360	39271
15361	39272
15363	39273
15367	39274
15370	39275
15371	39276
15383	39277
15385	39278
15386	39279
15390	39280
15392	39281
15396	39282
15403	39283
15407	39284
15410	39285
15413	39286
15416	39287
15420	39288
15429	39289
15435	39290
15446	39291
15448	39292
15451	39293
15452	39294
15455	39295
15456	39296
15457	39297
15467	39298
15477	39299
15478	39300
15485	39301
15486	39302
15496	39303
15498	39304
15504	39305
15507	39306
15510	39307
15511	39308
15512	39309
15517	39310
15525	39311
15526	39312
15530	39313
15537	39314
15543	39315
15553	39316
15556	39317
15561	39318
15566	39319
15569	39320
15570	39321
15572	39322
15573	39323
15576	39324
15583	39325
15585	39326
15589	39327
15593	39328
15597	39329
15600	39330
15602	39331
15604	39332
15606	39333
15618	39334
15619	39335
15629	39336
15632	39337
15643	39338
15647	39339
15651	39340
15653	39341
15655	39342
15657	39343
15667	39344
15674	39345
15675	39346
15679	39347
15680	39348
15685	39349
15687	39350
15691	39351
15692	39352
15695	39353
15696	39354
15699	39355
15704	39356
15706	39357
15715	39358
15716	39359
15719	39360
15732	39361
15733	39362
15736	39363
15745	39364
15748	39365
15751	39366
15755	39367
15759	39368
15761	39369
15762	39370
15764	39371
15765	39372
15766	39373
15773	39374
15775	39375
15776	39376
15779	39377
15781	39378
15783	39379
15785	39380
15807	39381
15810	39382
15812	39383
15815	39384
15817	39385
15819	39386
15821	39387
15823	39388
15829	39389
15831	39390
15832	39391
15833	39392
15834	39393
15837	39394
15840	39395
15846	39396
15849	39397
15857	39398
15862	39399
15863	39400
15864	39401
15872	39402
15879	39403
15893	39404
15907	39405
15908	39406
15910	39407
15916	39408
15935	39409
15938	39410
15953	39411
15956	39412
15960	39413
15962	39414
15963	39415
15966	39416
15975	39417
15979	39418
15980	39419
15982	39420
15985	39421
15990	39422
15991	39423
16004	39424
16006	39425
16007	39426
16009	39427
16012	39428
16013	39429
16015	39430
16016	39431
16018	39432
16024	39433
16029	39434
16033	39435
16035	39436
16046	39437
16048	39438
16053	39439
16054	39440
16061	39441
16064	39442
16066	39443
16068	39444
16073	39445
16082	39446
16087	39447
16090	39448
16091	39449
16097	39450
16099	39451
16102	39452
16107	39453
16111	39454
16114	39455
16119	39456
16130	39457
16135	39458
16138	39459
16145	39460
16150	39461
16151	39462
16155	39463
16159	39464
16161	39465
16164	39466
16165	39467
16175	39468
16180	39469
16189	39470
16190	39471
16192	39472
16197	39473
16199	39474
16212	39475
16215	39476
16221	39477
16228	39478
16229	39479
16237	39480
16238	39481
16243	39482
16244	39483
16254	39484
16261	39485
16262	39486
16264	39487
16269	39488
16271	39489
16275	39490
16283	39491
16286	39492
16290	39493
16292	39494
16296	39495
16311	39496
16312	39497
16313	39498
16325	39499
16329	39500
16334	39501
16336	39502
16341	39503
16345	39504
16354	39505
16356	39506
16358	39507
16369	39508
16382	39509
16398	39510
16403	39511
16407	39512
16409	39513
16415	39514
16428	39515
16436	39516
16440	39517
16441	39518
16444	39519
16448	39520
16457	39521
16459	39522
16463	39523
16467	39524
16471	39525
16475	39526
16481	39527
16484	39528
16494	39529
16495	39530
16497	39531
16501	39532
16506	39533
16512	39534
16513	39535
16522	39536
16523	39537
16524	39538
16530	39539
16538	39540
16539	39541
16541	39542
16547	39543
16555	39544
16556	39545
16557	39546
16558	39547
16570	39548
16572	39549
16574	39550
16576	39551
16589	39552
16591	39553
16595	39554
16596	39555
16599	39556
16600	39557
16601	39558
16603	39559
16606	39560
16611	39561
16614	39562
16618	39563
16620	39564
16622	39565
16625	39566
16627	39567
16643	39568
16652	39569
16654	39570
16655	39571
16656	39572
16659	39573
16660	39574
16661	39575
16662	39576
16663	39577
16667	39578
16668	39579
16671	39580
16674	39581
16681	39582
16689	39583
16691	39584
16700	39585
16705	39586
16708	39587
16710	39588
16712	39589
16716	39590
16732	39591
16738	39592
16745	39593
16749	39594
16752	39595
16754	39596
16755	39597
16756	39598
16758	39599
16767	39600
16769	39601
16770	39602
16774	39603
16775	39604
16777	39605
16779	39606
16780	39607
16787	39608
16790	39609
16801	39610
16805	39611
16810	39612
16812	39613
16821	39614
16826	39615
16833	39616
16835	39617
16843	39618
16848	39619
16852	39620
16853	39621
16854	39622
16855	39623
16860	39624
16861	39625
16864	39626
16869	39627
16873	39628
16877	39629
16883	39630
16887	39631
16891	39632
16900	39633
16903	39634
16905	39635
16908	39636
16911	39637
16922	39638
16924	39639
16926	39640
16931	39641
16932	39642
16934	39643
16936	39644
16937	39645
16938	39646
16939	39647
16946	39648
16953	39649
16954	39650
16961	39651
16962	39652
16964	39653
16967	39654
16974	39655
16975	39656
16976	39657
16977	39658
16981	39659
16987	39660
16993	39661
17004	39662
17008	39663
17011	39664
17018	39665
17019	39666
17020	39667
17022	39668
17025	39669
17035	39670
17044	39671
17049	39672
17054	39673
17057	39674
17058	39675
17061	39676
17064	39677
17068	39678
17072	39679
17074	39680
17077	39681
17079	39682
17082	39683
17086	39684
17088	39685
17096	39686
17102	39687
17109	39688
17110	39689
17127	39690
17146	39691
17149	39692
17153	39693
17154	39694
17159	39695
17160	39696
17165	39697
17166	39698
17167	39699
17170	39700
17171	39701
17187	39702
17189	39703
17190	39704
17198	39705
17200	39706
17203	39707
17210	39708
17216	39709
17220	39710
17224	39711
17225	39712
17226	39713
17229	39714
17230	39715
17231	39716
17233	39717
17234	39718
17238	39719
17239	39720
17240	39721
17241	39722
17243	39723
17246	39724
17251	39725
17253	39726
17255	39727
17259	39728
17264	39729
17268	39730
17274	39731
17275	39732
17277	39733
17278	39734
17280	39735
17282	39736
17284	39737
17289	39738
17290	39739
17294	39740
17295	39741
17308	39742
17311	39743
17317	39744
17318	39745
17321	39746
17333	39747
17343	39748
17345	39749
17351	39750
17353	39751
17357	39752
17360	39753
17384	39754
17387	39755
17391	39756
17392	39757
17408	39758
17409	39759
17412	39760
17420	39761
17428	39762
17429	39763
17431	39764
17433	39765
17436	39766
17437	39767
17442	39768
17445	39769
17451	39770
17457	39771
17466	39772
17479	39773
17483	39774
17487	39775
17498	39776
17499	39777
17507	39778
17508	39779
17517	39780
17524	39781
17526	39782
17529	39783
17533	39784
17535	39785
17536	39786
17543	39787
17547	39788
17561	39789
17566	39790
17568	39791
17570	39792
17573	39793
17581	39794
17583	39795
17588	39796
17589	39797
17590	39798
17592	39799
17597	39800
17598	39801
17601	39802
17602	39803
17604	39804
17609	39805
17611	39806
17618	39807
17619	39808
17623	39809
17629	39810
17631	39811
17633	39812
17634	39813
17640	39814
17643	39815
17645	39816
17651	39817
17652	39818
17654	39819
17656	39820
17659	39821
17663	39822
17666	39823
17671	39824
17675	39825
17678	39826
17687	39827
17691	39828
17694	39829
17698	39830
17707	39831
17708	39832
17715	39833
17721	39834
17726	39835
17728	39836
17729	39837
17732	39838
17733	39839
17740	39840
17741	39841
17746	39842
17750	39843
17751	39844
17755	39845
17758	39846
17760	39847
17764	39848
17769	39849
17771	39850
17775	39851
17777	39852
17781	39853
17790	39854
17794	39855
17799	39856
17806	39857
17808	39858
17813	39859
17815	39860
17820	39861
17826	39862
17827	39863
17830	39864
17832	39865
17835	39866
17836	39867
17837	39868
17844	39869
17846	39870
17851	39871
17852	39872
17853	39873
17865	39874
17869	39875
17870	39876
17872	39877
17874	39878
17882	39879
17894	39880
17899	39881
17900	39882
17901	39883
17902	39884
17903	39885
17907	39886
17912	39887
17913	39888
17915	39889
17931	39890
17934	39891
17935	39892
17943	39893
17945	39894
17947	39895
17951	39896
17958	39897
17961	39898
17963	39899
17966	39900
17968	39901
17973	39902
17974	39903
17975	39904
17977	39905
17978	39906
17982	39907
17983	39908
17986	39909
17988	39910
17996	39911
18005	39912
18008	39913
18010	39914
18014	39915
18017	39916
18022	39917
18023	39918
18027	39919
18029	39920
18030	39921
18036	39922
18039	39923
18040	39924
18041	39925
18043	39926
18044	39927
18045	39928
18050	39929
18057	39930
18062	39931
18065	39932
18066	39933
18071	39934
18073	39935
18074	39936
18076	39937
18089	39938
18090	39939
18098	39940
18099	39941
18120	39942
18121	39943
18127	39944
18128	39945
18130	39946
18134	39947
18135	39948
18138	39949
18139	39950
18140	39951
18143	39952
18157	39953
18159	39954
18161	39955
18164	39956
18166	39957
18169	39958
18170	39959
18175	39960
18181	39961
18182	39962
18186	39963
18187	39964
18194	39965
18197	39966
18201	39967
18205	39968
18210	39969
18213	39970
18214	39971
18222	39972
18227	39973
18229	39974
18230	39975
18233	39976
18240	39977
18251	39978
18255	39979
18257	39980
18260	39981
18261	39982
18267	39983
18268	39984
18276	39985
18278	39986
18281	39987
18282	39988
18286	39989
18288	39990
18299	39991
18300	39992
18303	39993
18305	39994
18316	39995
18318	39996
18321	39997
18323	39998
18326	39999
18336	40000
18337	40001
18343	40002
18345	40003
18346	40004
18350	40005
18359	40006
18362	40007
18366	40008
18367	40009
18368	40010
18377	40011
18386	40012
18387	40013
18391	40014
18396	40015
18399	40016
18402	40017
18403	40018
18415	40019
18422	40020
18423	40021
18434	40022
18436	40023
18438	40024
18440	40025
18449	40026
18451	40027
18453	40028
18455	40029
18465	40030
18468	40031
18469	40032
18473	40033
18478	40034
18481	40035
18485	40036
18498	40037
18500	40038
18502	40039
18510	40040
18511	40041
18514	40042
18519	40043
18529	40044
18532	40045
18533	40046
18535	40047
18536	40048
18541	40049
18549	40050
18551	40051
18553	40052
18558	40053
18560	40054
18563	40055
18567	40056
18574	40057
18592	40058
18596	40059
18598	40060
18606	40061
18607	40062
18610	40063
18611	40064
18612	40065
18614	40066
18627	40067
18628	40068
18630	40069
18632	40070
18634	40071
18639	40072
18641	40073
18642	40074
18650	40075
18661	40076
18665	40077
18666	40078
18667	40079
18668	40080
18669	40081
18671	40082
18676	40083
18677	40084
18692	40085
18696	40086
18697	40087
18698	40088
18701	40089
18703	40090
18705	40091
18706	40092
18712	40093
18718	40094
18721	40095
18722	40096
18723	40097
18725	40098
18730	40099
18738	40100
18739	40101
18741	40102
18747	40103
18748	40104
18750	40105
18754	40106
18755	40107
18760	40108
18762	40109
18767	40110
18776	40111
18780	40112
18788	40113
18789	40114
18797	40115
18798	40116
18801	40117
18804	40118
18806	40119
18810	40120
18811	40121
18822	40122
18827	40123
18828	40124
18829	40125
18833	40126
18841	40127
18843	40128
18848	40129
18865	40130
18867	40131
18870	40132
18872	40133
18876	40134
18879	40135
18881	40136
18882	40137
18884	40138
18885	40139
18886	40140
18896	40141
18897	40142
18898	40143
18909	40144
18917	40145
18921	40146
18922	40147
18923	40148
18926	40149
18927	40150
18929	40151
18931	40152
18933	40153
18935	40154
18942	40155
18948	40156
18951	40157
18955	40158
18956	40159
18967	40160
18970	40161
18987	40162
18991	40163
18994	40164
19002	40165
19004	40166
19009	40167
19014	40168
19015	40169
19016	40170
19029	40171
19032	40172
19034	40173
19035	40174
19038	40175
19054	40176
19057	40177
19060	40178
19066	40179
19074	40180
19076	40181
19081	40182
19083	40183
19090	40184
19092	40185
19094	40186
19099	40187
19102	40188
19103	40189
19106	40190
19108	40191
19112	40192
19113	40193
19117	40194
19118	40195
19121	40196
19123	40197
19129	40198
19132	40199
19136	40200
19138	40201
19140	40202
19141	40203
19150	40204
19154	40205
19155	40206
19157	40207
19160	40208
19163	40209
19167	40210
19168	40211
19170	40212
19171	40213
19174	40214
19177	40215
19178	40216
19186	40217
19188	40218
19198	40219
19201	40220
19203	40221
19205	40222
19209	40223
19211	40224
19218	40225
19225	40226
19228	40227
19235	40228
19258	40229
19261	40230
19262	40231
19263	40232
19264	40233
19267	40234
19270	40235
19272	40236
19273	40237
19282	40238
19297	40239
19304	40240
19305	40241
19316	40242
19317	40243
19318	40244
19320	40245
19321	40246
19330	40247
19331	40248
19333	40249
19335	40250
19344	40251
19347	40252
19356	40253
19362	40254
19363	40255
19367	40256
19370	40257
19380	40258
19381	40259
19386	40260
19387	40261
19392	40262
19395	40263
19396	40264
19398	40265
19401	40266
19409	40267
19415	40268
19416	40269
19418	40270
19419	40271
19422	40272
19424	40273
19427	40274
19428	40275
19432	40276
19433	40277
19437	40278
19439	40279
19441	40280
19446	40281
19450	40282
19451	40283
19458	40284
19464	40285
19466	40286
19483	40287
19484	40288
19497	40289
19498	40290
19507	40291
19509	40292
19511	40293
19514	40294
19519	40295
19529	40296
19536	40297
19541	40298
19543	40299
19549	40300
19554	40301
19558	40302
19559	40303
19562	40304
19565	40305
19566	40306
19575	40307
19580	40308
19581	40309
19585	40310
19587	40311
19594	40312
19596	40313
19598	40314
19602	40315
19607	40316
19609	40317
19610	40318
19613	40319
19617	40320
19619	40321
19626	40322
19638	40323
19639	40324
19642	40325
19647	40326
19648	40327
19650	40328
19653	40329
19657	40330
19667	40331
19676	40332
19680	40333
19683	40334
19686	40335
19693	40336
19694	40337
19699	40338
19708	40339
19710	40340
19712	40341
19713	40342
19715	40343
19721	40344
19724	40345
19733	40346
19737	40347
19746	40348
19747	40349
19751	40350
19752	40351
19759	40352
19761	40353
19762	40354
19765	40355
19768	40356
20015	40357
20050	40358
20301	40359
20320	40360
20383	40361
20448	40362
20467	40363
20508	40364
20763	40365
20915	40366
21307	40367
21358	40368
21593	40369
21622	40370
21740	40371
21760	40372
21801	40373
21917	40374
22296	40375
22302	40376
22303	40377
22312	40378
22326	40379
22330	40380
22332	40381
22333	40382
22334	40383
22336	40384
22340	40385
22342	40386
22344	40387
22348	40388
22350	40389
22352	40390
22360	40391
22362	40392
22363	40393
22366	40394
22381	40395
22383	40396
22387	40397
22389	40398
22390	40399
22396	40400
22403	40401
22404	40402
22406	40403
22409	40404
22417	40405
22421	40406
22422	40407
22424	40408
22425	40409
22432	40410
22439	40411
22442	40412
22444	40413
22448	40414
22450	40415
22456	40416
22457	40417
22460	40418
22463	40419
22470	40420
22477	40421
22482	40422
22486	40423
22489	40424
22491	40425
22494	40426
22495	40427
22510	40428
22511	40429
22516	40430
22518	40431
22521	40432
22527	40433
22530	40434
22533	40435
22534	40436
22535	40437
22536	40438
22540	40439
22546	40440
22547	40441
22553	40442
22554	40443
22558	40444
22565	40445
22566	40446
