0
2
5
8
10
11
13
14
16
21
24
25
27
29
32
38
43
48
49
51
55
57
60
68
69
70
74
75
77
81
82
86
87
88
90
91
97
98
104
107
108
110
113
115
119
122
123
124
127
129
133
135
138
140
143
144
147
153
154
155
159
161
162
163
166
168
171
176
177
180
185
187
192
193
196
198
202
207
211
214
215
219
220
221
222
224
225
227
237
239
240
241
243
244
245
246
248
249
259
260
261
263
266
267
268
269
272
275
278
281
282
285
287
288
289
296
298
302
303
306
307
309
311
312
314
318
320
321
323
324
325
327
336
337
338
340
344
348
349
366
371
373
375
380
382
383
385
386
387
389
395
402
403
407
410
411
413
416
418
419
421
422
423
424
427
429
430
432
434
435
438
441
445
446
461
463
464
465
466
467
468
469
471
474
480
481
482
491
492
494
495
501
503
507
508
511
513
514
515
516
520
526
531
533
535
536
537
541
542
545
547
552
555
559
560
561
562
566
569
573
574
576
579
584
585
586
592
593
594
599
603
608
609
611
613
614
615
617
619
621
623
625
630
631
633
635
637
642
644
645
650
654
656
659
660
668
672
675
677
678
680
683
684
686
688
693
696
697
702
708
711
713
714
715
719
722
730
731
736
742
745
747
748
750
751
757
760
768
771
772
776
781
782
785
786
791
793
797
799
804
805
807
810
812
813
819
822
823
826
827
829
832
835
836
838
843
844
846
855
856
858
859
860
864
865
868
869
870
871
872
875
877
879
880
881
883
884
889
891
892
893
895
897
898
900
901
906
907
908
912
913
916
918
919
921
922
923
925
927
928
930
935
941
943
945
946
951
954
960
962
964
965
966
968
969
970
973
975
981
982
986
996
997
999
1003
1006
1010
1013
1014
1015
1016
1017
1020
1021
1026
1027
1032
1033
1039
1041
1042
1043
1046
1049
1051
1054
1055
1056
1059
1060
1062
1063
1064
1067
1069
1070
1074
1076
1081
1083
1084
1088
1092
1108
1109
1111
1121
1124
1127
1131
1132
1136
1137
1144
1148
1149
1152
1154
1157
1158
1160
1164
1166
1169
1171
1172
1179
1180
1183
1185
1190
1193
1197
1199
1201
1204
1206
1208
1212
1213
1216
1217
1222
1224
1225
1228
1233
1234
1235
1236
1238
1239
1241
1242
1243
1245
1249
1254
1259
1260
1262
1263
1270
1272
1274
1277
1278
1279
1283
1285
1287
1289
1290
1292
1294
1297
1299
1301
1302
1303
1304
1306
1307
1308
1310
1311
1315
1317
1319
1321
1323
1324
1327
1328
1331
1336
1342
1344
1348
1349
1350
1351
1353
1356
1357
1359
1360
1361
1366
1367
1368
1372
1373
1377
1380
1385
1386
1389
1390
1391
1392
1396
1398
1403
1408
1410
1411
1414
1416
1417
1419
1420
1421
1422
1423
1426
1427
1430
1431
1435
1441
1445
1448
1450
1453
1456
1469
1470
1472
1474
1478
1480
1488
1495
1498
1500
1513
1515
1519
1521
1523
1524
1528
1530
1533
1534
1535
1539
1541
1542
1543
1545
1547
1551
1552
1553
1557
1558
1561
1568
1569
1570
1574
1575
1577
1578
1579
1583
1584
1587
1588
1592
1595
1597
1601
1603
1604
1607
1608
1609
1610
1611
1616
1618
1622
1624
1627
1628
1629
1634
1635
1636
1638
1644
1646
1648
1650
1652
1654
1657
1660
1662
1665
1669
1673
1680
1681
1682
1683
1684
1685
1687
1689
1690
1699
1700
1704
1706
1710
1711
1712
1715
1717
1719
1723
1725
1727
1732
1733
1735
1736
1738
1739
1740
1741
1744
1745
1748
1750
1755
1756
1760
1762
1766
1772
1773
1774
1775
1776
1778
1784
1788
1789
1791
1792
1795
1796
1799
1805
1806
1808
1809
1815
1816
1824
1827
1828
1831
1832
1833
1842
1843
1844
1848
1849
1850
1851
1852
1854
1861
1865
1868
1869
1871
1872
1873
1875
1883
1885
1888
1890
1891
1892
1894
1898
1899
1901
1904
1905
1906
1909
1913
1916
1917
1920
1921
1922
1925
1927
1930
1931
1932
1934
1936
1938
1941
1942
1943
1947
1949
1950
1955
1958
1964
1966
1971
1972
1974
1975
1984
1985
1990
1991
1994
1995
1998
2003
2005
2008
2009
2010
2012
2013
2015
2020
2021
2024
2025
2026
2027
2031
2032
2033
2034
2035
2040
2041
2042
2044
2045
2046
2048
2054
2057
2058
2063
2066
2071
2072
2073
2074
2077
2078
2081
2083
2087
2102
2108
2114
2115
2116
2117
2118
2119
2122
2123
2124
2129
2132
2143
2146
2152
2154
2157
2161
2162
2163
2166
2169
2177
2179
2181
2184
2188
2190
2191
2192
2193
2194
2200
2202
2204
2207
2209
2212
2214
2216
2217
2222
2224
2225
2226
2227
2234
2240
2243
2244
2250
2253
2254
2256
2257
2263
2265
2269
2272
2273
2274
2275
2277
2279
2280
2283
2284
2285
2286
2292
2293
2296
2297
2298
2299
2306
2309
2310
2311
2313
2317
2319
2320
2322
2323
2324
2329
2332
2336
2340
2345
2350
2356
2362
2364
2365
2366
2368
2370
2372
2374
2375
2376
2378
2381
2383
2385
2393
2395
2397
2400
2401
2406
2408
2410
2415
2417
2418
2423
2424
2425
2434
2435
2438
2439
2440
2441
2442
2444
2445
2446
2447
2448
2453
2463
2464
2466
2468
2473
2476
2477
2478
2479
2480
2482
2486
2489
2492
2495
2497
2500
2502
2505
2510
2513
2515
2523
2524
2530
2532
2533
2534
2537
2538
2539
2540
2545
2547
2548
2549
2551
2552
2555
2557
2563
2564
2576
2578
2581
2582
2583
2589
2590
2596
2599
2600
2602
2603
2606
2609
2610
2611
2614
2618
2619
2623
2624
2633
2634
2635
2637
2638
2642
2644
2649
2651
2653
2656
2657
2658
2659
2661
2662
2663
2666
2668
2669
2672
2675
2678
2681
2685
2686
2690
2691
2693
2699
2706
2710
2711
2713
2714
2715
2719
2720
2726
2732
2737
2745
2746
2747
2748
2752
2753
2755
2757
2762
2765
2766
2769
2772
2774
2775
2776
2780
2784
2785
2787
2794
2795
2797
2798
2804
2805
2806
2808
2812
2815
2816
2817
2819
2822
2830
2832
2833
2837
2839
2841
2842
2844
2845
2848
2851
2852
2853
2854
2855
2856
2859
2860
2862
2865
2866
2870
2872
2875
2876
2878
2879
2881
2883
2885
2887
2890
2891
2896
2902
2907
2913
2922
2924
2925
2926
2933
2936
2938
2939
2940
2941
2942
2943
2948
2951
2952
2954
2955
2956
2957
2963
2966
2969
2970
2971
2972
2975
2980
2982
2987
2990
2992
2994
2995
2999
3003
3005
3006
3007
3011
3013
3014
3016
3020
3022
3023
3030
3032
3034
3035
3039
3040
3045
3050
3052
3054
3055
3056
3061
3063
3068
3070
3073
3074
3075
3081
3090
3092
3094
3095
3098
3102
3103
3104
3107
3109
3117
3118
3120
3121
3122
3123
3125
3127
3128
3129
3131
3135
3136
3139
3141
3142
3143
3144
3146
3149
3152
3156
3157
3159
3161
3163
3169
3171
3172
3175
3176
3180
3181
3183
3188
3189
3190
3191
3195
3199
3200
3206
3207
3210
3212
3216
3218
3219
3223
3238
3240
3242
3243
3246
3248
3249
3252
3257
3259
3260
3261
3262
3268
3269
3270
3272
3281
3284
3286
3288
3290
3292
3296
3297
3298
3300
3301
3307
3308
3309
3313
3314
3320
3324
3331
3332
3333
3335
3338
3339
3343
3345
3346
3347
3352
3353
3354
3360
3362
3367
3368
3371
3374
3377
3381
3382
3384
3387
3388
3389
3390
3391
3393
3397
3402
3403
3404
3406
3411
3412
3414
3426
3432
3434
3436
3438
3441
3442
3445
3446
3447
3448
3452
3456
3460
3461
3465
3467
3469
3471
3475
3476
3479
3481
3484
3485
3488
3489
3490
3495
3497
3499
3502
3504
3517
3518
3520
3521
3522
3527
3528
3529
3530
3532
3537
3540
3549
3554
3555
3557
3558
3560
3562
3566
3570
3571
3572
3574
3577
3579
3580
3581
3582
3589
3591
3592
3595
3598
3599
3600
3602
3604
3608
3611
3613
3617
3623
3625
3627
3631
3632
3634
3635
3638
3641
3645
3647
3649
3650
3653
3664
3665
3668
3670
3676
3678
3681
3686
3690
3692
3693
3699
3703
3704
3705
3706
3707
3708
3709
3715
3718
3727
3728
3730
3731
3737
3738
3743
3746
3748
3751
3755
3756
3760
3761
3762
3767
3768
3769
3776
3777
3778
3785
3791
3792
3795
3796
3798
3800
3804
3805
3811
3812
3817
3819
3820
3822
3824
3826
3829
3830
3832
3833
3834
3837
3839
3843
3851
3855
3859
3860
3861
3862
3869
3870
3871
3872
3874
3879
3880
3885
3887
3889
3893
3905
3908
3912
3915
3921
3924
3927
3930
3934
3936
3937
3939
3941
3944
3945
3947
3949
3950
3955
3956
3958
3959
3965
3973
3974
3976
3978
3980
3981
3983
3986
3987
3992
3995
4000
4001
4002
4003
4005
4008
4009
4012
4014
4015
4016
4017
4019
4022
4025
4033
4039
4042
4044
4045
4046
4053
4054
4055
4059
4061
4064
4066
4067
4071
4073
4079
4083
4084
4086
4087
4088
4091
4092
4093
4095
4096
4097
4098
4100
4101
4103
4104
4105
4106
4107
4111
4117
4118
4121
4124
4127
4128
4129
4137
4140
4141
4142
4143
4154
4155
4156
4158
4159
4160
4161
4164
4168
4172
4177
4179
4186
4195
4199
4202
4205
4208
4210
4212
4214
4215
4216
4218
4220
4221
4222
4223
4225
4226
4229
4230
4234
4235
4240
4241
4242
4244
4250
4254
4255
4256
4257
4258
4262
4264
4266
4269
4274
4276
4277
4279
4280
4283
4286
4291
4297
4298
4300
4305
4308
4309
4310
4312
4313
4314
4316
4318
4319
4320
4321
4322
4324
4325
4328
4330
4334
4335
4336
4343
4345
4347
4358
4359
4360
4363
4364
4372
4374
4376
4380
4381
4384
4387
4389
4391
4395
4396
4401
4402
4403
4407
4408
4410
4412
4415
4416
4419
4425
4431
4437
4443
4444
4446
4448
4452
4455
4456
4458
4464
4465
4466
4467
4471
4475
4476
4478
4479
4492
4493
4495
4496
4497
4500
4506
4508
4512
4514
4515
4516
4519
4522
4525
4529
4530
4534
4542
4543
4545
4546
4550
4551
4552
4553
4555
4559
4561
4568
4569
4572
4576
4580
4584
4585
4589
4591
4597
4600
4601
4603
4604
4605
4607
4609
4613
4616
4617
4619
4620
4621
4622
4623
4627
4630
4631
4632
4633
4639
4646
4649
4650
4651
4652
4654
4655
4656
4660
4661
4663
4666
4667
4668
4670
4671
4672
4676
4679
4684
4686
4688
4689
4690
4695
4697
4698
4702
4707
4708
4715
4718
4722
4728
4731
4732
4733
4739
4740
4741
4744
4746
4747
4749
4750
4757
4760
4765
4766
4767
4772
4773
4775
4776
4777
4779
4782
4784
4785
4786
4787
4788
4791
4794
4799
4800
4801
4804
4805
4808
4811
4813
4815
4816
4819
4820
4822
4825
4830
4831
4832
4837
4842
4848
4851
4853
4856
4857
4861
4866
4869
4877
4878
4880
4881
4882
4885
4886
4887
4889
4891
4892
4894
4897
4900
4901
4903
4904
4905
4907
4909
4910
4912
4917
4921
4924
4926
4927
4928
4929
4930
4935
4937
4938
4941
4942
4944
4945
4954
4956
4958
4959
4962
4963
4966
4972
4973
4974
4975
4978
4979
4980
4981
4986
4987
4988
4989
4990
4992
4993
4994
4995
4998
4999
5000
5001
5003
5004
5007
5009
5014
5019
5022
5023
5036
5038
5040
5041
5047
5053
5054
5057
5060
5066
5070
5073
5075
5076
5077
5080
5082
5083
5084
5085
5086
5087
5088
5093
5095
5098
5102
5103
5105
5106
5107
5113
5114
5116
5119
5121
5122
5129
5133
5136
5140
5142
5146
5148
5149
5150
5151
5156
5160
5161
5162
5164
5167
5174
5175
5179
5182
5184
5185
5189
5192
5198
5201
5203
5212
5213
5214
5216
5217
5225
5226
5229
5232
5235
5236
5241
5243
5244
5245
5246
5250
5252
5253
5254
5255
5257
5259
5260
5262
5264
5267
5269
5273
5276
5277
5278
5279
5282
5288
5289
5292
5293
5294
5296
5297
5299
5300
5301
5303
5306
5308
5315
5318
5319
5323
5324
5325
5326
5327
5328
5334
5337
5338
5340
5341
5342
5343
5345
5346
5350
5351
5353
5354
5355
5357
5360
5363
5367
5368
5369
5371
5373
5375
5377
5379
5381
5382
5383
5385
5386
5395
5397
5398
5400
5401
5407
5410
5411
5414
5415
5416
5418
5421
5422
5423
5424
5428
5429
5430
5431
5435
5438
5441
5442
5444
5446
5450
5451
5455
5456
5459
5461
5464
5465
5467
5469
5473
5474
5475
5477
5479
5480
5483
5485
5486
5489
5490
5494
5499
5500
5501
5505
5506
5507
5512
5516
5518
5519
5520
5524
5525
5529
5532
5539
5540
5545
5546
5548
5551
5553
5555
5557
5560
5562
5563
5578
5579
5581
5582
5584
5585
5588
5590
5592
5593
5601
5603
5605
5609
5610
5611
5614
5617
5618
5619
5621
5622
5623
5624
5627
5631
5632
5634
5635
5638
5640
5641
5642
5648
5650
5652
5655
5660
5661
5663
5664
5665
5667
5669
5671
5677
5680
5681
5683
5684
5686
5691
5695
5700
5701
5706
5707
5709
5711
5715
5716
5721
5723
5725
5726
5735
5741
5744
5746
5748
5752
5753
5756
5758
5760
5761
5763
5766
5767
5770
5771
5775
5776
5778
5779
5781
5782
5783
5784
5785
5790
5794
5796
5797
5798
5799
5802
5803
5804
5805
5808
5811
5812
5813
5820
5821
5827
5828
5829
5831
5832
5833
5842
5843
5844
5845
5846
5854
5856
5857
5860
5862
5863
5864
5870
5871
5873
5877
5878
5880
5883
5884
5891
5892
5894
5896
5897
5899
5900
5903
5904
5907
5916
5917
5920
5924
5925
5926
5927
5932
5933
5936
5937
5938
5939
5941
5944
5945
5948
5950
5951
5953
5956
5957
5960
5963
5973
5976
5978
5979
5980
5983
5985
5987
5988
5989
5991
5994
5996
6002
6003
6004
6008
6011
6012
6013
6017
6019
6022
6024
6028
6029
6031
6040
6042
6046
6052
6053
6054
6056
6057
6058
6059
6060
6061
6063
6067
6069
6075
6076
6077
6079
6080
6082
6083
6084
6087
6088
6092
6096
6097
6099
6104
6110
6111
6113
6116
6118
6129
6130
6134
6135
6139
6142
6145
6146
6147
6157
6162
6163
6166
6168
6174
6176
6177
6185
6191
6196
6200
6203
6205
6208
6210
6218
6219
6220
6223
6224
6225
6228
6230
6232
6235
6236
6237
6238
6240
6242
6244
6248
6250
6252
6253
6255
6256
6263
6264
6265
6266
6268
6274
6275
6277
6280
6281
6282
6285
6286
6291
6292
6294
6299
6307
6309
6311
6315
6317
6318
6320
6323
6324
6325
6327
6329
6330
6334
6335
6337
6338
6340
6344
6346
6347
6348
6351
6353
6354
6355
6356
6357
6363
6367
6372
6375
6379
6381
6383
6384
6385
6393
6395
6409
6413
6415
6416
6417
6418
6421
6422
6423
6425
6426
6433
6435
6437
6438
6441
6442
6445
6446
6447
6452
6453
6456
6457
6461
6465
6466
6469
6474
6475
6477
6478
6484
6494
6496
6497
6499
6500
6501
6505
6509
6510
6512
6513
6514
6515
6516
6517
6520
6524
6526
6531
6532
6538
6539
6540
6542
6547
6548
6552
6553
6555
6558
6559
6560
6562
6563
6565
6572
6577
6580
6581
6582
6585
6592
6593
6595
6597
6600
6603
6605
6608
6613
6618
6629
6633
6635
6636
6638
6642
6643
6644
6650
6652
6655
6656
6658
6661
6666
6668
6670
6673
6685
6688
6689
6690
6697
6701
6702
6703
6704
6705
6706
6707
6709
6710
6711
6715
6717
6718
6720
6722
6726
6727
6730
6731
6733
6735
6738
6740
6741
6744
6745
6748
6749
6752
6753
6755
6758
6762
6765
6768
6769
6770
6772
6773
6775
6778
6780
6784
6785
6789
6792
6795
6798
6799
6800
6801
6803
6804
6806
6808
6811
6812
6814
6815
6818
6819
6820
6824
6826
6827
6830
6831
6837
6840
6842
6845
6851
6855
6856
6858
6860
6861
6862
6865
6870
6872
6881
6883
6886
6892
6895
6896
6898
6899
6900
6901
6905
6907
6913
6914
6915
6916
6919
6925
6932
6936
6938
6940
6941
6942
6945
6948
6950
6951
6952
6953
6954
6955
6956
6962
6964
6966
6970
6974
6975
6976
6977
6978
6980
6982
6987
6988
6989
6994
6995
6997
7002
7004
7006
7008
7010
7013
7016
7017
7018
7020
7021
7025
7030
7033
7034
7036
7041
7042
7044
7047
7049
7052
7053
7055
7057
7059
7063
7065
7066
7068
7074
7075
7076
7078
7080
7083
7084
7085
7088
7089
7090
7091
7093
7094
7096
7099
7105
7108
7111
7119
7120
7121
7122
7125
7128
7130
7132
7133
7135
7137
7143
7144
7149
7150
7151
7153
7154
7157
7159
7162
7164
7165
7166
7168
7175
7176
7177
7184
7185
7186
7187
7190
7192
7194
7199
7201
7202
7204
7205
7206
7207
7213
7219
7221
7223
7226
7229
7232
7233
7234
7237
7240
7243
7244
7245
7246
7247
7248
7251
7252
7254
7255
7258
7267
7270
7272
7273
7275
7282
7283
7284
7285
7286
7290
7291
7295
7298
7300
7302
7306
7307
7309
7310
7315
7318
7319
7320
7321
7324
7325
7328
7330
7331
7332
7334
7335
7340
7341
7350
7353
7356
7358
7359
7368
7369
7371
7373
7375
7376
7378
7380
7381
7383
7385
7387
7388
7389
7392
7393
7394
7396
7400
7409
7415
7419
7420
7423
7425
7428
7430
7431
7433
7439
7440
7447
7449
7451
7453
7455
7456
7457
7460
7461
7467
7470
7473
7475
7477
7478
7479
7481
7489
7490
7491
7493
7497
7498
7506
7507
7509
7511
7512
7515
7518
7519
7520
7522
7525
7526
7537
7538
7542
7543
7544
7545
7547
7550
7552
7553
7559
7562
7564
7566
7567
7573
7575
7576
7577
7578
7579
7580
7583
7584
7586
7588
7592
7593
7597
7598
7600
7601
7602
7606
7608
7609
7614
7615
7620
7622
7623
7628
7629
7630
7631
7633
7634
7635
7637
7642
7648
7649
7650
7653
7658
7660
7661
7665
7667
7670
7673
7676
7677
7679
7681
7683
7688
7690
7692
7693
7694
7699
7704
7706
7709
7710
7716
7726
7734
7735
7742
7747
7748
7750
7753
7758
7762
7763
7767
7770
7772
7773
7775
7780
7781
7782
7783
7789
7790
7796
7797
7798
7800
7801
7804
7807
7812
7821
7823
7825
7828
7830
7832
7834
7838
7843
7846
7848
7850
7853
7854
7859
7865
7871
7875
7882
7886
7890
7896
7897
7899
7902
7903
7904
7905
7907
7913
7916
7917
7918
7921
7922
7926
7927
7930
7932
7934
7935
7938
7940
7946
7947
7948
7952
7953
7960
7965
7966
7969
7972
7978
7979
7984
7988
7990
7991
7993
7994
7995
7996
7998
8003
8006
8007
8008
8009
8011
8013
8015
8018
8022
8024
8029
8032
8035
8036
8040
8043
8044
8048
8052
8054
8056
8057
8059
8060
8061
8062
8063
8064
8067
8068
8069
8074
8075
8078
8080
8084
8087
8088
8091
8092
8095
8096
8098
8100
8101
8104
8107
8108
8109
8110
8112
8114
8120
8123
8127
8129
8132
8135
8136
8139
8145
8147
8149
8150
8151
8155
8159
8163
8164
8167
8173
8174
8180
8184
8185
8186
8188
8189
8190
8192
8194
8197
8199
8200
8201
8202
8205
8208
8209
8211
8212
8213
8228
8229
8234
8236
8237
8239
8240
8241
8243
8244
8246
8247
8248
8254
8257
8263
8264
8265
8266
8268
8270
8274
8276
8291
8295
8297
8302
8309
8313
8314
8315
8316
8318
8319
8325
8326
8327
8330
8331
8332
8333
8335
8337
8338
8340
8343
8350
8355
8358
8360
8365
8368
8369
8371
8372
8373
8374
8376
8381
8387
8389
8390
8391
8393
8394
8398
8399
8403
8409
8411
8419
8423
8426
8433
8437
8438
8439
8440
8441
8443
8444
8445
8448
8449
8451
8456
8459
8461
8462
8463
8464
8467
8473
8474
8477
8478
8480
8481
8483
8484
8487
8501
8502
8503
8504
8505
8508
8509
8511
8514
8515
8517
8518
8520
8521
8522
8523
8529
8531
8533
8534
8537
8538
8539
8540
8542
8543
8544
8545
8548
8549
8550
8551
8553
8555
8560
8564
8565
8569
8570
8575
8576
8578
8591
8594
8595
8596
8601
8603
8604
8607
8611
8615
8617
8620
8623
8624
8625
8629
8634
8636
8640
8641
8642
8646
8647
8654
8655
8656
8657
8659
8661
8662
8663
8665
8670
8672
8678
8680
8681
8683
8687
8692
8693
8695
8697
8699
8702
8705
8707
8715
8717
8718
8720
8721
8725
8728
8730
8732
8735
8739
8740
8742
8745
8747
8748
8750
8751
8753
8760
8764
8766
8768
8770
8771
8778
8780
8781
8784
8785
8786
8787
8788
8792
8793
8799
8800
8802
8803
8805
8806
8807
8810
8812
8815
8816
8818
8819
8821
8822
8825
8826
8830
8832
8833
8835
8836
8839
8847
8848
8849
8850
8852
8855
8856
8858
8861
8862
8864
8865
8866
8867
8873
8875
8876
8883
8885
8886
8889
8891
8892
8893
8894
8895
8896
8897
8898
8900
8901
8902
8903
8906
8907
8909
8913
8914
8916
8922
8923
8925
8927
8928
8930
8932
8933
8935
8936
8938
8940
8941
8943
8944
8945
8949
8952
8954
8960
8962
8963
8965
8966
8967
8968
8970
8971
8973
8975
8976
8977
8978
8980
8991
8994
8996
8997
8999
9000
9001
9004
9007
9010
9011
9017
9020
9021
9023
9024
9025
9026
9027
9028
9029
9035
9037
9042
9043
9048
9052
9054
9055
9057
9058
9060
9061
9062
9065
9066
9077
9078
9081
9082
9084
9088
9089
9091
9092
9094
9095
9097
9103
9104
9106
9111
9113
9114
9115
9118
9121
9122
9123
9125
9134
9139
9141
9143
9145
9150
9151
9152
9155
9156
9157
9159
9160
9165
9166
9169
9172
9173
9176
9178
9179
9182
9184
9185
9186
9187
9188
9190
9192
9194
9196
9198
9199
9201
9207
9212
9214
9218
9221
9222
9223
9227
9232
9234
9242
9245
9246
9248
9249
9255
9256
9258
9262
9264
9269
9273
9276
9279
9282
9284
9285
9288
9290
9294
9298
9302
9303
9307
9311
9315
9316
9317
9320
9324
9329
9330
9336
9341
9342
9344
9345
9346
9352
9357
9367
9369
9370
9371
9373
9377
9379
9383
9387
9388
9398
9401
9404
9407
9410
9412
9413
9418
9420
9421
9424
9426
9428
9430
9431
9433
9434
9436
9437
9438
9439
9444
9448
9452
9453
9456
9458
9461
9470
9471
9474
9477
9480
9486
9488
9489
9492
9494
9498
9503
9508
9509
9511
9514
9516
9520
9521
9526
9527
9533
9536
9541
9542
9544
9545
9548
9549
9552
9553
9554
9561
9566
9570
9574
9575
9576
9577
9579
9580
9582
9585
9587
9591
9592
9594
9595
9596
9597
9599
9600
9602
9604
9607
9608
9609
9612
9614
9622
9624
9631
9632
9633
9638
9643
9644
9645
9649
9651
9652
9658
9659
9660
9661
9663
9666
9670
9673
9674
9680
9683
9686
9687
9690
9691
9692
9693
9697
9698
9699
9700
9701
9703
9709
9710
9711
9712
9714
9717
9718
9719
9720
9722
9728
9729
9730
9731
9739
9741
9742
9744
9747
9748
9750
9751
9755
9756
9757
9764
9766
9768
9771
9773
9776
9777
9778
9780
9782
9783
9785
9786
9787
9791
9792
9793
9794
9795
9799
9800
9802
9803
9804
9805
9811
9813
9817
9821
9825
9827
9828
9832
9837
9839
9842
9843
9848
9852
9857
9859
9860
9861
9866
9870
9871
9872
9877
9882
9883
9884
9885
9888
9889
9896
9898
9900
9902
9906
9910
9913
9914
9915
9916
9918
9919
9922
9925
9931
9932
9936
9945
9946
9948
9953
9955
9957
9959
9961
9962
9964
9969
9972
9973
9978
9981
9982
9986
9987
9990
9991
9994
9997
10001
10004
10005
10006
10007
10010
10013
10017
10021
10022
10025
10026
10027
10028
10032
10039
10046
10047
10051
10057
10060
10068
10072
10076
10078
10082
10083
10084
10087
10090
10091
10092
10093
10098
10101
10107
10111
10112
10115
10121
10122
10124
10127
10130
10135
10136
10137
10139
10144
10145
10146
10149
10150
10152
10159
10161
10163
10167
10170
10171
10175
10176
10179
10181
10182
10183
10186
10189
10191
10194
10196
10197
10199
10200
10201
10205
10212
10214
10222
10223
10226
10228
10231
10232
10233
10234
10235
10236
10238
10239
10242
10246
10247
10250
10253
10254
10255
10256
10257
10258
10259
10262
10263
10265
10268
10270
10271
10275
10276
10278
10279
10283
10284
10286
10290
10291
10295
10299
10301
10304
10306
10311
10312
10315
10318
10319
10320
10322
10324
10329
10331
10333
10337
10338
10340
10345
10352
10354
10356
10357
10359
10360
10363
10366
10367
10368
10372
10373
10379
10382
10384
10385
10388
10393
10395
10403
10407
10409
10410
10412
10414
10415
10416
10419
10422
10425
10427
10429
10430
10433
10436
10437
10438
10439
10442
10444
10445
10446
10451
10456
10458
10459
10460
10462
10463
10465
10468
10470
10473
10475
10479
10480
10481
10482
10483
10491
10493
10495
10497
10499
10500
10501
10502
10504
10506
10508
10510
10512
10513
10514
10516
10519
10524
10529
10532
10533
10534
10535
10538
10539
10540
10541
10542
10544
10548
10549
10552
10553
10556
10557
10561
10563
10564
10568
10573
10576
10578
10582
10583
10584
10588
10589
10591
10595
10596
10601
10603
10605
10606
10607
10609
10611
10612
10614
10617
10621
10623
10629
10634
10640
10641
10642
10647
10648
10649
10650
10653
10654
10655
10657
10658
10659
10662
10665
10669
10672
10674
10677
10679
10680
10682
10683
10686
10687
10689
10693
10697
10699
10700
10703
10706
10708
10711
10714
10724
10725
10728
10731
10736
10737
10740
10743
10745
10748
10751
10758
10760
10764
10766
10767
10771
10772
10773
10774
10775
10777
10778
10779
10785
10786
10788
10790
10791
10792
10793
10794
10795
10796
10800
10801
10804
10807
10809
10812
10816
10818
10826
10827
10828
10831
10833
10836
10840
10845
10846
10849
10850
10851
10853
10854
10855
10857
10860
10861
10864
10865
10868
10875
10878
10882
10888
10897
10903
10905
10910
10918
10919
10922
10929
10930
10933
10935
10936
10937
10942
10943
10945
10946
10948
10950
10953
10956
10958
10960
10962
10963
10967
10970
10973
10980
10981
10982
10983
10984
10989
10990
10997
10998
10999
11003
11005
11008
11012
11013
11014
11020
11022
11023
11024
11026
11027
11031
11035
11036
11037
11038
11042
11044
11047
11049
11050
11052
11054
11057
11058
11061
11063
11064
11069
11070
11071
11073
11075
11077
11079
11081
11085
11088
11093
11094
11095
11096
11099
11101
11102
11108
11109
11110
11112
11114
11115
11116
11119
11122
11123
11124
11127
11133
11138
11143
11145
11148
11151
11152
11155
11156
11159
11160
11162
11164
11166
11171
11173
11174
11176
11188
11190
11196
11198
11199
11202
11204
11207
11209
11210
11212
11213
11216
11217
11219
11220
11223
11226
11228
11229
11231
11232
11236
11238
11241
11242
11244
11245
11248
11249
11250
11253
11254
11256
11258
11259
11264
11265
11266
11268
11269
11271
11273
11275
11276
11283
11285
11289
11290
11292
11301
11302
11303
11305
11306
11307
11308
11310
11311
11312
11314
11317
11318
11323
11328
11330
11331
11332
11337
11338
11339
11343
11344
11345
11347
11348
11349
11351
11358
11362
11363
11365
11373
11374
11375
11377
11378
11379
11381
11382
11383
11385
11386
11394
11396
11398
11402
11403
11410
11411
11414
11418
11419
11423
11424
11435
11436
11446
11447
11448
11451
11453
11455
11470
11471
11472
11473
11476
11478
11479
11486
11487
11488
11489
11492
11493
11494
11500
11501
11502
11504
11505
11506
11507
11518
11519
11520
11525
11527
11532
11536
11538
11546
11548
11550
11553
11558
11560
11563
11564
11566
11570
11575
11576
11578
11583
11584
11585
11586
11588
11589
11591
11593
11596
11597
11600
11603
11607
11608
11613
11617
11618
11619
11621
11624
11628
11629
11632
11633
11634
11635
11637
11638
11639
11643
11645
11649
11650
11651
11658
11659
11662
11663
11664
11666
11668
11670
11673
11674
11675
11676
11677
11679
11680
11682
11684
11685
11689
11692
11695
11704
11707
11709
11717
11718
11720
11721
11722
11724
11728
11733
11734
11736
11740
11741
11743
11746
11750
11752
11753
11755
11758
11759
11760
11762
11767
11771
11776
11777
11779
11780
11782
11783
11786
11790
11794
11806
11808
11814
11816
11821
11824
11825
11828
11829
11830
11831
11839
11842
11843
11844
11845
11849
11851
11852
11855
11856
11857
11862
11865
11866
11869
11871
11872
11876
11878
11880
11881
11882
11883
11892
11893
11895
11899
11901
11902
11903
11906
11908
11909
11911
11921
11922
11923
11924
11929
11931
11935
11938
11939
11941
11946
11947
11950
11952
11956
11957
11958
11959
11960
11963
11965
11973
11974
11975
11976
11978
11979
11981
11984
11988
11989
11990
11992
11993
11995
11996
11997
11998
12000
12001
12004
12006
12007
12011
12012
12016
12017
12022
12023
12025
12026
12033
12035
12036
12037
12040
12041
12042
12044
12045
12050
12056
12057
12058
12060
12061
12062
12064
12067
12073
12075
12091
12097
12099
12101
12102
12103
12108
12112
12114
12117
12121
12123
12127
12131
12133
12137
12139
12142
12144
12145
12147
12151
12156
12164
12168
12169
12170
12171
12173
12176
12177
12178
12180
12182
12183
12190
12193
12196
12199
12200
12202
12205
12206
12208
12209
12213
12219
12220
12222
12225
12230
12234
12236
12242
12243
12244
12246
12247
12250
12252
12253
12254
12256
12258
12259
12260
12262
12263
12267
12272
12273
12276
12278
12285
12286
12288
12290
12292
12293
12294
12296
12299
12303
12305
12307
12309
12311
12314
12316
12318
12319
12323
12326
12327
12332
12333
12335
12336
12338
12339
12342
12343
12344
12345
12346
12352
12355
12362
12363
12366
12369
12370
12375
12377
12380
12381
12385
12391
12392
12404
12405
12407
12408
12409
12410
12411
12412
12413
12415
12416
12421
12425
12427
12428
12432
12433
12436
12440
12442
12445
12446
12448
12449
12452
12453
12461
12462
12463
12465
12467
12468
12470
12474
12479
12480
12489
12490
12491
12493
12495
12496
12497
12502
12504
12505
12506
12507
12510
12512
12513
12515
12518
12522
12523
12525
12527
12529
12531
12534
12541
12543
12544
12548
12550
12551
12553
12556
12558
12563
12564
12570
12573
12574
12576
12577
12582
12585
12586
12587
12588
12593
12601
12603
12604
12605
12606
12607
12608
12609
12610
12611
12613
12617
12624
12628
12630
12632
12633
12636
12638
12641
12643
12644
12654
12658
12659
12662
12663
12665
12668
12669
12673
12674
12678
12680
12682
12684
12686
12689
12690
12693
12694
12696
12697
12701
12705
12709
12710
12717
12720
12725
12727
12728
12729
12732
12733
12735
12738
12741
12746
12747
12749
12753
12757
12765
12768
12769
12772
12774
12781
12782
12788
12793
12794
12796
12798
12800
12803
12804
12808
12809
12811
12812
12814
12816
12817
12821
12822
12827
12828
12831
12832
12833
12835
12836
12844
12845
12846
12847
12851
12854
12859
12863
12864
12866
12867
12868
12872
12874
12875
12876
12879
12881
12883
12886
12887
12888
12891
12892
12893
12896
12899
12900
12904
12905
12907
12908
12909
12910
12911
12914
12915
12917
12919
12921
12922
12924
12928
12929
12930
12933
12934
12935
12936
12937
12939
12945
12949
12950
12951
12954
12958
12962
12964
12967
12968
12972
12976
12985
12987
12988
12990
12992
12993
12995
12999
13001
13003
13008
13010
13012
13016
13020
13022
13023
13024
13025
13026
13027
13033
13034
13035
13036
13039
13044
13045
13047
13048
13049
13050
13052
13054
13055
13056
13057
13059
13060
13063
13064
13068
13070
13075
13078
13079
13083
13084
13085
13086
13094
13099
13102
13105
13112
13114
13116
13118
13119
13121
13123
13124
13125
13126
13129
13140
13141
13143
13147
13151
13154
13158
13162
13164
13165
13170
13173
13177
13180
13186
13187
13189
13192
13197
13199
13203
13209
13218
13219
13222
13224
13226
13227
13235
13237
13240
13242
13243
13245
13247
13250
13251
13254
13255
13258
13259
13263
13264
13266
13267
13269
13271
13274
13275
13276
13278
13280
13281
13283
13286
13288
13293
13295
13296
13297
13302
13304
13309
13310
13317
13318
13319
13326
13329
13330
13335
13336
13338
13339
13342
13350
13354
13355
13362
13363
13366
13367
13369
13373
13375
13376
13377
13378
13380
13382
13387
13389
13391
13395
13400
13401
13403
13412
13414
13419
13425
13428
13430
13436
13438
13440
13443
13444
13452
13454
13456
13457
13461
13462
13463
13466
13468
13470
13475
13478
13480
13483
13487
13488
13489
13490
13492
13494
13498
13499
13500
13501
13502
13503
13508
13509
13514
13515
13518
13521
13522
13523
13526
13527
13533
13538
13539
13543
13545
13546
13547
13549
13550
13553
13555
13558
13560
13564
13567
13568
13572
13573
13576
13579
13580
13582
13587
13588
13589
13596
13597
13600
13602
13603
13604
13607
13610
13612
13613
13614
13616
13623
13627
13630
13638
13639
13647
13648
13649
13652
13655
13657
13658
13659
13660
13661
13662
13665
13668
13672
13673
13686
13688
13693
13694
13696
13697
13700
13704
13706
13707
13710
13712
13713
13715
13717
13718
13720
13721
13725
13728
13730
13731
13737
13738
13739
13745
13749
13750
13751
13752
13753
13760
13763
13765
13766
13767
13769
13770
13771
13774
13775
13780
13781
13783
13789
13792
13793
13796
13798
13802
13804
13807
13808
13809
13810
13812
13819
13823
13824
13825
13826
13829
13832
13833
13835
13844
13845
13852
13853
13855
13856
13860
13861
13870
13871
13877
13883
13885
13886
13895
13896
13897
13903
13909
13910
13911
13912
13915
13916
13917
13920
13923
13924
13927
13928
13930
13931
13932
13933
13934
13935
13938
13940
13942
13944
13945
13947
13948
13950
13951
13955
13956
13958
13960
13964
13966
13967
13968
13971
13972
13975
13978
13983
13985
13986
13989
13990
13991
13994
13995
13996
13999
14002
14004
14005
14006
14009
14010
14013
14014
14015
14018
14020
14021
14025
14027
14029
14030
14032
14033
14034
14035
14037
14044
14045
14049
14053
14055
14057
14059
14061
14063
14065
14067
14076
14090
14091
14095
14096
14099
14101
14102
14107
14108
14109
14112
14116
14124
14125
14131
14134
14136
14137
14138
14140
14142
14143
14145
14147
14148
14151
14152
14157
14159
14160
14161
14164
14172
14174
14177
14178
14183
14184
14186
14187
14192
14193
14195
14197
14198
14199
14200
14205
14207
14209
14211
14212
14213
14214
14215
14216
14219
14220
14221
14222
14224
14227
14231
14232
14240
14241
14244
14247
14250
14256
14260
14261
14266
14267
14269
14271
14280
14284
14286
14287
14291
14293
14299
14300
14301
14302
14303
14306
14308
14311
14313
14317
14318
14320
14324
14326
14327
14328
14332
14340
14341
14342
14344
14350
14351
14352
14355
14359
14365
14366
14367
14370
14373
14375
14376
14379
14381
14383
14384
14385
14386
14387
14388
14389
14390
14391
14393
14395
14396
14401
14403
14404
14412
14413
14415
14416
14417
14419
14421
14424
14425
14427
14428
14429
14431
14436
14439
14443
14445
14448
14450
14451
14452
14460
14462
14463
14467
14470
14471
14472
14476
14480
14481
14485
14486
14487
14492
14494
14497
14498
14502
14504
14505
14506
14508
14515
14516
14518
14523
14525
14528
14530
14531
14532
14538
14539
14541
14542
14543
14544
14546
14550
14555
14561
14562
14563
14565
14567
14568
14574
14575
14579
14582
14583
14585
14587
14589
14590
14592
14594
14595
14603
14610
14611
14612
14614
14615
14618
14620
14622
14623
14627
14629
14631
14632
14635
14636
14639
14642
14643
14645
14646
14649
14652
14656
14658
14660
14661
14662
14663
14668
14671
14673
14674
14676
14677
14683
14686
14691
14692
14697
14698
14701
14702
14703
14704
14705
14706
14707
14708
14709
14710
14711
14716
14717
14719
14722
14723
14734
14735
14739
14742
14743
14744
14748
14750
14754
14755
14756
14759
14760
14762
14766
14767
14772
14775
14782
14785
14786
14787
14788
14789
14791
14792
14795
14796
14799
14804
14805
14810
14811
14813
14814
14817
14821
14824
14827
14842
14843
14846
14849
14850
14851
14853
14854
14855
14856
14858
14859
14871
14875
14878
14886
14887
14889
14893
14896
14899
14901
14907
14908
14909
14911
14912
14913
14914
14915
14916
14917
14919
14921
14929
14930
14931
14933
14938
14939
14941
14944
14948
14955
14956
14958
14959
14964
14968
14970
14971
14972
14974
14977
14979
14982
14986
14989
14990
14991
14992
14995
14998
15003
15004
15005
15008
15009
15012
15013
15014
15026
15027
15028
15030
15031
15033
15034
15035
15037
15041
15045
15047
15051
15054
15056
15057
15061
15062
15063
15064
15067
15073
15074
15076
15077
15082
15084
15085
15086
15087
15088
15089
15091
15093
15095
15096
15098
15104
15105
15106
15107
15109
15110
15111
15116
15119
15120
15121
15122
15125
15126
15127
15129
15131
15133
15136
15140
15144
15145
15146
15151
15153
15157
15161
15166
15171
15174
15175
15180
15185
15187
15190
15193
15195
15196
15199
15203
15205
15206
15210
15213
15214
15216
15218
15224
15225
15226
15227
15232
15235
15236
15237
15239
15240
15242
15243
15244
15248
15267
15269
15272
15274
15276
15277
15280
15282
15288
15290
15291
15292
15293
15294
15297
15301
15307
15315
15317
15327
15328
15330
15333
15337
15338
15341
15342
15345
15350
15352
15356
15357
15358
15360
15363
15365
15372
15381
15382
15383
15384
15389
15390
15391
15396
15400
15401
15404
15405
15409
15410
15414
15415
15417
15420
15422
15423
15424
15425
15426
15427
15428
15429
15439
15441
15442
15450
15456
15458
15462
15463
15466
15471
15472
15473
15474
15476
15477
15478
15480
15483
15491
15492
15496
15497
15505
15506
15507
15517
15522
15524
15527
15528
15529
15534
15536
15538
15539
15540
15541
15543
15545
15546
15554
15556
15558
15559
15564
15567
15572
15574
15576
15578
15580
15581
15585
15587
15590
15593
15595
15600
15604
15605
15606
15607
15611
15612
15615
15616
15620
15622
15623
15624
15626
15627
15630
15631
15635
15637
15638
15640
15642
15644
15646
15648
15649
15650
15652
15653
15654
15656
15659
15660
15661
15666
15669
15672
15679
15682
15683
15687
15689
15692
15696
15697
15698
15703
15704
15705
15707
15708
15709
15711
15716
15719
15721
15722
15723
15724
15725
15727
15728
15729
15730
15732
15733
15743
15744
15746
15752
15755
15757
15763
15766
15769
15770
15773
15774
15775
15776
15784
15786
15789
15792
15793
15794
15798
15800
15801
15803
15805
15809
15810
15811
15815
15816
15819
15824
15828
15830
15831
15838
15840
15842
15845
15847
15849
15850
15851
15852
15853
15854
15858
15860
15862
15867
15868
15869
15873
15874
15876
15877
15880
15882
15883
15885
15886
15889
15890
15893
15898
15899
15900
15901
15908
15910
15916
15918
15919
15920
15925
15927
15928
15929
15930
15931
15934
15936
15939
15942
15943
15947
15952
15953
15957
15961
15962
15965
15966
15968
15969
15970
15971
15977
15979
15982
15985
15989
15991
15992
15995
15998
15999
16000
16001
16002
16003
16005
16011
16012
16015
16016
16019
16020
16023
16024
16033
16035
16036
16037
16040
16042
16046
16047
16049
16051
16054
16055
16057
16058
16060
16061
16062
16063
16064
16065
16066
16070
16073
16075
16076
16078
16081
16084
16090
16091
16092
16097
16099
16101
16102
16104
16105
16106
16107
16108
16113
16114
16115
16118
16124
16128
16130
16131
16134
16135
16136
16141
16144
16147
16149
16151
16152
16155
16157
16162
16164
16165
16168
16170
16171
16175
16176
16177
16179
16188
16189
16197
16198
16201
16202
16206
16208
16209
16210
16212
16214
16215
16221
16222
16223
16224
16228
16229
16235
16236
16237
16240
16243
16244
16246
16250
16262
16265
16267
16272
16273
16276
16277
16280
16281
16283
16286
16289
16290
16292
16299
16302
16303
16306
16309
16310
16311
16313
16315
16318
16319
16321
16325
16326
16331
16334
16335
16336
16337
16339
16340
16342
16344
16347
16348
16349
16350
16360
16361
16363
16364
16365
16366
16370
16371
16372
16373
16376
16378
16380
16381
16388
16389
16393
16400
16402
16408
16414
16417
16418
16422
16426
16428
16430
16431
16432
16433
16439
16441
16444
16446
16454
16455
16458
16462
16465
16467
16468
16470
16471
16472
16473
16477
16479
16482
16484
16485
16487
16488
16490
16491
16492
16494
16496
16497
16498
16500
16504
16507
16508
16511
16513
16520
16521
16522
16527
16530
16531
16532
16537
16539
16541
16543
16545
16547
16548
16550
16552
16554
16557
16560
16561
16562
16564
16565
16566
16567
16569
16571
16572
16576
16583
16584
16586
16588
16589
16590
16592
16594
16602
16605
16606
16607
16610
16612
16616
16617
16622
16625
16629
16631
16634
16640
16641
16642
16644
16646
16648
16649
16651
16652
16653
16656
16660
16661
16664
16665
16666
16669
16670
16673
16675
16676
16681
16682
16684
16685
16686
16690
16695
16703
16704
16710
16714
16715
16718
16722
16723
16724
16726
16732
16733
16737
16740
16746
16750
16751
16754
16759
16762
16763
16764
16767
16768
16769
16771
16773
16774
16775
16782
16783
16785
16788
16789
16791
16796
16800
16817
16823
16824
16832
16833
16836
16838
16839
16840
16841
16842
16843
16844
16846
16847
16848
16849
16850
16851
16852
16858
16861
16862
16865
16866
16871
16872
16881
16886
16888
16889
16890
16892
16894
16899
16902
16904
16909
16912
16913
16915
16920
16921
16922
16929
16938
16940
16942
16943
16944
16946
16947
16948
16951
16952
16953
16954
16957
16961
16964
16966
16969
16970
16971
16977
16978
16979
16983
16984
16985
16986
16987
16990
16995
16998
16999
17001
17003
17005
17007
17010
17011
17012
17013
17014
17015
17018
17019
17021
17022
17024
17027
17028
17030
17031
17032
17035
17036
17037
17038
17042
17044
17047
17048
17049
17052
17055
17056
17059
17060
17064
17068
17071
17074
17075
17079
17082
17085
17091
17095
17096
17099
17100
17103
17105
17106
17107
17108
17110
17111
17113
17118
17119
17121
17122
17129
17130
17134
17136
17138
17141
17142
17143
17147
17148
17150
17151
17153
17154
17155
17159
17160
17163
17165
17166
17179
17182
17185
17187
17189
17190
17191
17192
17195
17197
17198
17201
17203
17208
17211
17213
17216
17217
17220
17222
17224
17225
17227
17228
17230
17231
17236
17238
17242
17243
17244
17246
17250
17252
17253
17254
17255
17256
17257
17262
17263
17268
17274
17280
17281
17285
17286
17288
17289
17290
17292
17293
17294
17297
17298
17301
17304
17309
17312
17320
17321
17322
17323
17324
17330
17331
17335
17336
17337
17340
17343
17344
17346
17352
17353
17354
17357
17359
17360
17361
17364
17367
17369
17373
17378
17382
17383
17388
17389
17391
17400
17401
17402
17407
17408
17410
17411
17412
17414
17416
17420
17422
17423
17428
17431
17436
17438
17439
17441
17442
17443
17444
17445
17459
17461
17465
17466
17468
17470
17474
17476
17483
17485
17488
17498
17499
17507
17508
17509
17512
17513
17517
17519
17523
17524
17530
17531
17534
17538
17540
17542
17543
17547
17548
17549
17555
17559
17566
17569
17570
17571
17575
17576
17579
17582
17584
17589
17591
17594
17597
17599
17601
17602
17607
17615
17616
17619
17621
17622
17623
17625
17632
17634
17638
17640
17642
17644
17645
17646
17651
17654
17655
17658
17659
17660
17662
17664
17669
17674
17685
17686
17688
17694
17695
17696
17698
17699
17700
17701
17703
17705
17709
17713
17714
17716
17719
17720
17722
17723
17726
17729
17730
17731
17732
17735
17737
17739
17740
17741
17749
17750
17751
17753
17754
17761
17762
17768
17770
17772
17775
17778
17780
17783
17785
17794
17795
17797
17798
17807
17808
17809
17811
17812
17813
17815
17817
17819
17824
17828
17832
17834
17839
17842
17843
17845
17847
17848
17850
17852
17855
17857
17861
17864
17866
17868
17873
17879
17880
17883
17886
17888
17890
17891
17892
17896
17897
17901
17906
17907
17910
17911
17913
17915
17919
17920
17921
17926
17928
17930
17931
17934
17938
17942
17945
17946
17950
17951
17954
17955
17958
17960
17961
17963
17969
17973
17975
17981
17988
17993
17994
17995
17997
17998
18000
18003
18006
18008
18009
18012
18014
18017
18023
18027
18028
18032
18033
18034
18036
18039
18041
18043
18046
18048
18049
18053
18057
18060
18061
18072
18073
18084
18085
18088
18092
18093
18094
18098
18099
18111
18113
18115
18118
18120
18123
18124
18128
18130
18131
18137
18138
18140
18142
18152
18153
18155
18157
18161
18164
18169
18170
18172
18173
18178
18180
18186
18187
18189
18190
18194
18200
18202
18205
18206
18214
18215
18218
18219
18220
18227
18229
18230
18238
18242
18245
18251
18253
18254
18256
18257
18261
18262
18263
18265
18266
18268
18271
18272
18274
18276
18278
18280
18281
18282
18285
18289
18293
18294
18295
18297
18298
18299
18304
18314
18315
18319
18320
18321
18323
18326
18327
18330
18331
18332
18333
18335
18336
18344
18345
18347
18349
18352
18353
18354
18355
18358
18362
18364
18370
18371
18374
18376
18377
18378
18379
18384
18385
18387
18389
18390
18391
18392
18393
18394
18395
18396
18397
18398
18401
18402
18403
18405
18411
18412
18413
18416
18422
18423
18424
18428
18429
18430
18431
18432
18434
18435
18436
18438
18439
18447
18451
18454
18458
18459
18460
18463
18465
18467
18472
18474
18477
18478
18482
18484
18485
18486
18488
18489
18490
18499
18503
18505
18506
18507
18508
18509
18510
18512
18516
18518
18519
18522
18525
18527
18530
18532
18534
18540
18542
18543
18549
18550
18551
18552
18553
18555
18560
18562
18563
18564
18569
18570
18571
18572
18574
18575
18582
18585
18589
18591
18592
18595
18596
18598
18601
18607
18610
18614
18616
18621
18630
18633
18636
18637
18644
18649
18651
18653
18656
18659
18660
18667
18670
18676
18677
18680
18683
18685
18687
18692
18697
18700
18702
18705
18706
18707
18708
18710
18714
18719
18721
18722
18724
18728
18729
18730
18731
18732
18734
18735
18741
18744
18746
18748
18749
18750
18751
18752
18754
18757
18758
18764
18767
18768
18773
18775
18776
18777
18779
18782
18786
18787
18790
18795
18797
18800
18802
18803
18805
18807
18810
18811
18812
18814
18816
18818
18823
18825
18827
18828
18829
18831
18832
18833
18844
18845
18851
