0
2
5
8
10
11
13
14
16
21
24
25
27
29
32
38
43
48
49
51
55
57
60
68
69
70
74
75
77
81
82
86
87
88
90
91
97
98
104
107
108
110
113
115
119
122
123
124
127
129
133
135
138
140
143
144
147
153
154
155
159
161
162
163
166
168
171
176
177
180
185
187
192
193
196
198
202
207
211
214
215
219
220
221
222
224
225
227
237
239
240
241
243
244
245
246
248
249
259
260
261
263
266
267
268
269
272
275
278
281
282
285
287
288
289
296
298
302
303
306
307
309
311
312
314
318
320
321
323
324
325
327
336
337
338
340
344
348
349
366
371
373
375
380
382
383
385
386
387
389
395
402
403
407
410
411
413
416
418
419
421
422
423
424
427
429
430
432
434
435
438
441
445
446
461
463
464
465
466
467
468
469
471
474
480
481
482
491
492
494
495
501
503
507
508
511
513
514
515
516
520
526
531
533
535
536
537
541
542
545
547
552
555
559
560
561
562
566
569
573
574
576
579
584
585
586
592
593
594
599
603
608
609
611
613
614
615
617
619
621
623
625
630
631
633
635
637
642
644
645
650
654
656
659
660
668
672
675
677
678
680
683
684
686
688
693
696
697
702
708
711
713
714
715
719
722
730
731
736
742
745
747
748
750
751
757
760
768
771
772
776
781
782
785
786
791
793
797
799
804
805
807
810
812
813
819
822
823
826
827
829
832
835
836
838
843
844
846
855
856
858
859
860
864
865
868
869
870
871
872
875
877
879
880
881
883
884
889
891
892
893
895
897
898
900
901
906
907
908
912
913
916
918
919
921
922
923
925
927
928
930
935
941
943
945
946
951
954
960
962
964
965
966
968
969
970
973
975
981
982
986
996
997
999
1003
1006
1010
1013
1014
1015
1016
1017
1020
1021
1026
1027
1032
1033
1039
1041
1042
1043
1046
1049
1051
1054
1055
1056
1059
1060
1062
1063
1064
1067
1069
1070
1074
1076
1081
1083
1084
1088
1092
1108
1109
1111
1121
1124
1127
1131
1132
1136
1137
1144
1148
1149
1152
1154
1157
1158
1160
1164
1166
1169
1171
1172
1179
1180
1183
1185
1190
1193
1197
1199
1201
1204
1206
1208
1212
1213
1216
1217
1222
1224
1225
1228
1233
1234
1235
1236
1238
1239
1241
1242
1243
1245
1249
1254
1259
1260
1262
1263
1270
1272
1274
1277
1278
1279
1283
1285
1287
1289
1290
1292
1294
1297
1299
1301
1302
1303
1304
1306
1307
1308
1310
1311
1315
1317
1319
1321
1323
1324
1327
1328
1331
1336
1342
1344
1348
1349
1350
1351
1353
1356
1357
1359
1360
1361
1366
1367
1368
1372
1373
1377
1380
1385
1386
1389
1390
1391
1392
1396
1398
1403
1408
1410
1411
1414
1416
1417
1419
1420
1421
1422
1423
1426
1427
1430
1431
1435
1441
1445
1448
1450
1453
1456
1469
1470
1472
1474
1478
1480
1488
1495
1498
1500
1513
1515
1519
1521
1523
1524
1528
1530
1533
1534
1535
1539
1541
1542
1543
1545
1547
1551
1552
1553
1557
1558
1561
1568
1569
1570
1574
1575
1577
1578
1579
1583
1584
1587
1588
1592
1595
1597
1601
1603
1604
1607
1608
1609
1610
1611
1616
1618
1622
1624
1627
1628
1629
1634
1635
1636
1638
1644
1646
1648
1650
1652
1654
1657
1660
1662
1665
1669
1673
1680
1681
1682
1683
1684
1685
1687
1689
1690
1699
1700
1704
1706
1710
1711
1712
1715
1717
1719
1723
1725
1727
1732
1733
1735
1736
1738
1739
1740
1741
1744
1745
1748
1750
1755
1756
1760
1762
1766
1772
1773
1774
1775
1776
1778
1784
1788
1789
1791
1792
1795
1796
1799
1805
1806
1808
1809
1815
1816
1824
1827
1828
1831
1832
1833
1842
1843
1844
1848
1849
1850
1851
1852
1854
1861
1865
1868
1869
1871
1872
1873
1875
1883
1885
1888
1890
1891
1892
1894
1898
1899
1901
1904
1905
1906
1909
1913
1916
1917
1920
1921
1922
1925
1927
1930
1931
1932
1934
1936
1938
1941
1942
1943
1947
1949
1950
1955
1958
1964
1966
1971
1972
1974
1975
1984
1985
1990
1991
1994
1995
1998
2003
2005
2008
2009
2010
2012
2013
2015
2020
2021
2024
2025
2026
2027
2031
2032
2033
2034
2035
2040
2041
2042
2044
2045
2046
2048
2054
2057
2058
2063
2066
2071
2072
2073
2074
2077
2078
2081
2083
2087
2102
2108
2114
2115
2116
2117
2118
2119
2122
2123
2124
2129
2132
2143
2146
2152
2154
2157
2161
2162
2163
2166
2169
2177
2179
2181
2184
2188
2190
2191
2192
2193
2194
2200
2202
2204
2207
2209
2212
2214
2216
2217
2222
2224
2225
2226
2227
2234
2240
2243
2244
2250
2253
2254
2256
2257
2263
2265
2269
2272
2273
2274
2275
2277
2279
2280
2283
2284
2285
2286
2292
2293
2296
2297
2298
2299
2306
2309
2310
2311
2313
2317
2319
2320
2322
2323
2324
2329
2332
2336
2340
2345
2350
2356
2362
2364
2365
2366
2368
2370
2372
2374
2375
2376
2378
2381
2383
2385
2393
2395
2397
2400
2401
2406
2408
2410
2415
2417
2418
2423
2424
2425
2434
2435
2438
2439
2440
2441
2442
2444
2445
2446
2447
2448
2453
2463
2464
2466
2468
2473
2476
2477
2478
2479
2480
2482
2486
2489
2492
2495
2497
2500
2502
2505
2510
2513
2515
2523
2524
2530
2532
2533
2534
2537
2538
2539
2540
2545
2547
2548
2549
2551
2552
2555
2557
2563
2564
2576
2578
2581
2582
2583
2589
2590
2596
2599
2600
2602
2603
2606
2609
2610
2611
2614
2618
2619
2623
2624
2633
2634
2635
2637
2638
2642
2644
2649
2651
2653
2656
2657
2658
2659
2661
2662
2663
2666
2668
2669
2672
2675
2678
2681
2685
2686
2690
2691
2693
2699
2706
2710
2711
2713
2714
2715
2719
2720
2726
2732
2737
2745
2746
2747
2748
2752
2753
2755
2757
2762
2765
2766
2769
2772
2774
2775
2776
2780
2784
2785
2787
2794
2795
2797
2798
2804
2805
2806
2808
2812
2815
2816
2817
2819
2822
2830
2832
2833
2837
2839
2841
2842
2844
2845
2848
2851
2852
2853
2854
2855
2856
2859
2860
2862
2865
2866
2870
2872
2875
2876
2878
2879
2881
2883
2885
2887
2890
2891
2896
2902
2907
2913
2922
2924
2925
2926
2933
2936
2938
2939
2940
2941
2942
2943
2948
2951
2952
2954
2955
2956
2957
2963
2966
2969
2970
2971
2972
2975
2980
2982
2987
2990
2992
2994
2995
2999
3003
3005
3006
3007
3011
3013
3014
3016
3020
3022
3023
3030
3032
3034
3035
3039
3040
3045
3050
3052
3054
3055
3056
3061
3063
3068
3070
3073
3074
3075
3081
3090
3092
3094
3095
3098
3102
3103
3104
3107
3109
3117
3118
3120
3121
3122
3123
3125
3127
3128
3129
3131
3135
3136
3139
3141
3142
3143
3144
3146
3149
3152
3156
3157
3159
3161
3163
3169
3171
3172
3175
3176
3180
3181
3183
3188
3189
3190
3191
3195
3199
3200
3206
3207
3210
3212
3216
3218
3219
3223
3238
3240
3242
3243
3246
3248
3249
3252
3257
3259
3260
3261
3262
3268
3269
3270
3272
3281
3284
3286
3288
3290
3292
3296
3297
3298
3300
3301
3307
3308
3309
3313
3314
3320
3324
3331
3332
3333
3335
3338
3339
3343
3345
3346
3347
3352
3353
3354
3360
3362
3367
3368
3371
3374
3377
3381
3382
3384
3387
3388
3389
3390
3391
3393
3397
3402
3403
3404
3406
3411
3412
3414
3426
3432
3434
3436
3438
3441
3442
3445
3446
3447
3448
3452
3456
3460
3461
3465
3467
3469
3471
3475
3476
3479
3481
3484
3485
3488
3489
3490
3495
3497
3499
3502
3504
3517
3518
3520
3521
3522
3527
3528
3529
3530
3532
3537
3540
3549
3554
3555
3557
3558
3560
3562
3566
3570
3571
3572
3574
3577
3579
3580
3581
3582
3589
3591
3592
3595
3598
3599
3600
3602
3604
3608
3611
3613
3617
3623
3625
3627
3631
3632
3634
3635
3638
3641
3645
3647
3649
3650
3653
3664
3665
3668
3670
3676
3678
3681
3686
3690
3692
3693
3699
3703
3704
3705
3706
3707
3708
3709
3715
3718
3727
3728
3730
3731
3737
3738
3743
3746
3748
3751
3755
3756
3760
3761
3762
3767
3768
3769
3776
3777
3778
3785
3791
3792
3795
3796
3798
3800
3804
3805
3811
3812
3817
3819
3820
3822
3824
3826
3829
3830
3832
3833
3834
3837
3839
3843
3851
3855
3859
3860
3861
3862
3869
3870
3871
3872
3874
3879
3880
3885
3887
3889
3893
3905
3908
3912
3915
3921
3924
3927
3930
3934
3936
3937
3939
3941
3944
3945
3947
3949
3950
3955
3956
3958
3959
3965
3973
3974
3976
3978
3980
3981
3983
3986
3987
3992
3995
4000
4001
4002
4003
4005
4008
4009
4012
4014
4015
4016
4017
4019
4022
4025
4033
4039
4042
4044
4045
4046
4053
4054
4055
4059
4061
4064
4066
4067
4071
4073
4079
4083
4084
4086
4087
4088
4091
4092
4093
4095
4096
4097
4098
4100
4101
4103
4104
4105
4106
4107
4111
4117
4118
4121
4124
4127
4128
4129
4137
4140
4141
4142
4143
4154
4155
4156
4158
4159
4160
4161
4164
4168
4172
4177
4179
4186
4195
4199
4202
4205
4208
4210
4212
4214
4215
4216
4218
4220
4221
4222
4223
4225
4226
4229
4230
4234
4235
4240
4241
4242
4244
4250
4254
4255
4256
4257
4258
4262
4264
4266
4269
4274
4276
4277
4279
4280
4283
4286
4291
4297
4298
4300
4305
4308
4309
4310
4312
4313
4314
4316
4318
4319
4320
4321
4322
4324
4325
4328
4330
4334
4335
4336
4343
4345
4347
4358
4359
4360
4363
4364
4372
4374
4376
4380
4381
4384
4387
4389
4391
4395
4396
4401
4402
4403
4407
4408
4410
4412
4415
4416
4419
4425
4431
4437
4443
4444
4446
4448
4452
4455
4456
4458
4464
4465
4466
4467
4471
4475
4476
4478
4479
4492
4493
4495
4496
4497
4500
4506
4508
4512
4514
4515
4516
4519
4522
4525
4529
4530
4534
4542
4543
4545
4546
4550
4551
4552
4553
4555
4559
4561
4568
4569
4572
4576
4580
4584
4585
4589
4591
4597
4600
4601
4603
4604
4605
4607
4609
4613
4616
4617
4619
4620
4621
4622
4623
4627
4630
4631
4632
4633
4639
4646
4649
4650
4651
4652
4654
4655
4656
4660
4661
4663
4666
4667
4668
4670
4671
4672
4676
4679
4684
4686
4688
4689
4690
4695
4697
4698
4702
4707
4708
4715
4718
4722
4728
4731
4732
4733
4739
4740
4741
4744
4746
4747
4749
4750
4757
4760
4765
4766
4767
4772
4773
4775
4776
4777
4779
4782
4784
4785
4786
4787
4788
4791
4794
4799
4800
4801
4804
4805
4808
4811
4813
4815
4816
4819
4820
4822
4825
4830
4831
4832
4837
4842
4848
4851
4853
4856
4857
4861
4866
4869
4877
4878
4880
4881
4882
4885
4886
4887
4889
4891
4892
4894
4897
4900
4901
4903
4904
4905
4907
4909
4910
4912
4917
4921
4924
4926
4927
4928
4929
4930
4935
4937
4938
4941
4942
4944
4945
4954
4956
4958
4959
4962
4963
4966
4972
4973
4974
4975
4978
4979
4980
4981
4986
4987
4988
4989
4990
4992
4993
4994
4995
4998
4999
5000
5001
5003
5004
5007
5009
5014
5019
5022
5023
5036
5038
5040
5041
5047
5053
5054
5057
5060
5066
5070
5073
5075
5076
5077
5080
5082
5083
5084
5085
5086
5087
5088
5093
5095
5098
5102
5103
5105
5106
5107
5113
5114
5116
5119
5121
5122
5129
5133
5136
5140
5142
5146
5148
5149
5150
5151
5156
5160
5161
5162
5164
5167
5174
5175
5179
5182
5184
5185
5189
5192
5198
5201
5203
5212
5213
5214
5216
5217
5225
5226
5229
5232
5235
5236
5241
5243
5244
5245
5246
5250
5252
5253
5254
5255
5257
5259
5260
5262
5264
5267
5269
5273
5276
5277
5278
5279
5282
5288
5289
5292
5293
5294
5296
5297
5299
5300
5301
5303
5306
5308
5315
5318
5319
5323
5324
5325
5326
5327
5328
5334
5337
5338
5340
5341
5342
5343
5345
5346
5350
5351
5353
5354
5355
5357
5360
5363
5367
5368
5369
5371
5373
5375
5377
5379
5381
5382
5383
5385
5386
5395
5397
5398
5400
5401
5407
5410
5411
5414
5415
5416
5418
5421
5422
5423
5424
5428
5429
5430
5431
5435
5438
5441
5442
5444
5446
5450
5451
5455
5456
5459
5461
5464
5465
5467
5469
5473
5474
5475
5477
5479
5480
5483
5485
5486
5489
5490
5494
5499
5500
5501
5505
5506
5507
5512
5516
5518
5519
5520
5524
5525
5529
5532
5539
5540
5545
5546
5548
5551
5553
5555
5557
5560
5562
5563
5578
5579
5581
5582
5584
5585
5588
5590
5592
5593
5601
5603
5605
5609
5610
5611
5614
5617
5618
5619
5621
5622
5623
5624
5627
5631
5632
5634
5635
5638
5640
5641
5642
5648
5650
5652
5655
5660
5661
5663
5664
5665
5667
5669
5671
5677
5680
5681
5683
5684
5686
5691
5695
5700
5701
5706
5707
5709
5711
5715
5716
5721
5723
5725
5726
5735
5741
5744
5746
5748
5752
5753
5756
5758
5760
5761
5763
5766
5767
5770
5771
5775
5776
5778
5779
5781
5782
5783
5784
5785
5790
5794
5796
5797
5798
5799
5802
5803
5804
5805
5808
5811
5812
5813
5820
5821
5827
5828
5829
5831
5832
5833
5842
5843
5844
5845
5846
5854
5856
5857
5860
5862
5863
5864
5870
5871
5873
5877
5878
5880
5883
5884
5891
5892
5894
5896
5897
5899
5900
5903
5904
5907
5916
5917
5920
5924
5925
5926
5927
5932
5933
5936
5937
5938
5939
5941
5944
5945
5948
5950
5951
5953
5956
5957
5960
5963
5973
5976
5978
5979
5980
5983
5985
5987
5988
5989
5991
5994
5996
6002
6003
6004
6008
6011
6012
6013
6017
6019
6022
6024
6028
6029
6031
6040
6042
6046
6052
6053
6054
6056
6057
6058
6059
6060
6061
6063
6067
6069
6075
6076
6077
6079
6080
6082
6083
6084
6087
6088
6092
6096
6097
6099
6104
6110
6111
6113
6116
6118
6129
6130
6134
6135
6139
6142
6145
6146
6147
6157
6162
6163
6166
6168
6174
6176
6177
6185
6191
6196
6200
6203
6205
6208
6210
6218
6219
6220
6223
6224
6225
6228
6230
6232
6235
6236
6237
6238
6240
6242
6244
6248
6250
6252
6253
6255
6256
6263
6264
6265
6266
6268
6274
6275
6277
6280
6281
6282
6285
6286
6291
6292
6294
6299
6307
6309
6311
6315
6317
6318
6320
6323
6324
6325
6327
6329
6330
6334
6335
6337
6338
6340
6344
6346
6347
6348
6351
6353
6354
6355
6356
6357
6363
6367
6372
6375
6379
6381
6383
6384
6385
6393
6395
6409
6413
6415
6416
6417
6418
6421
6422
6423
6425
6426
6433
6435
6437
6438
6441
6442
6445
6446
6447
6452
6453
6456
6457
6461
6465
6466
6469
6474
6475
6477
6478
6484
6494
6496
6497
6499
6500
6501
6505
6509
6510
6512
6513
6514
6515
6516
6517
6520
6524
6526
6531
6532
6538
6539
6540
6542
6547
6548
6552
6553
6555
6558
6559
6560
6562
6563
6565
6572
6577
6580
6581
6582
6585
6592
6593
6595
6597
6600
6603
6605
6608
6613
6618
6629
6633
6635
6636
6638
6642
6643
6644
6650
6652
6655
6656
6658
6661
6666
6668
6670
6673
6685
6688
6689
6690
6697
6701
6702
6703
6704
6705
6706
6707
6709
6710
6711
6715
6717
6718
6720
6722
6726
6727
6730
6731
6733
6735
6738
6740
6741
6744
6745
6748
6749
6752
6753
6755
6758
6762
6765
6768
6769
6770
6772
6773
6775
6778
6780
6784
6785
6789
6792
6795
6798
6799
6800
6801
6803
6804
6806
6808
6811
6812
6814
6815
6818
6819
6820
6824
6826
6827
6830
6831
6837
6840
6842
6845
6851
6855
6856
6858
6860
6861
6862
6865
6870
6872
6881
6883
6886
6892
6895
6896
6898
6899
6900
6901
6905
6907
6913
6914
6915
6916
6919
6925
6932
6936
6938
6940
6941
6942
6945
6948
6950
6951
6952
6953
6954
6955
6956
6962
6964
6966
6970
6974
6975
6976
6977
6978
6980
6982
6987
6988
6989
6994
6995
6997
7002
7004
7006
7008
7010
7013
7016
7017
7018
7020
7021
7025
7030
7033
7034
7036
7041
7042
7044
7047
7049
7052
7053
7055
7057
7059
7063
7065
7066
7068
7074
7075
7076
7078
7080
7083
7084
7085
7088
7089
7090
7091
7093
7094
7096
7099
7105
7108
7111
7119
7120
7121
7122
7125
7128
7130
7132
7133
7135
7137
7143
7144
7149
7150
7151
7153
7154
7157
7159
7162
7164
7165
7166
7168
7175
7176
7177
7184
7185
7186
7187
7190
7192
7194
7199
7201
7202
7204
7205
7206
7207
7213
7219
7221
7223
7226
7229
7232
7233
7234
7237
7240
7243
7244
7245
7246
7247
7248
7251
7252
7254
7255
7258
7267
7270
7272
7273
7275
7282
7283
7284
7285
7286
7290
7291
7295
7298
7300
7302
7306
7307
7309
7310
7315
7318
7319
7320
7321
7324
7325
7328
7330
7331
7332
7334
7335
7340
7341
7350
7353
7356
7358
7359
7368
7369
7371
7373
7375
7376
7378
7380
7381
7383
7385
7387
7388
7389
7392
7393
7394
7396
7400
7409
7415
7419
7420
7423
7425
7428
7430
7431
7433
7439
7440
7447
7449
7451
7453
7455
7456
7457
7460
7461
7467
7470
7473
7475
7477
7478
7479
7481
7489
7490
7491
7493
7497
7498
7506
7507
7509
7511
7512
7515
7518
7519
7520
7522
7525
7526
7537
7538
7542
7543
7544
7545
7547
7550
7552
7553
7559
7562
7564
7566
7567
7573
7575
7576
7577
7578
7579
7580
7583
7584
7586
7588
7592
7593
7597
7598
7600
7601
7602
7606
7608
7609
7614
7615
7620
7622
7623
7628
7629
7630
7631
7633
7634
7635
7637
7642
7648
7649
7650
7653
7658
7660
7661
7665
7667
7670
7673
7676
7677
7679
7681
7683
7688
7690
7692
7693
7694
7699
7704
7706
7709
7710
7716
7726
7734
7735
7742
7747
7748
7750
7753
7758
7762
7763
7767
7770
7772
7773
7775
7780
7781
7782
7783
7789
7790
7796
7797
7798
7800
7801
7804
7807
7812
7821
7823
7825
7828
7830
7832
7834
7838
7843
7846
7848
7850
7853
7854
7859
7865
7871
7875
7882
7886
7890
7896
7897
7899
7902
7903
7904
7905
7907
7913
7916
7917
7918
7921
7922
7926
7927
7930
7932
7934
7935
7938
7940
7946
7947
7948
7952
7953
7960
7965
7966
7969
7972
7978
7979
7984
7988
7990
7991
7993
7994
7995
7996
7998
8003
8006
8007
8008
8009
8011
8013
8015
8018
8022
8024
8029
8032
8035
8036
8040
8043
8044
8048
8052
8054
8056
8057
8059
8060
8061
8062
8063
8064
8067
8068
8069
8074
8075
8078
8080
8084
8087
8088
8091
8092
8095
8096
8098
8100
8101
8104
8107
8108
8109
8110
8112
8114
8120
8123
8127
8129
8132
8135
8136
8139
8145
8147
8149
8150
8151
8155
8159
8163
8164
8167
8173
8174
8180
8184
8185
8186
8188
8189
8190
8192
8194
8197
8199
8200
8201
8202
8205
8208
8209
8211
8212
8213
8228
8229
8234
8236
8237
8239
8240
8241
8243
8244
8246
8247
8248
8254
8257
8263
8264
8265
8266
8268
8270
8274
8276
8291
8295
8297
8302
8309
8313
8314
8315
8316
8318
8319
8325
8326
8327
8330
8331
8332
8333
8335
8337
8338
8340
8343
8350
8355
8358
8360
8365
8368
8369
8371
8372
8373
8374
8376
8381
8387
8389
8390
8391
8393
8394
8398
8399
8403
8409
8411
8419
8423
8426
8433
8437
8438
8439
8440
8441
8443
8444
8445
8448
8449
8451
8456
8459
8461
8462
8463
8464
8467
8473
8474
8477
8478
8480
8481
8483
8484
8487
8501
8502
8503
8504
8505
8508
8509
8511
8514
8515
8517
8518
8520
8521
8522
8523
8529
8531
8533
8534
8537
8538
8539
8540
8542
8543
8544
8545
8548
8549
8550
8551
8553
8555
8560
8564
8565
8569
8570
8575
8576
8578
8591
8594
8595
8596
8601
8603
8604
8607
8611
8615
8617
8620
8623
8624
8625
8629
8634
8636
8640
8641
8642
8646
8647
8654
8655
8656
8657
8659
8661
8662
8663
8665
8670
8672
8678
8680
8681
8683
8687
8692
8693
8695
8697
8699
8702
8705
8707
8715
8717
8718
8720
8721
8725
8728
8730
8732
8735
8739
8740
8742
8745
8747
8748
8750
8751
8753
8760
8764
8766
8768
8770
8771
8778
8780
8781
8784
8785
8786
8787
8788
8792
8793
8799
8800
8802
8803
8805
8806
8807
8810
8812
8815
8816
8818
8819
8821
8822
8825
8826
8830
8832
8833
8835
8836
8839
8847
8848
8849
8850
8852
8855
8856
8858
8861
8862
8864
8865
8866
8867
8873
8875
8876
8883
8885
8886
8889
8891
8892
8893
8894
8895
8896
8897
8898
8900
8901
8902
8903
8906
8907
8909
8913
8914
8916
8922
8923
8925
8927
8928
8930
8932
8933
8935
8936
8938
8940
8941
8943
8944
8945
8949
8952
8954
8960
8962
8963
8965
8966
8967
8968
8970
8971
8973
8975
8976
8977
8978
8980
8991
8994
8996
8997
8999
9000
9001
9004
9007
9010
9011
9017
9020
9021
9023
9024
9025
9026
9027
9028
9029
9035
9037
9042
9043
9048
9052
9054
9055
9057
9058
9060
9061
9062
9065
9066
9077
9078
9081
9082
9084
9088
9089
9091
9092
9094
9095
9097
9103
9104
9106
9111
9113
9114
9115
9118
9121
9122
9123
9125
9134
9139
9141
9143
9145
9150
9151
9152
9155
9156
9157
9159
9160
9165
9166
9169
9172
9173
9176
9178
9179
9182
9184
9185
9186
9187
9188
9190
9192
9194
9196
9198
9199
9201
9207
9212
9214
9218
9221
9222
9223
9227
9232
9234
9242
9245
9246
9248
9249
9255
9256
9258
9262
9264
9269
9273
9276
9279
9282
9284
9285
9288
9290
9294
9298
9302
9303
9307
9311
9315
9316
9317
9320
9324
9329
9330
9336
9341
9342
9344
9345
9346
9352
9357
9367
9369
9370
9371
9373
9377
9379
9383
9387
9388
9398
9401
9404
9407
9410
9412
9413
9418
9420
9421
9424
9426
9428
9430
9431
9433
9434
9436
9437
9438
9439
9444
9448
9452
9453
9456
9458
9461
9470
9471
9474
9477
9480
9486
9488
9489
9492
9494
9498
9503
9508
9509
9511
9514
9516
9520
9521
9526
9527
9533
9536
9541
9542
9544
9545
9548
9549
9552
9553
9554
9561
9566
9570
9574
9575
9576
9577
9579
9580
9582
9585
9587
9591
9592
9594
9595
9596
9597
9599
9600
9602
9604
9607
9608
9609
9612
9614
9622
9624
9631
9632
9633
9638
9643
9644
9645
9649
9651
9652
9658
9659
9660
9661
9663
9666
9670
9673
9674
9680
9683
9686
9687
9690
9691
9692
9693
9697
9698
9699
9700
9701
9703
9709
9710
9711
9712
9714
9717
9718
9719
9720
9722
9728
9729
9730
9731
9739
9741
9742
9744
9747
9748
9750
9751
9755
9756
9757
9764
9766
9768
9771
9773
9776
9777
9778
9780
9782
9783
9785
9786
9787
9791
9792
9793
9794
9795
9799
9800
9802
9803
9804
9805
9811
9813
9817
9821
9825
9827
9828
9832
9837
9839
9842
9843
9848
9852
9857
9859
9860
9861
9866
9870
9871
9872
9877
9882
9883
9884
9885
9888
9889
9896
9898
9900
9902
9906
9910
9913
9914
9915
9916
9918
9919
9922
9925
9931
9932
9936
9945
9946
9948
9953
9955
9957
9959
9961
9962
9964
9969
9972
9973
9978
9981
9982
9986
9987
9990
9991
9994
9997
10001
10004
10005
10006
10007
10010
10013
10017
10021
10022
10025
10026
10027
10028
10032
10039
10046
10047
10051
10057
10060
10068
10072
10076
10078
10082
10083
10084
10087
10090
10091
10092
10093
10098
10101
10107
10111
10112
10115
10121
10122
10124
10127
10130
10135
10136
10137
10139
10144
10145
10146
10149
10150
10152
10159
10161
10163
10167
10170
10171
10175
10176
10179
10181
10182
10183
10186
10189
10191
10194
10196
10197
10199
10200
10201
10205
10212
10214
10222
10223
10226
10228
10231
10232
10233
10234
10235
10236
10238
10239
10242
10246
10247
10250
10253
10254
10255
10256
10257
10258
10259
10262
10263
10265
10268
10270
10271
10275
10276
10278
10279
10283
10284
10286
10290
10291
10295
10299
10301
10304
10306
10311
10312
10315
10318
10319
10320
10322
10324
10329
10331
10333
10337
10338
10340
10345
10352
10354
10356
10357
10359
10360
10363
10366
10367
10368
10372
10373
10379
10382
10384
10385
10388
10393
10395
10403
10407
10409
10410
10412
10414
10415
10416
10419
10422
10425
10427
10429
10430
10433
10436
10437
10438
10439
10442
10444
10445
10446
10451
10456
10458
10459
10460
10462
10463
10465
10468
10470
10473
10475
10479
10480
10481
10482
10483
10491
10493
10495
10497
10499
10500
10501
10502
10504
10506
10508
10510
10512
10513
10514
10516
10519
10524
10529
10532
10533
10534
10535
10538
10539
10540
10541
10542
10544
10548
10549
10552
10553
10556
10557
10561
10563
10564
10568
10573
10576
10578
10582
10583
10584
10588
10589
10591
10595
10596
10601
10603
10605
10606
10607
10609
10611
10612
10614
10617
10621
10623
10629
10634
10640
10641
10642
10647
10648
10649
10650
10653
10654
10655
10657
10658
10659
10662
10665
10669
10672
10674
10677
10679
10680
10682
10683
10686
10687
10689
10693
10697
10699
10700
10703
10706
10708
10711
10714
10724
10725
10728
10731
10736
10737
10740
10743
10745
10748
10751
10758
10760
10764
10766
10767
10771
10772
10773
10774
10775
10777
10778
10779
10785
10786
10788
10790
10791
10792
10793
10794
10795
10796
10800
10801
10804
10807
10809
10812
10816
10818
10826
10827
10828
10831
10833
10836
10840
10845
10846
10849
10850
10851
10853
10854
10855
10857
10860
10861
10864
10865
10868
10875
10878
10882
10888
10897
10903
10905
10910
10918
10919
10922
10929
10930
10933
10935
10936
10937
10942
10943
10945
10946
10948
10950
10953
10956
10958
10960
10962
10963
10967
10970
10973
10980
10981
10982
10983
10984
10989
10990
10997
10998
10999
11003
11005
11008
11012
11013
11014
11020
11022
11023
11024
11026
11027
11031
11035
11036
11037
11038
11042
11044
11047
11049
11050
11052
11054
11057
11058
11061
11063
11064
11069
11070
11071
11073
11075
11077
11079
11081
11085
11088
11093
11094
11095
11096
11099
11101
11102
11108
11109
11110
11112
11114
11115
11116
11119
11122
11123
11124
11127
11133
11138
11143
11145
11148
11151
11152
11155
11156
11159
11160
11162
11164
11166
11171
11173
11174
11176
11188
11190
11196
11198
11199
11202
11204
11207
11209
11210
11212
11213
11216
11217
11219
11220
11223
11226
11228
11229
11231
11232
11236
11238
11241
11242
11244
11245
11248
11249
11250
11253
11254
11256
11258
11259
11264
11265
11266
11268
11269
11271
11273
11275
11276
11283
11285
11289
11290
11292
11301
11302
11303
11305
11306
11307
11308
11310
11311
11312
11314
11317
11318
11323
11328
11330
11331
11332
11337
11338
11339
11343
11344
11345
11347
11348
11349
11351
11358
11362
11363
11365
11373
11374
11375
11377
11378
11379
11381
11382
11383
11385
11386
11394
11396
11398
11402
11403
11410
11411
11414
11418
11419
11423
11424
11435
11436
11446
11447
11448
11451
11453
11455
11470
11471
11472
11473
11476
11478
11479
11486
11487
11488
11489
11492
11493
11494
11500
11501
11502
11504
11505
11506
11507
11518
11519
11520
11525
11527
11532
11536
11538
11546
11548
11550
11553
11558
11560
11563
11564
11566
11570
11575
11576
11578
11583
11584
11585
11586
11588
11589
11591
11593
11596
11597
11600
11603
11607
11608
11613
11617
11618
11619
11621
11624
11628
11629
11632
11633
11634
11635
11637
11638
11639
11643
11645
11649
11650
11651
11658
11659
11662
11663
11664
11666
11668
11670
11673
11674
11675
11676
11677
11679
11680
11682
11684
11685
11689
11692
11695
11704
11707
11709
11717
11718
11720
11721
11722
11724
11728
11733
11734
11736
11740
11741
11743
11746
11750
11752
11753
11755
11758
11759
11760
11762
11767
11771
11776
11777
11779
11780
11782
11783
11786
11790
11794
11806
11808
11814
11816
11821
11824
11825
11828
11829
11830
11831
11839
11842
11843
11844
11845
11849
11851
11852
11855
11856
11857
11862
11865
11866
11869
11871
11872
11876
11878
11880
11881
11882
11883
11892
11893
11895
11899
11901
11902
11903
11906
11908
11909
11911
11921
11922
11923
11924
11929
11931
11935
11938
11939
11941
11946
11947
11950
11952
11956
11957
11958
11959
11960
11963
11965
11973
11974
11975
11976
11978
11979
11981
11984
11988
11989
11990
11992
11993
11995
11996
11997
11998
12000
12001
12004
12006
12007
12011
12012
12016
12017
12022
12023
12025
12026
12033
12035
12036
12037
12040
12041
12042
12044
12045
12050
12056
12057
12058
12060
12061
12062
12064
12067
12073
12075
12091
12097
12099
12101
12102
12103
12108
12112
12114
12117
12121
12123
12127
12131
12133
12137
12139
12142
12144
12145
12147
12151
12156
12164
12168
12169
12170
12171
12173
12176
12177
12178
12180
12182
12183
12190
12193
12196
12199
12200
12202
12205
12206
12208
12209
12213
12219
12220
12222
12225
12230
12234
12236
12242
12243
12244
12246
12247
12250
12252
12253
12254
12256
12258
12259
12260
12262
12263
12267
12272
12273
12276
12278
12285
12286
12288
12290
12292
12293
12294
12296
12299
12303
12305
12307
12309
12311
12314
12316
12318
12319
12323
12326
12327
12332
12333
12335
12336
12338
12339
12342
12343
12344
12345
12346
12352
12355
12362
12363
12366
12369
12370
12375
12377
12380
12381
12385
12391
12392
12404
12405
12407
12408
12409
12410
12411
12412
12413
12415
12416
12421
12425
12427
12428
12432
12433
12436
12440
12442
12445
12446
12448
12449
12452
12453
12461
12462
12463
12465
12467
12468
12470
12474
12479
12480
12489
12490
12491
12493
12495
12496
12497
12502
12504
12505
12506
12507
12510
12512
12513
12515
12518
12522
12523
12525
12527
12529
12531
12534
12541
12543
12544
12548
12550
12551
12553
12556
12558
12563
12564
12570
12573
12574
12576
12577
12582
12585
12586
12587
12588
12593
12601
12603
12604
12605
12606
12607
12608
12609
12610
12611
12613
12617
12624
12628
12630
12632
12633
12636
12638
12641
12643
12644
12654
12658
12659
12662
12663
12665
12668
12669
12673
12674
12678
12680
12682
12684
12686
12689
12690
12693
12694
12696
12697
12701
12705
12709
12710
12717
12720
12725
12727
12728
12729
12732
12733
12735
12738
12741
12746
12747
12749
12753
12757
12765
12768
12769
12772
12774
12781
12782
12788
12793
12794
12796
12798
12800
12803
12804
12808
12809
12811
12812
12814
12816
12817
12821
12822
12827
12828
12831
12832
12833
12835
12836
12844
12845
12846
12847
12851
12854
12859
12863
12864
12866
12867
12868
12872
12874
12875
12876
12879
12881
12883
12886
12887
12888
12891
12892
12893
12896
12899
12900
12904
12905
12907
12908
12909
12910
12911
12914
12915
12917
12919
12921
12922
12924
12928
12929
12930
12933
12934
12935
12936
12937
12939
12945
12949
12950
12951
12954
12958
12962
12964
12967
12968
12972
12976
12985
12987
12988
12990
12992
12993
12995
12999
13001
13003
13008
13010
13012
13016
13020
13022
13023
13024
13025
13026
13027
13033
13034
13035
13036
13039
13044
13045
13047
13048
13049
13050
13052
13054
13055
13056
13057
13059
13060
13063
13064
13068
13070
13075
13078
13079
13083
13084
13085
13086
13094
13099
13102
13105
13112
13114
13116
13118
13119
13121
13123
13124
13125
13126
13129
13140
13141
13143
13147
13151
13154
13158
13162
13164
13165
13170
13173
13177
13180
13186
13187
13189
13192
13197
13199
13203
13209
13218
13219
13222
13224
13226
13227
13235
13237
13240
13242
13243
13245
13247
13250
13251
13254
13255
13258
13259
13263
13264
13266
13267
13269
13271
13274
13275
13276
13278
13280
13281
13283
13286
13288
13293
13295
13296
13297
13302
13304
13309
13310
13317
13318
13319
13326
13329
13330
13335
13336
13338
13339
13342
13350
13354
13355
13362
13363
13366
13367
13369
13373
13375
13376
13377
13378
13380
13382
13387
13389
13391
13395
13400
13401
13403
13412
13414
13419
13425
13428
13430
13436
13438
13440
13443
13444
13452
13454
13456
13457
13461
13462
13463
13466
13468
13470
13475
13478
13480
13483
13487
13488
13489
13490
13492
13494
13498
13499
13500
13501
13502
13503
13508
13509
13514
13515
13518
13521
13522
13523
13526
13527
13533
13538
13539
13543
13545
13546
13547
13549
13550
13553
13555
13558
13560
13564
13567
13568
13572
13573
13576
13579
13580
13582
13587
13588
13589
13596
13597
13600
13602
13603
13604
13607
13610
13612
13613
13614
13616
13623
13627
13630
13638
13639
13647
13648
13649
13652
13655
13657
13658
13659
13660
13661
13662
13665
13668
13672
13673
13686
13688
13693
13694
13696
13697
13700
13704
13706
13707
13710
13712
13713
13715
13717
13718
13720
13721
13725
13728
13730
13731
13737
13738
13739
13745
13749
13750
13751
13752
13753
13760
13763
13765
13766
13767
13769
13770
13771
13774
13775
13780
13781
13783
13789
13792
13793
13796
13798
13802
13804
13807
13808
13809
13810
13812
13819
13823
13824
13825
13826
13829
13832
13833
13835
13844
13845
13852
13853
13855
13856
13860
13861
13870
13871
13877
13883
13885
13886
13895
13896
13897
13903
13909
13910
13911
13912
13915
13916
13917
13920
13923
13924
13927
13928
13930
13931
13932
13933
13934
13935
13938
13940
13942
13944
13945
13947
13948
13950
13951
13955
13956
13958
13960
13964
13966
13967
13968
13971
13972
13975
13978
13983
13985
13986
13989
13990
13991
13994
13995
13996
13999
14002
14004
14005
14006
14009
14010
14013
14014
14015
14018
14020
14021
14025
14027
14029
14030
14032
14033
14034
14035
14037
14044
14045
14049
14053
14055
14057
14059
14061
14063
14065
14067
14076
14090
14091
14095
14096
14099
14101
14102
14107
14108
14109
14112
14116
14124
14125
14131
14134
14136
14137
14138
14140
14142
14143
14145
14147
14148
14151
14152
14157
14159
14160
14161
14164
14172
14174
14177
14178
14183
14184
14186
14187
14192
14193
14195
14197
14198
14199
14200
14205
14207
14209
14211
14212
14213
14214
14215
14216
14219
14220
14221
14222
14224
14227
14231
14232
14240
14241
14244
14247
14250
14256
14260
14261
14266
14267
14269
14271
14280
14284
14286
14287
14291
14293
14299
14300
14301
14302
14303
14306
14308
14311
14313
14317
14318
14320
14324
14326
14327
14328
14332
14340
14341
14342
14344
14350
14351
14352
14355
14359
14365
14366
14367
14370
14373
14375
14376
14379
14381
14383
14384
14385
14386
14387
14388
14389
14390
14391
14393
14395
14396
14401
14403
14404
14412
14413
14415
14416
14417
14419
14421
14424
14425
14427
14428
14429
14431
14436
14439
14443
14445
14448
14450
14451
14452
14460
14462
14463
14467
14470
14471
14472
14476
14480
14481
14485
14486
14487
14492
14494
14497
14498
14502
14504
14505
14506
14508
14515
14516
14518
14523
14525
14528
14530
14531
14532
14538
14539
14541
14542
14543
14544
14546
14550
14555
14561
14562
14563
14565
14567
14568
14574
14575
14579
14582
14583
14585
14587
14589
14590
14592
14594
14595
14603
14610
14611
14612
14614
14615
14618
14620
14622
14623
14627
14629
14631
14632
14635
14636
14639
14642
14643
14645
14646
14649
14652
14656
14658
14660
14661
14662
14663
14668
14671
14673
14674
14676
14677
14683
14686
14691
14692
14697
14698
14701
14702
14703
14704
14705
14706
14707
14708
14709
14710
14711
14716
14717
14719
14722
14723
14734
14735
14739
14742
14743
14744
14748
14750
14754
14755
14756
14759
14760
14762
14766
14767
14772
14775
14782
14785
14786
14787
14788
14789
14791
14792
14795
14796
14799
14804
14805
14810
14811
14813
14814
14817
14821
14824
14827
14842
14843
14846
14849
14850
14851
14853
14854
14855
14856
14858
14859
14871
14875
14878
14886
14887
14889
14893
14896
14899
14901
14907
14908
14909
14911
14912
14913
14914
14915
14916
14917
14919
14921
14929
14930
14931
14933
14938
14939
14941
14944
14948
14955
14956
14958
14959
14964
14968
14970
14971
14972
14974
14977
14979
14982
14986
14989
14990
14991
14992
14995
14998
15003
15004
15005
15008
15009
15012
15013
15014
15026
15027
15028
15030
15031
15033
15034
15035
15037
15041
15045
15047
15051
15054
15056
15057
15061
15062
15063
15064
15067
15073
15074
15076
15077
15082
15084
15085
15086
15087
15088
15089
15091
15093
15095
15096
15098
15104
15105
15106
15107
15109
15110
15111
15116
15119
15120
15121
15122
15125
15126
15127
15129
15131
15133
15136
15140
15144
15145
15146
15151
15153
15157
15161
15166
15171
15174
15175
15180
15185
15187
15190
15193
15195
15196
15199
15203
15205
15206
15210
15213
15214
15216
15218
15224
15225
15226
15227
15232
15235
15236
15237
15239
15240
15242
15243
15244
15248
15267
15269
15272
15274
15276
15277
15280
15282
15288
15290
15291
15292
15293
15294
15297
15301
15307
15315
15317
15327
15328
15330
15333
15337
15338
15341
15342
15345
15350
15352
15356
15357
15358
15360
15363
15365
15372
15381
15382
15383
15384
15389
15390
15391
15396
15400
15401
15404
15405
15409
15410
15414
15415
15417
15420
15422
15423
15424
15425
15426
15427
15428
15429
15439
15441
15442
15450
15456
15458
15462
15463
15466
15471
15472
15473
15474
15476
15477
15478
15480
15483
15491
15492
15496
15497
15505
15506
15507
15517
15522
15524
15527
15528
15529
15534
15536
15538
15539
15540
15541
15543
15545
15546
15554
15556
15558
15559
15564
15567
15572
15574
15576
15578
15580
15581
15585
15587
15590
15593
15595
15600
15604
15605
15606
15607
15611
15612
15615
15616
15620
15622
15623
15624
15626
15627
15630
15631
15635
15637
15638
15640
15642
15644
15646
15648
15649
15650
15652
15653
15654
15656
15659
15660
15661
15666
15669
15672
15679
15682
15683
15687
15689
15692
15696
15697
15698
15703
15704
15705
15707
15708
15709
15711
15716
15719
15721
15722
15723
15724
15725
15727
15728
15729
15730
15732
15733
15743
15744
15746
15752
15755
15757
15763
15766
15769
15770
15773
15774
15775
15776
15784
15786
15789
15792
15793
15794
15798
15800
15801
15803
15805
15809
15810
15811
15815
15816
15819
15824
15828
15830
15831
15838
15840
15842
15845
15847
15849
15850
15851
15852
15853
15854
15858
15860
15862
15867
15868
15869
15873
15874
15876
15877
15880
15882
15883
15885
15886
15889
15890
15893
15898
15899
15900
15901
15908
15910
15916
15918
15919
15920
15925
15927
15928
15929
15930
15931
15934
15936
15939
15942
15943
15947
15952
15953
15957
15961
15962
15965
15966
15968
15969
15970
15971
15977
15979
15982
15985
15989
15991
15992
15995
15998
15999
16000
16001
16002
16003
16005
16011
16012
16015
16016
16019
16020
16023
16024
16033
16035
16036
16037
16040
16042
16046
16047
16049
16051
16054
16055
16057
16058
16060
16061
16062
16063
16064
16065
16066
16070
16073
16075
16076
16078
16081
16084
16090
16091
16092
16097
16099
16101
16102
16104
16105
16106
16107
16108
16113
16114
16115
16118
16124
16128
16130
16131
16134
16135
16136
16141
16144
16147
16149
16151
16152
16155
16157
16162
16164
16165
16168
16170
16171
16175
16176
16177
16179
16188
16189
16197
16198
16201
16202
16206
16208
16209
16210
16212
16214
16215
16221
16222
16223
16224
16228
16229
16235
16236
16237
16240
16243
16244
16246
16250
16262
16265
16267
16272
16273
16276
16277
16280
16281
16283
16286
16289
16290
16292
16299
16302
16303
16306
16309
16310
16311
16313
16315
16318
16319
16321
16325
16326
16331
16334
16335
16336
16337
16339
16340
16342
16344
16347
16348
16349
16350
16360
16361
16363
16364
16365
16366
16370
16371
16372
16373
16376
16378
16380
16381
16388
16389
16393
16400
16402
16408
16414
16417
16418
16422
16426
16428
16430
16431
16432
16433
16439
16441
16444
16446
16454
16455
16458
16462
16465
16467
16468
16470
16471
16472
16473
16477
16479
16482
16484
16485
16487
16488
16490
16491
16492
16494
16496
16497
16498
16500
16504
16507
16508
16511
16513
16520
16521
16522
16527
16530
16531
16532
16537
16539
16541
16543
16545
16547
16548
16550
16552
16554
16557
16560
16561
16562
16564
16565
16566
16567
16569
16571
16572
16576
16583
16584
16586
16588
16589
16590
16592
16594
16602
16605
16606
16607
16610
16612
16616
16617
16622
16625
16629
16631
16634
16640
16641
16642
16644
16646
16648
16649
16651
16652
16653
16656
16660
16661
16664
16665
16666
16669
16670
16673
16675
16676
16681
16682
16684
16685
16686
16690
16695
16703
16704
16710
16714
16715
16718
16722
16723
16724
16726
16732
16733
16737
16740
16746
16750
16751
16754
16759
16762
16763
16764
16767
16768
16769
16771
16773
16774
16775
16782
16783
16785
16788
16789
16791
16796
16800
16817
16823
16824
16832
16833
16836
16838
16839
16840
16841
16842
16843
16844
16846
16847
16848
16849
16850
16851
16852
16858
16861
16862
16865
16866
16871
16872
16881
16886
16888
16889
16890
16892
16894
16899
16902
16904
16909
16912
16913
16915
16920
16921
16922
16929
16938
16940
16942
16943
16944
16946
16947
16948
16951
16952
16953
16954
16957
16961
16964
16966
16969
16970
16971
16977
16978
16979
16983
16984
16985
16986
16987
16990
16995
16998
16999
17001
17003
17005
17007
17010
17011
17012
17013
17014
17015
17018
17019
17021
17022
17024
17027
17028
17030
17031
17032
17035
17036
17037
17038
17042
17044
17047
17048
17049
17052
17055
17056
17059
17060
17064
17068
17071
17074
17075
17079
17082
17085
17091
17095
17096
17099
17100
17103
17105
17106
17107
17108
17110
17111
17113
17118
17119
17121
17122
17129
17130
17134
17136
17138
17141
17142
17143
17147
17148
17150
17151
17153
17154
17155
17159
17160
17163
17165
17166
17179
17182
17185
17187
17189
17190
17191
17192
17195
17197
17198
17201
17203
17208
17211
17213
17216
17217
17220
17222
17224
17225
17227
17228
17230
17231
17236
17238
17242
17243
17244
17246
17250
17252
17253
17254
17255
17256
17257
17262
17263
17268
17274
17280
17281
17285
17286
17288
17289
17290
17292
17293
17294
17297
17298
17301
17304
17309
17312
17320
17321
17322
17323
17324
17330
17331
17335
17336
17337
17340
17343
17344
17346
17352
17353
17354
17357
17359
17360
17361
17364
17367
17369
17373
17378
17382
17383
17388
17389
17391
17400
17401
17402
17407
17408
17410
17411
17412
17414
17416
17420
17422
17423
17428
17431
17436
17438
17439
17441
17442
17443
17444
17445
17459
17461
17465
17466
17468
17470
17474
17476
17483
17485
17488
17498
17499
17507
17508
17509
17512
17513
17517
17519
17523
17524
17530
17531
17534
17538
17540
17542
17543
17547
17548
17549
17555
17559
17566
17569
17570
17571
17575
17576
17579
17582
17584
17589
17591
17594
17597
17599
17601
17602
17607
17615
17616
17619
17621
17622
17623
17625
17632
17634
17638
17640
17642
17644
17645
17646
17651
17654
17655
17658
17659
17660
17662
17664
17669
17674
17685
17686
17688
17694
17695
17696
17698
17699
17700
17701
17703
17705
17709
17713
17714
17716
17719
17720
17722
17723
17726
17729
17730
17731
17732
17735
17737
17739
17740
17741
17749
17750
17751
17753
17754
17761
17762
17768
17770
17772
17775
17778
17780
17783
17785
17794
17795
17797
17798
17807
17808
17809
17811
17812
17813
17815
17817
17819
17824
17828
17832
17834
17839
17842
17843
17845
17847
17848
17850
17852
17855
17857
17861
17864
17866
17868
17873
17879
17880
17883
17886
17888
17890
17891
17892
17896
17897
17901
17906
17907
17910
17911
17913
17915
17919
17920
17921
17926
17928
17930
17931
17934
17938
17942
17945
17946
17950
17951
17954
17955
17958
17960
17961
17963
17969
17973
17975
17981
17988
17993
17994
17995
17997
17998
18000
18003
18006
18008
18009
18012
18014
18017
18023
18027
18028
18032
18033
18034
18036
18039
18041
18043
18046
18048
18049
18053
18057
18060
18061
18072
18073
18084
18085
18088
18092
18093
18094
18098
18099
18111
18113
18115
18118
18120
18123
18124
18128
18130
18131
18137
18138
18140
18142
18152
18153
18155
18157
18161
18164
18169
18170
18172
18173
18178
18180
18186
18187
18189
18190
18194
18200
18202
18205
18206
18214
18215
18218
18219
18220
18227
18229
18230
18238
18242
18245
18251
18253
18254
18256
18257
18261
18262
18263
18265
18266
18268
18271
18272
18274
18276
18278
18280
18281
18282
18285
18289
18293
18294
18295
18297
18298
18299
18304
18314
18315
18319
18320
18321
18323
18326
18327
18330
18331
18332
18333
18335
18336
18344
18345
18347
18349
18352
18353
18354
18355
18358
18362
18364
18370
18371
18374
18376
18377
18378
18379
18384
18385
18387
18389
18390
18391
18392
18393
18394
18395
18396
18397
18398
18401
18402
18403
18405
18411
18412
18413
18416
18422
18423
18424
18428
18429
18430
18431
18432
18434
18435
18436
18438
18439
18447
18451
18454
18458
18459
18460
18463
18465
18467
18472
18474
18477
18478
18482
18484
18485
18486
18488
18489
18490
18499
18503
18505
18506
18507
18508
18509
18510
18512
18516
18518
18519
18522
18525
18527
18530
18532
18534
18540
18542
18543
18549
18550
18551
18552
18553
18555
18560
18562
18563
18564
18569
18570
18571
18572
18574
18575
18582
18585
18589
18591
18592
18595
18596
18598
18601
18607
18610
18614
18616
18621
18630
18633
18636
18637
18644
18649
18651
18653
18656
18659
18660
18667
18670
18676
18677
18680
18683
18685
18687
18692
18697
18700
18702
18705
18706
18707
18708
18710
18714
18719
18721
18722
18724
18728
18729
18730
18731
18732
18734
18735
18741
18744
18746
18748
18749
18750
18751
18752
18754
18757
18758
18764
18767
18768
18773
18775
18776
18777
18779
18782
18786
18787
18790
18795
18797
18800
18802
18803
18805
18807
18810
18811
18812
18814
18816
18818
18823
18825
18827
18828
18829
18831
18832
18833
18844
18845
18851
18855
18856
18857
18863
18864
18873
18874
18878
18881
18882
18885
18887
18888
18889
18891
18892
18894
18897
18901
18902
18905
18906
18910
18912
18913
18917
18918
18920
18923
18929
18930
18931
18935
18937
18939
18941
18942
18944
18945
18947
18948
18951
18954
18955
18960
18961
18962
18964
18967
18969
18971
18975
18977
18978
18981
18983
18985
18990
18991
18997
19002
19003
19005
19011
19012
19013
19015
19018
19019
19022
19026
19027
19028
19029
19031
19032
19035
19039
19041
19044
19046
19049
19050
19054
19057
19061
19062
19064
19066
19068
19069
19070
19073
19074
19076
19078
19079
19080
19084
19085
19086
19087
19089
19092
19093
19094
19098
19101
19102
19103
19106
19107
19108
19110
19111
19115
19116
19120
19124
19127
19128
19131
19132
19138
19140
19141
19143
19144
19145
19147
19152
19155
19156
19162
19165
19166
19168
19170
19171
19172
19173
19176
19177
19178
19179
19182
19183
19184
19186
19188
19189
19191
19193
19199
19200
19206
19207
19212
19215
19222
19223
19226
19228
19229
19232
19233
19238
19241
19243
19244
19245
19248
19249
19254
19255
19258
19259
19260
19261
19263
19267
19269
19271
19272
19274
19276
19278
19279
19280
19281
19282
19283
19285
19287
19288
19289
19290
19291
19293
19294
19298
19299
19300
19304
19306
19307
19308
19310
19315
19316
19317
19318
19319
19320
19323
19325
19329
19331
19333
19335
19337
19338
19343
19344
19345
19349
19352
19358
19360
19363
19364
19367
19368
19371
19372
19373
19374
19380
19381
19382
19384
19385
19386
19388
19390
19393
19399
19401
19402
19403
19405
19407
19409
19411
19413
19414
19417
19427
19430
19431
19432
19433
19435
19436
19438
19439
19443
19444
19445
19448
19449
19452
19454
19455
19458
19460
19462
19466
19467
19471
19473
19476
19477
19478
19479
19481
19482
19483
19484
19485
19486
19489
19491
19496
19501
19503
19504
19505
19507
19509
19510
19513
19514
19517
19518
19520
19521
19522
19523
19526
19527
19528
19535
19537
19540
19541
19542
19543
19545
19546
19547
19548
19550
19553
19555
19557
19558
19562
19563
19564
19571
19572
19576
19577
19580
19581
19582
19583
19586
19587
19588
19590
19591
19592
19594
19596
19597
19598
19599
19602
19605
19606
19607
19611
19615
19619
19622
19629
19630
19631
19632
19634
19635
19637
19638
19639
19640
19641
19649
19650
19651
19654
19661
19664
19665
19666
19669
19671
19672
19674
19675
19676
19677
19679
19682
19686
19687
19689
19691
19692
19693
19694
19700
19703
19704
19705
19707
19709
19713
19715
19717
19718
19721
19724
19725
19726
19727
19730
19731
19732
19733
19735
19737
19739
19742
19743
19744
19746
19747
19749
19750
19751
19754
19756
19758
19759
19760
19762
19764
19765
19767
19773
19774
19775
19776
19777
19778
19781
19782
19785
19786
19788
19791
19792
19793
19794
19796
19797
19803
19804
19806
19807
19808
19809
19810
19811
19812
19819
19820
19821
19824
19826
19827
19831
19832
19834
19836
19837
19838
19840
19842
19843
19846
19852
19854
19858
19863
19866
19871
19873
19874
19876
19877
19885
19886
19887
19888
19891
19894
19895
19896
19898
19901
19903
19906
19908
19909
19910
19911
19913
19914
19915
19917
19918
19919
19922
19924
19925
19926
19927
19928
19931
19932
19934
19935
19936
19937
19940
19941
19943
19944
19948
19949
19950
19953
19954
19958
19961
19966
19967
19968
19971
19973
19975
19981
19983
19985
19987
19992
19993
19998
20002
20003
20004
20005
20007
20010
20012
20015
20021
20023
20025
20026
20027
20030
20036
20037
20039
20043
20049
20051
20054
20057
20058
20059
20060
20061
20066
20068
20071
20074
20075
20076
20079
20081
20085
20089
20091
20095
20097
20098
20100
20101
20102
20103
20105
20106
20111
20112
20113
20114
20116
20119
20120
20122
20124
20125
20126
20129
20130
20134
20136
20137
20138
20142
20145
20146
20147
20148
20153
20154
20155
20157
20158
20159
20161
20163
20164
20166
20167
20170
20171
20172
20173
20174
20177
20178
20179
20181
20190
20191
20193
20194
20196
20197
20198
20208
20210
20215
20218
20221
20225
20226
20228
20230
20232
20233
20234
20236
20237
20240
20241
20246
20248
20250
20251
20252
20254
20259
20261
20262
20266
20267
20268
20269
20272
20274
20275
20278
20281
20282
20286
20289
20290
20294
20296
20300
20302
20303
20304
20306
20307
20308
20309
20310
20314
20321
20322
20325
20326
20328
20329
20330
20332
20334
20335
20336
20337
20338
20339
20341
20344
20345
20346
20347
20350
20351
20354
20355
20357
20358
20360
20361
20366
20370
20373
20374
20375
20376
20380
20381
20382
20383
20385
20386
20389
20392
20393
20395
20396
20399
20400
20401
20405
20406
20408
20411
20413
20417
20418
20420
20422
20423
20424
20425
20426
20427
20431
20432
20433
20437
20439
20445
20446
20448
20450
20451
20453
20454
20455
20459
20460
20462
20463
20464
20467
20470
20471
20473
20476
20477
20480
20483
20484
20485
20486
20487
20488
20489
20492
20493
20496
20498
20499
20503
20504
20505
20506
20508
20510
20515
20518
20519
20520
20521
20524
20525
20530
20531
20533
20534
20539
20542
20545
20546
20547
20550
20551
20557
20564
20566
20569
20571
20572
20573
20574
20575
20577
20579
20580
20583
20584
20585
20590
20591
20592
20595
20596
20599
20600
20602
20603
20604
20605
20606
20609
20610
20611
20612
20614
20617
20618
20621
20622
20623
20626
20627
20628
20630
20631
20633
20634
20636
20638
20642
20644
20646
20650
20651
20652
20655
20661
20665
20666
20669
20670
20672
20674
20676
20677
20680
20682
20685
20686
20689
20690
20691
20695
20696
20701
20703
20704
20707
20708
20712
20729
20734
20737
20739
20742
20743
20744
20749
20751
20753
20755
20759
20760
20762
20763
20768
20770
20771
20772
20773
20774
20778
20780
20781
20782
20785
20786
20789
20794
20797
20798
20806
20807
20809
20813
20814
20816
20818
20819
20820
20822
20823
20824
20827
20835
20837
20839
20840
20842
20844
20849
20850
20851
20853
20856
20858
20859
20864
20866
20867
20872
20874
20876
20877
20880
20885
20886
20892
20893
20894
20896
20897
20898
20899
20900
20907
20910
20911
20914
20920
20921
20924
20926
20927
20928
20929
20930
20931
20937
20941
20942
20944
20946
20948
20950
20952
20954
20960
20961
20963
20965
20969
20970
20971
20972
20976
20977
20979
20982
20984
20985
20986
20987
20989
20990
20992
20994
20995
20996
20997
20998
21000
21008
21010
21011
21012
21014
21017
21018
21019
21020
21021
21023
21024
21025
21026
21029
21030
21032
21034
21038
21041
21046
21048
21049
21051
21052
21054
21055
21056
21057
21059
21065
21067
21073
21074
21075
21077
21078
21085
21087
21089
21091
21092
21093
21094
21095
21099
21101
21103
21104
21107
21109
21113
21124
21125
21129
21133
21134
21136
21137
21138
21139
21140
21143
21148
21150
21151
21154
21156
21157
21158
21161
21162
21163
21167
21168
21169
21177
21180
21182
21184
21191
21192
21196
21201
21203
21204
21206
21207
21208
21209
21210
21211
21212
21214
21221
21222
21224
21225
21228
21229
21231
21232
21233
21237
21241
21243
21245
21249
21250
21253
21256
21258
21260
21262
21263
21264
21265
21266
21270
21271
21273
21275
21276
21279
21282
21285
21286
21288
21289
21292
21296
21297
21305
21307
21311
21313
21315
21318
21319
21321
21322
21324
21328
21334
21335
21340
21341
21343
21347
21350
21353
21355
21359
21363
21366
21368
21372
21376
21377
21378
21381
21383
21384
21385
21387
21389
21393
21395
21396
21397
21398
21399
21400
21401
21404
21406
21407
21411
21412
21414
21418
21419
21422
21423
21424
21425
21427
21428
21434
21435
21437
21439
21440
21441
21442
21444
21445
21446
21447
21450
21451
21452
21453
21454
21456
21458
21459
21463
21464
21465
21467
21469
21471
21472
21474
21475
21479
21483
21484
21488
21489
21491
21493
21495
21496
21497
21505
21506
21507
21508
21511
21516
21523
21524
21525
21526
21527
21528
21530
21531
21534
21535
21536
21538
21543
21545
21547
21548
21549
21555
21557
21560
21562
21566
21568
21570
21572
21573
21577
21578
21580
21581
21582
21585
21586
21587
21589
21590
21591
21593
21594
21596
21600
21602
21607
21610
21615
21620
21621
21623
21624
21628
21629
21631
21633
21638
21641
21642
21643
21644
21645
21648
21650
21651
21652
21654
21660
21661
21662
21668
21670
21671
21673
21674
21679
21680
21682
21684
21685
21693
21696
21699
21701
21703
21707
21708
21709
21713
21714
21716
21718
21721
21724
21726
21732
21736
21737
21738
21739
21741
21742
21743
21744
21746
21747
21749
21750
21752
21757
21761
21765
21767
21768
21771
21772
21773
21776
21781
21782
21783
21784
21785
21788
21789
21791
21793
21797
21798
21803
21804
21805
21806
21807
21808
21809
21811
21812
21816
21817
21818
21819
21821
21822
21824
21827
21829
21833
21834
21836
21838
21839
21840
21841
21851
21854
21856
21859
21860
21861
21862
21863
21865
21867
21869
21871
21872
21874
21875
21877
21878
21879
21880
21881
21883
21886
21887
21888
21889
21890
21891
21892
21893
21897
21899
21900
21902
21905
21906
21907
21909
21910
21912
21913
21915
21918
21926
21927
21929
21930
21931
21934
21935
21936
21939
21942
21947
21948
21949
21950
21951
21954
21955
21956
21959
21960
21961
21963
21964
21965
21972
21973
21974
21975
21977
21979
21984
21986
21989
21990
21994
21995
21996
21997
21998
21999
22001
22003
22004
22006
22007
22008
22009
22010
22011
22014
22016
22018
22020
22023
22024
22025
22026
22027
22029
22034
22036
22040
22042
22043
22045
22047
22049
22052
22055
22057
22058
22061
22063
22065
22066
22068
22070
22072
22073
22075
22076
22078
22081
22083
22084
22088
22089
22090
22097
22100
22103
22104
22105
22106
22107
22109
22110
22111
22112
22114
22122
22124
22125
22126
22128
22129
22132
22136
22138
22139
22141
22143
22144
22145
22150
22152
22153
22155
22157
22160
22162
22166
22167
22168
22169
22170
22173
22175
22178
22180
22181
22183
22184
22186
22188
22190
22191
22195
22198
22199
22202
22207
22209
22212
22214
22215
22216
22218
22219
22220
22224
22225
22227
22229
22231
22232
22234
22240
22244
22246
22251
22253
22254
22255
22256
22257
22260
22261
22263
22264
22265
22266
22267
22268
22270
22273
22275
22276
22279
22281
22284
22285
22286
22287
22289
22292
22293
22295
22298
22299
22303
22304
22307
22308
22314
22317
22321
22323
22326
22327
22328
22329
22330
22331
22334
22336
22337
22340
22342
22354
22355
22356
22357
22359
22365
22366
22367
22369
22371
22372
22374
22376
22378
22379
22380
22382
22383
22391
22392
22394
22396
22397
22398
22399
22400
22403
22409
22413
22414
22416
22418
22420
22421
22422
22423
22426
22428
22430
22434
22435
22438
22442
22446
22447
22450
22451
22452
22453
22454
22455
22457
22459
22460
22472
22473
22475
22476
22478
22479
22480
22481
22485
22487
22488
22489
22492
22495
22496
22498
22499
22504
22505
22506
22511
22512
22514
22515
22519
22520
22521
22523
22525
22526
22527
22530
22531
22532
22533
22535
22539
22541
22542
22544
22551
22553
22564
22567
22568
22569
22573
22574
22575
22576
22578
22579
22582
22584
22585
22586
22587
22589
22592
22593
22595
22599
22603
22604
22606
22607
22608
22611
22612
22616
22617
22618
22620
22621
22626
22628
22630
22631
22636
22639
22640
22642
22643
22644
22646
22649
22653
22654
22663
22664
22666
22667
22669
22670
22675
22682
22684
22685
22686
22689
22690
22691
22693
22694
22696
22697
22700
22701
22703
22704
22706
22707
22709
22710
22712
22715
22716
22717
22718
22719
22722
22723
22724
22726
22727
22734
22736
22737
22738
22739
22740
22742
22745
22750
22751
22752
22756
22757
22758
22760
22762
22763
22767
22768
22777
22778
22781
22783
22787
22788
22789
22792
22794
22797
22800
22801
22802
22808
22809
22811
22814
22819
22821
22822
22823
22824
22830
22831
22832
22834
22835
22840
22844
22845
22846
22847
22849
22850
22851
22854
22856
22858
22859
22862
22864
22865
22868
22873
22874
22878
22879
22883
22884
22885
22887
22890
22892
22893
22896
22897
22899
22900
22905
22908
22909
22911
22915
22916
22919
22923
22926
22928
22931
22934
22935
22937
22938
22939
22942
22943
22948
22950
22951
22953
22954
22955
22956
22957
22964
22965
22966
22968
22971
22977
22979
22980
22981
22982
22983
22985
22986
22987
22990
22993
22994
22995
22999
23000
23003
23007
23009
23011
23014
23015
23016
23019
23025
23028
23029
23030
23031
23032
23035
23036
23038
23039
23042
23044
23045
23046
23047
23048
23051
23054
23056
23057
23060
23061
23064
23066
23071
23074
23076
23078
23079
23080
23082
23083
23085
23086
23088
23091
23094
23095
23098
23099
23100
23101
23102
23103
23106
23107
23116
23118
23119
23121
23123
23124
23125
23126
23127
23130
23131
23134
23136
23137
23138
23143
23148
23149
23150
23151
23152
23153
23156
23157
23159
23161
23162
23169
23174
23176
23180
23182
23187
23190
23191
23193
23194
23200
23201
23202
23203
23207
23212
23213
23215
23217
23220
23221
23223
23224
23226
23227
23230
23231
23235
23236
23237
23239
23240
23241
23242
23244
23248
23252
23253
23254
23255
23258
23260
23262
23263
23265
23269
23272
23274
23275
23277
23280
23281
23282
23283
23285
23288
23293
23295
23297
23298
23303
23304
23308
23309
23311
23312
23315
23316
23317
23319
23320
23323
23327
23328
23329
23330
23332
23333
23336
23337
23338
23339
23340
23341
23342
23343
23344
23345
23346
23347
23348
23349
23353
23356
23360
23361
23363
23365
23366
23367
23370
23372
23373
23378
23381
23382
23386
23390
23391
23392
23393
23394
23397
23398
23404
23407
23409
23410
23411
23414
23417
23418
23419
23421
23422
23426
23428
23429
23431
23433
23434
23437
23438
23439
23440
23442
23443
23446
23448
23452
23453
23463
23466
23467
23468
23469
23472
23477
23479
23480
23484
23485
23488
23489
23490
23492
23495
23498
23500
23503
23504
23508
23509
23510
23513
23521
23523
23524
23526
23527
23530
23531
23533
23536
23537
23538
23540
23544
23545
23546
23549
23550
23551
23553
23554
23557
23558
23561
23568
23569
23572
23573
23577
23585
23586
23587
23588
23591
23592
23593
23595
23596
23598
23600
23602
23604
23606
23608
23613
23614
23616
23618
23619
23620
23624
23627
23635
23637
23639
23640
23643
23645
23646
23648
23649
23651
23654
23655
23656
23659
23660
23661
23663
23664
23665
23666
23670
23671
23674
23675
23676
23677
23679
23680
23682
23683
23685
23687
23689
23690
23691
23693
23696
23699
23701
23702
23703
23704
23710
23712
23718
23720
23722
23723
23725
23729
23730
23735
23736
23739
23741
23742
23744
23747
23748
23749
23751
23757
23758
23759
23760
23762
23763
23764
23765
23767
23768
23769
23771
23772
23773
23775
23776
23777
23778
23779
23780
23781
23784
23787
23788
23791
23793
23794
23795
23797
23799
23804
23806
23807
23808
23813
23814
23815
23819
23820
23824
23825
23828
23831
23832
23834
23840
23841
23843
23844
23845
23846
23850
23851
23852
23854
23855
23858
23860
23861
23863
23864
23866
23869
23870
23871
23874
23876
23879
23881
23882
23883
23884
23889
23890
23895
23897
23898
23899
23900
23907
23909
23910
23911
23913
23917
23918
23920
23922
23923
23925
23927
23928
23932
23933
23934
23935
23937
23938
23939
23940
23941
23943
23944
23945
23947
23950
23951
23954
23956
23957
23959
23960
23961
23962
23966
23967
23972
23978
23979
23980
23983
23985
23986
23988
23989
23991
23992
23996
23998
24000
24002
24005
24006
24007
24008
24011
24012
24013
24014
24015
24016
24017
24018
24023
24024
24025
24026
24028
24029
24031
24032
24034
24039
24040
24042
24044
24053
24057
24058
24059
24061
24068
24071
24074
24076
24077
24080
24081
24083
24084
24086
24089
24090
24091
24092
24093
24094
24095
24099
24102
24103
24105
24108
24109
24111
24113
24115
24125
24130
24131
24132
24135
24141
24142
24144
24149
24150
24156
24163
24170
24171
24173
24175
24177
24178
24182
24183
24184
24185
24186
24190
24198
24199
24201
24205
24207
24209
24212
24213
24214
24215
24221
24223
24224
24225
24227
24231
24233
24235
24236
24239
24240
24242
24243
24247
24248
24251
24252
24257
24259
24260
24263
24268
24269
24270
24271
24275
24277
24281
24282
24283
24285
24289
24290
24292
24294
24295
24298
24300
24303
24305
24306
24307
24311
24314
24317
24319
24321
24323
24329
24330
24332
24334
24335
24342
24343
24347
24350
24351
24352
24353
24354
24355
24359
24361
24362
24366
24371
24372
24374
24375
24376
24377
24379
24380
24381
24382
24384
24385
24390
24391
24394
24396
24397
24398
24399
24400
24401
24405
24406
24408
24409
24410
24412
24415
24417
24420
24421
24422
24423
24425
24426
24427
24429
24430
24435
24437
24442
24443
24445
24447
24448
24450
24451
24452
24456
24459
24463
24467
24468
24469
24471
24472
24475
24476
24482
24483
24484
24485
24488
24493
24494
24498
24499
24502
24505
24506
24511
24512
24515
24517
24518
24522
24525
24526
24529
24534
24536
24538
24539
24541
24542
24543
24544
24546
24547
24548
24550
24551
24552
24553
24555
24557
24558
24561
24562
24565
24566
24567
24570
24571
24573
24577
24579
24581
24582
24583
24584
24588
24590
24591
24592
24595
24596
24598
24599
24600
24601
24603
24605
24607
24609
24610
24611
24612
24613
24614
24615
24617
24618
24619
24621
24624
24626
24628
24629
24630
24631
24633
24635
24637
24638
24640
24645
24646
24651
24653
24657
24658
24660
24662
24663
24665
24666
24667
24671
24674
24675
24679
24680
24681
24682
24683
24685
24687
24688
24689
24690
24695
24696
24697
24704
24707
24709
24713
24722
24732
24733
24734
24735
24736
24738
24739
24740
24741
24742
24743
24745
24751
24754
24758
24760
24762
24764
24771
24772
24774
24775
24776
24777
24778
24779
24782
24785
24788
24789
24792
24794
24795
24796
24797
24801
24804
24806
24808
24809
24810
24811
24813
24814
24817
24818
24819
24820
24823
24824
24825
24826
24827
24830
24834
24838
24841
24845
24847
24848
24850
24853
24855
24858
24859
24860
24861
24865
24866
24869
24870
24871
24872
24873
24876
24877
24878
24880
24886
24888
24893
24894
24897
24898
24901
24902
24903
24904
24907
24910
24911
24912
24913
24915
24916
24917
24919
24920
24922
24923
24924
24925
24927
24930
24933
24934
24936
24937
24938
24939
24941
24942
24944
24946
24947
24948
24953
24956
24958
24959
24961
24962
24963
24966
24967
24968
24969
24971
24972
24976
24977
24979
24984
24985
24989
24990
24991
24993
24994
24996
25001
25002
25003
25004
25005
25006
25008
25010
25012
25014
25016
25017
25018
25021
25029
25034
25036
25037
25040
25042
25043
25048
25051
25054
25059
25060
25062
25063
25064
25068
25071
25075
25079
25080
25081
25084
25086
25087
25088
25091
25092
25094
25096
25098
25099
25100
25104
25105
25107
25110
25112
25114
25115
25116
25118
25119
25121
25123
25131
25133
25138
25139
25141
25143
25146
25147
25150
25151
25154
25157
25159
25160
25163
25169
25171
25172
25173
25178
25179
25182
25183
25187
25188
25189
25192
25194
25195
25196
25198
25199
25200
25201
25202
25204
25210
25212
25213
25216
25217
25219
25220
25222
25227
25228
25229
25231
25236
25238
25240
25241
25244
25246
25247
25249
25254
25256
25257
25258
25259
25261
25262
25264
25267
25269
25273
25275
25280
25281
25283
25287
25288
25290
25291
25292
25293
25294
25297
25298
25299
25301
25303
25304
25306
25307
25308
25309
25311
25312
25313
25315
25316
25317
25318
25320
25321
25324
25328
25330
25331
25334
25335
25339
25341
25342
25343
25344
25347
25348
25350
25351
25355
25360
25363
25365
25366
25367
25368
25370
25372
25374
25378
25379
25380
25388
25389
25392
25393
25395
25396
25398
25400
25401
25403
25406
25411
25419
25422
25424
25429
25433
25435
25437
25440
25442
25443
25444
25445
25447
25449
25453
25455
25458
25460
25461
25463
25467
25469
25470
25471
25472
25474
25478
25481
25482
25483
25484
25487
25488
25489
25491
25492
25494
25499
25500
25502
25510
25512
25515
25521
25524
25525
25526
25527
25528
25533
25536
25537
25539
25541
25544
25545
25549
25553
25556
25557
25559
25561
25563
25564
25565
25568
25569
25570
25574
25575
25579
25581
25582
25584
25585
25586
25588
25589
25592
25593
25596
25601
25602
25603
25605
25607
25608
25610
25611
25614
25616
25617
25620
25625
25626
25627
25629
25631
25637
25641
25643
25646
25647
25649
25651
25652
25654
25655
25656
25657
25659
25660
25662
25663
25668
25670
25671
25675
25676
25680
25684
25685
25687
25688
25692
25695
25697
25699
25703
25704
25705
25708
25709
25711
25712
25715
25716
25721
25722
25723
25725
25728
25731
25733
25734
25736
25738
25745
25749
25753
25755
25756
25757
25761
25762
25763
25764
25768
25772
25773
25774
25780
25784
25785
25786
25790
25798
25799
25800
25802
25804
25810
25813
25817
25818
25819
25822
25824
25825
25826
25828
25830
25832
25833
25836
25837
25838
25841
25844
25846
25847
25851
25854
25856
25864
25866
25867
25871
25872
25873
25874
25875
25879
25880
25881
25882
25883
25884
25885
25887
25888
25889
25891
25892
25893
25894
25895
25896
25899
25901
25902
25905
25906
25911
25912
25915
25916
25917
25918
25919
25920
25923
25924
25927
25929
25932
25933
25934
25938
25940
25941
25944
25946
25947
25948
25951
25958
25961
25964
25965
25966
25969
25975
25976
25978
25980
25981
25982
25983
25985
25987
25991
25994
25995
25996
25998
26000
26001
26004
26005
26009
26010
26014
26018
26019
26020
26022
26023
26024
26025
26026
26030
26031
26032
26034
26040
26042
26046
26047
26050
26051
26053
26058
26059
26061
26062
26064
26065
26066
26069
26076
26079
26082
26083
26086
26087
26089
26090
26091
26093
26095
26097
26099
26104
26106
26107
26109
26110
26112
26113
26114
26115
26116
26118
26119
26122
26123
26124
26125
26126
26128
26129
26130
26132
26137
26138
26140
26143
26144
26150
26152
26153
26154
26156
26158
26159
26160
26162
26164
26166
26168
26169
26170
26171
26173
26174
26175
26178
26179
26181
26184
26186
26188
26190
26191
26192
26193
26195
26197
26198
26205
26206
26207
26208
26209
26210
26213
26214
26217
26218
26219
26221
26222
26224
26225
26226
26227
26228
26229
26230
26237
26240
26243
26244
26245
26246
26247
26251
26252
26254
26255
26257
26263
26265
26269
26271
26272
26273
26275
26279
26280
26281
26283
26284
26285
26288
26289
26292
26293
26294
26295
26297
26302
26303
26304
26305
26309
26310
26314
26315
26317
26318
26321
26323
26324
26325
26327
26330
26333
26334
26335
26336
26337
26339
26340
26341
26345
26346
26349
26352
26354
26355
26358
26359
26360
26361
26365
26368
26369
26371
26373
26375
26378
26381
26385
26386
26389
26391
26393
26394
26395
26396
26398
26399
26400
26401
26404
26405
26406
26407
26409
26412
26415
26416
26417
26419
26421
26422
26423
26424
26426
26429
26431
26433
26436
26437
26438
26439
26441
26442
26450
26452
26457
26460
26461
26463
26465
26466
26467
26469
26470
26472
26474
26477
26478
26479
26480
26481
26483
26485
26487
26489
26491
26492
26494
26496
26499
26500
26501
26502
26504
26505
26506
26507
26508
26509
26510
26511
26512
26513
26516
26518
26520
26522
26527
26529
26530
26535
26536
26539
26540
26542
26546
26547
26549
26550
26551
26553
26554
26559
26560
26561
26564
26565
26566
26567
26569
26570
26572
26575
26576
26577
26579
26585
26587
26589
26595
26596
26597
26598
26599
26600
26604
26607
26608
26612
26614
26617
26620
26622
26623
26627
26628
26629
26631
26634
26640
26641
26644
26649
26652
26654
26656
26657
26658
26659
26660
26661
26662
26663
26665
26666
26668
26670
26671
26673
26674
26675
26679
26681
26682
26684
26687
26688
26693
26694
26695
26696
26702
26706
26712
26713
26715
26716
26717
26719
26720
26726
26728
26730
26733
26735
26737
26738
26742
26743
26744
26748
26750
26752
26754
26756
26759
26760
26761
26765
26767
26770
26774
26776
26779
26785
26787
26789
26790
26792
26795
26796
26801
26802
26806
26808
26810
26812
26813
26814
26815
26816
26817
26819
26820
26825
26826
26827
26831
26832
26834
26835
26836
26838
26839
26841
26842
26844
26845
26847
26848
26851
26854
26855
26856
26857
26860
26861
26869
26872
26873
26878
26879
26885
26886
26892
26893
26898
26899
26900
26901
26902
26903
26904
26905
26911
26912
26919
26924
26925
26927
26929
26931
26932
26934
26935
26938
26939
26941
26942
26943
26945
26947
26951
26952
26953
26956
26959
26961
26962
26969
26972
26973
26977
26978
26983
26984
26985
26986
26987
26989
26993
26995
26998
26999
27002
27003
27008
27014
27016
27017
27021
27022
27026
27034
27038
27039
27040
27043
27048
27049
27050
27052
27053
27055
27057
27060
27061
27062
27063
27065
27068
27073
27074
27075
27076
27077
27080
27081
27082
27086
27088
27090
27091
27092
27095
27096
27097
27099
27103
27104
27106
27107
27109
27110
27111
27112
27115
27117
27119
27120
27122
27123
27125
27126
27127
27128
27129
27130
27134
27135
27137
27138
27139
27141
27143
27145
27148
27149
27150
27151
27153
27154
27156
27158
27161
27164
27169
27170
27172
27175
27176
27178
27179
27184
27185
27186
27187
27189
27193
27195
27196
27197
27199
27201
27202
27204
27210
27211
27214
27218
27222
27223
27224
27225
27227
27228
27234
27235
27236
27239
27241
27242
27243
27246
27252
27255
27256
27262
27266
27272
27273
27274
27275
27276
27280
27281
27283
27285
27287
27289
27290
27292
27293
27296
27298
27302
27304
27305
27309
27311
27312
27316
27319
27321
27326
27329
27330
27332
27334
27335
27339
27340
27342
27348
27349
27350
27351
27353
27354
27357
27358
27359
27360
27364
27365
27366
27367
27369
27370
27372
27373
27374
27377
27378
27380
27381
27384
27385
27390
27391
27392
27393
27394
27396
27397
27400
27401
27402
27405
27406
27411
27412
27414
27415
27419
27423
27424
27426
27427
27429
27432
27433
27437
27439
27441
27445
27448
27452
27453
27460
27461
27463
27464
27466
27467
27468
27469
27471
27472
27473
27474
27477
27478
27482
27484
27486
27489
27491
27493
27494
27495
27496
27497
27498
27499
27500
27501
27503
27504
27506
27508
27509
27511
27512
27516
27519
27521
27524
27525
27526
27529
27530
27533
27536
27537
27539
27540
27543
27546
27548
27551
27554
27556
27559
27560
27561
27563
27565
27567
27568
27569
27574
27575
27577
27581
27588
27589
27590
27591
27593
27595
27596
27597
27602
27603
27605
27609
27610
27613
27615
27616
27617
27618
27623
27624
27628
27629
27631
27632
27637
27639
27640
27643
27646
27653
27654
27658
27660
27668
27670
27671
27672
27677
27679
27681
27682
27683
27685
27688
27690
27691
27692
27696
27697
27699
27703
27705
27712
27716
27718
27719
27721
27722
27725
27729
27731
27735
27736
27738
27741
27743
27744
27747
27750
27752
27754
27755
27756
27757
27758
27759
27762
27765
27766
27767
27770
27772
27773
27777
27778
27780
27781
27782
27783
27786
27790
27793
27794
27795
27796
27799
27803
27804
27807
27810
27815
27816
27817
27819
27821
27825
27826
27827
27828
27834
27840
27841
27842
27846
27847
27852
27854
27856
27861
27862
27863
27864
27867
27868
27869
27871
27872
27873
27875
27876
27878
27880
27881
27883
27886
27887
27891
27904
27905
27906
27908
27909
27910
27911
27912
27913
27917
27918
27919
27921
27922
27924
27925
27926
27927
27929
27930
27931
27932
27933
27934
27937
27941
27944
27945
27946
27948
27949
27950
27953
27954
27958
27963
27965
27966
27967
27969
27971
27973
27975
27977
27978
27984
27985
27986
27987
27989
27993
27996
27998
27999
28001
28003
28005
28011
28016
28017
28019
28021
28023
28027
28033
28034
28036
28039
28041
28044
28045
28046
28047
28048
28049
28050
28051
28052
28053
28060
28061
28062
28063
28064
28070
28075
28077
28081
28083
28084
28085
28087
28088
28089
28091
28092
28095
28096
28097
28098
28101
28103
28105
28106
28107
28108
28109
28110
28112
28113
28116
28119
28120
28121
28123
28127
28129
28130
28134
28135
28138
28139
28141
28144
28147
28149
28150
28151
28154
28158
28160
28165
28167
28168
28171
28172
28173
28180
28181
28182
28185
28186
28187
28189
28190
28191
28194
28196
28197
28199
28200
28201
28203
28206
28207
28208
28209
28210
28214
28215
28216
28217
28221
28222
28223
28225
28226
28227
28231
28233
28235
28238
28239
28241
28244
28252
28254
28255
28258
28259
28260
28261
28265
28266
28268
28269
28271
28273
28274
28275
28279
28281
28282
28285
28286
28287
28288
28289
28292
28294
28298
28299
28300
28303
28304
28307
28308
28309
28316
28317
28323
28325
28327
28330
28332
28334
28336
28338
28339
28341
28342
28348
28349
28354
28356
28358
28361
28364
28365
28369
28370
28371
28378
28381
28388
28390
28392
28396
28397
28398
28400
28402
28405
28407
28408
28409
28411
28412
28413
28414
28416
28417
28422
28423
28424
28425
28426
28431
28434
28436
28438
28439
28441
28443
28444
28445
28447
28448
28451
28453
28454
28457
28458
28459
28460
28461
28462
28464
28465
28468
28470
28471
28473
28475
28476
28477
28479
28480
28481
28482
28484
28485
28487
28488
28490
28493
28494
28495
28496
28502
28506
28510
28512
28513
28514
28515
28516
28517
28519
28523
28524
28525
28528
28532
28533
28536
28539
28540
28541
28543
28547
28552
28560
28561
28563
28564
28566
28570
28571
28575
28576
28577
28579
28582
28583
28585
28586
28588
28589
28595
28601
28602
28604
28605
28606
28612
28613
28617
28618
28619
28620
28622
28623
28625
28627
28628
28629
28630
28631
28633
28634
28635
28638
28639
28640
28642
28647
28650
28651
28653
28655
28656
28658
28659
28661
28663
28664
28665
28670
28676
28678
28679
28680
28685
28688
28691
28692
28695
28696
28699
28701
28703
28704
28707
28708
28709
28711
28714
28715
28716
28719
28723
28724
28725
28727
28730
28731
28733
28736
28737
28738
28739
28742
28745
28747
28750
28751
28753
28756
28758
28760
28762
28763
28767
28768
28769
28770
28772
28773
28774
28776
28777
28781
28784
28785
28786
28787
28789
28791
28794
28798
28801
28810
28811
28814
28815
28816
28821
28822
28825
28826
28827
28828
28830
28831
28832
28833
28834
28835
28836
28838
28839
28840
28841
28842
28844
28845
28846
28854
28855
28857
28858
28859
28860
28861
28863
28864
28865
28866
28872
28874
28878
28879
28880
28881
28883
28884
28885
28887
28889
28890
28891
28892
28893
28894
28896
28899
28900
28905
28908
28911
28912
28913
28914
28916
28917
28919
28920
28922
28925
28926
28927
28931
28938
28940
28942
28943
28945
28946
28947
28950
28951
28952
28953
28957
28958
28960
28963
28965
28966
28968
28969
28973
28978
28979
28982
28984
28985
28986
28989
28992
28993
28996
28997
28998
29001
29003
29006
29007
29014
29018
29020
29024
29025
29026
29031
29033
29034
29036
29037
29045
29046
29049
29051
29052
29054
29056
29061
29062
29066
29068
29070
29072
29073
29074
29077
29079
29081
29086
29088
29094
29096
29097
29100
29102
29103
29104
29105
29106
29107
29108
29109
29110
29111
29113
29114
29115
29116
29117
29120
29123
29126
29130
29132
29133
29134
29135
29136
29138
29144
29147
29148
29151
29152
29153
29156
29159
29160
29161
29162
29165
29167
29168
29169
29173
29174
29176
29177
29178
29180
29181
29184
29187
29189
29191
29192
29194
29196
29198
29199
29200
29202
29204
29205
29206
29209
29210
29211
29215
29221
29223
29224
29228
29232
29235
29237
29238
29239
29240
29243
29247
29249
29252
29254
29256
29257
29258
29260
29261
29262
29265
29271
29272
29273
29276
29280
29282
29283
29284
29285
29288
29293
29295
29297
29300
29304
29307
29309
29311
29312
29317
29318
29319
29321
29322
29323
29326
29333
29334
29337
29338
29340
29342
29343
29346
29347
29351
29356
29358
29359
29360
29366
29367
29368
29369
29370
29372
29373
29374
29375
29376
29379
29384
29389
29391
29393
29399
29400
29403
29406
29408
29409
29411
29413
29414
29415
29417
29420
29421
29426
29432
29434
29435
29437
29439
29443
29444
29445
29446
29449
29451
29452
29453
29455
29456
29459
29462
29464
29467
29469
29470
29471
29472
29474
29479
29480
29481
29484
29486
29488
29489
29490
29491
29492
29493
29496
29497
29501
29502
29509
29511
29512
29514
29516
29517
29518
29519
29520
29521
29522
29524
29525
29526
29527
29529
29530
29531
29536
29537
29538
29540
29542
29544
29545
29548
29549
29551
29553
29557
29558
29562
29570
29571
29574
29578
29579
29580
29582
29585
29586
29588
29589
29591
29595
29599
29602
29603
29605
29613
29614
29616
29617
29618
29620
29621
29623
29624
29627
29628
29631
29635
29640
29641
29645
29647
29650
29655
29657
29658
29660
29662
29663
29665
29677
29678
29679
29684
29686
29687
29689
29691
29692
29693
29694
29695
29697
29698
29699
29701
29706
29707
29709
29711
29712
29714
29715
29716
29718
29721
29722
29723
29724
29729
29734
29742
29744
29748
29749
29750
29751
29755
29757
29758
29760
29761
29762
29763
29765
29766
29767
29769
29770
29776
29777
29778
29782
29783
29784
29785
29787
29789
29792
29794
29795
29796
29797
29799
29800
29801
29803
29804
29805
29806
29809
29813
29816
29819
29821
29822
29824
29825
29826
29833
29834
29835
29837
29843
29846
29847
29848
29849
29851
29858
29859
29860
29861
29864
29865
29868
29870
29872
29873
29875
29877
29879
29881
29882
29888
29892
29893
29895
29896
29897
29898
29902
29903
29904
29908
29909
29912
29914
29915
29916
29917
29919
29922
29923
29924
29925
29927
29928
29930
29932
29933
29936
29937
29938
29939
29941
29942
29944
29946
29950
29952
29953
29955
29956
29957
29958
29961
29963
29964
29968
29970
29973
29974
29975
29976
29978
29980
29984
29985
29987
29988
29989
29990
29991
29992
29993
29997
30002
30003
30005
30008
30009
30010
30012
30014
30015
30016
30017
30019
30023
30025
30026
30027
30028
30029
30030
30031
30032
30033
30034
30035
30036
30041
30042
30043
30045
30046
30047
30049
30050
30051
30052
30055
30058
30059
30061
30062
30063
30064
30065
30069
30070
30071
30075
30079
30080
30081
30082
30090
30094
30095
30097
30100
30104
30106
30107
30108
30109
30111
30112
30113
30114
30120
30121
30125
30127
30128
30129
30131
30132
30133
30136
30139
30140
30141
30143
30145
30146
30147
30148
30153
30154
30155
30156
30160
30164
30165
30168
30170
30171
30173
30174
30177
30179
30181
30185
30187
30188
30191
30192
30196
30198
30200
30202
30204
30205
30206
30208
30209
30211
30212
30213
30216
30218
30220
30221
30223
30226
30228
30231
30232
30233
30240
30241
30246
30247
30251
30255
30257
30259
30260
30262
30264
30265
30266
30268
30272
30273
30274
30275
30276
30278
30283
30285
30287
30288
30289
30291
30292
30293
30294
30295
30297
30299
30300
30301
30302
30309
30313
30314
30315
30316
30318
30320
30321
30322
30325
30326
30328
30329
30330
30332
30338
30339
30341
30342
30344
30345
30346
30348
30349
30351
30352
30354
30357
30358
30362
30367
30368
30369
30370
30372
30373
30375
30376
30379
30380
30381
30382
30383
30384
30393
30398
30399
30401
30407
30409
30411
30415
30416
30422
30423
30428
30429
30430
30433
30434
30440
30442
30443
30448
30451
30453
30457
30461
30463
30465
30466
30467
30468
30469
30470
30471
30472
30474
30477
30481
30484
30486
30487
30488
30502
30505
30506
30512
30514
30516
30519
30520
30521
30522
30525
30527
30531
30532
30533
30535
30539
30541
30543
30544
30545
30548
30549
30550
30554
30556
30557
30560
30568
30570
30571
30574
30576
30578
30580
30582
30586
30587
30588
30594
30595
30596
30597
30600
30602
30604
30605
30606
30612
30614
30619
30620
30622
30623
30627
30628
30630
30631
30636
30637
30638
30641
30642
30647
30649
30653
30658
30659
30662
30663
30664
30665
30667
30668
30672
30675
30676
30678
30681
30687
30689
30691
30693
30694
30696
30700
30702
30703
30704
30705
30709
30712
30713
30714
30715
30720
30726
30727
30729
30734
30736
30737
30738
30739
30741
30744
30747
30748
30750
30754
30755
30757
30758
30761
30764
30770
30771
30773
30778
30779
30780
30782
30783
30784
30785
30788
30789
30793
30796
30797
30799
30805
30807
30811
30812
30814
30816
30817
30821
30823
30827
30829
30830
30832
30836
30839
30842
30844
30845
30848
30849
30850
30855
30856
30858
30859
30860
30862
30863
30864
30868
30871
30874
30879
30880
30882
30883
30884
30885
30893
30895
30897
30898
30899
30900
30904
30908
30910
30911
30912
30913
30914
30915
30917
30919
30920
30921
30922
30923
30924
30927
30929
30930
30931
30932
30933
30934
30937
30938
30941
30943
30944
30945
30946
30949
30950
30952
30953
30955
30962
30965
30966
30968
30969
30971
30980
30982
30985
30986
30987
30988
30989
30992
30996
30997
30999
31001
31004
31006
31007
31008
31010
31011
31012
31013
31014
31015
31016
31021
31027
31030
31034
31035
31036
31037
31038
31042
31045
31046
31047
31049
31054
31058
31060
31061
31062
31063
31068
31069
31071
31072
31074
31078
31080
31082
31084
31087
31088
31090
31093
31095
31096
31100
31103
31104
31107
31108
31109
31117
31119
31120
31121
31127
31130
31131
31132
31136
31139
31146
31148
31149
31151
31152
31154
31155
31161
31163
31164
31166
31167
31168
31171
31172
31173
31177
31180
31185
31186
31187
31192
31194
31195
31197
31198
31200
31202
31203
31205
31206
31207
31208
31213
31214
31215
31220
31225
31226
31228
31229
31231
31232
31238
31240
31245
31246
31248
31249
31252
31256
31257
31260
31265
31266
31267
31269
31270
31274
31276
31281
31284
31286
31289
31291
31292
31293
31294
31295
31297
31298
31299
31300
31301
31302
31305
31309
31310
31312
31313
31314
31317
31318
31320
31324
31328
31330
31334
31335
31339
31340
31341
31343
31344
31345
31346
31349
31351
31352
31353
31354
31355
31357
31359
31362
31364
31365
31368
31373
31375
31377
31380
31381
31382
31383
31384
31389
31390
31392
31394
31396
31402
31408
31409
31410
31411
31414
31416
31417
31420
31421
31423
31425
31428
31429
31432
31435
31436
31437
31439
31440
31443
31445
31446
31447
31449
31451
31457
31458
31459
31460
31470
31471
31477
31478
31480
31481
31484
31492
31493
31495
31496
31499
31500
31502
31503
31504
31505
31506
31507
31508
31510
31511
31517
31518
31519
31520
31521
31522
31526
31528
31532
31533
31536
31538
31542
31543
31544
31545
31546
31547
31548
31549
31554
31556
31560
31561
31564
31566
31568
31570
31572
31574
31575
31577
31579
31583
31584
31585
31586
31587
31589
31591
31592
31594
31596
31598
31601
31603
31608
31610
31614
31615
31616
31620
31621
31622
31623
31626
31627
31633
31639
31641
31642
31643
31647
31652
31655
31656
31657
31659
31660
31661
31662
31663
31665
31668
31674
31678
31680
31681
31682
31683
31686
31688
31689
31691
31694
31699
31702
31705
31706
31708
31712
31716
31717
31718
31719
31720
31722
31724
31725
31728
31732
31733
31734
31737
31738
31739
31740
31743
31744
31745
31746
31747
31748
31750
31751
31753
31754
31757
31759
31762
31764
31765
31767
31769
31771
31773
31774
31776
31777
31778
31779
31780
31782
31783
31786
31787
31790
31793
31794
31795
31796
31798
31799
31802
31805
31808
31810
31811
31813
31815
31816
31819
31820
31821
31824
31825
31826
31829
31830
31834
31835
31837
31838
31839
31840
31841
31842
31843
31848
31849
31850
31853
31854
31859
31861
31863
31865
31866
31868
31869
31870
31871
31872
31873
31882
31884
31885
31886
31889
31890
31892
31893
31895
31896
31899
31900
31901
31902
31906
31907
31911
31913
31914
31916
31917
31919
31920
31921
31927
31929
31932
31934
31938
31939
31940
31941
31942
31946
31949
31952
31953
31954
31957
31959
31961
31964
31965
31967
31968
31969
31970
31971
31974
31976
31977
31978
31979
31980
31981
31982
31983
31984
31985
31988
31989
31990
31991
31994
31996
31997
31999
32000
32001
32002
32003
32005
32006
32008
32009
32010
32011
32012
32015
32023
32025
32027
32028
32029
32030
32031
32036
32037
32038
32039
32041
32047
32048
32049
32055
32056
32058
32059
32060
32061
32062
32063
32066
32067
32068
32069
32072
32075
32077
32079
32081
32089
32090
32092
32094
32095
32098
32099
32103
32106
32109
32110
32111
32114
32117
32118
32119
32121
32124
32125
32127
32128
32129
32132
32133
32134
32136
32142
32144
32148
32149
32150
32152
32154
32156
32158
32163
32166
32169
32170
32172
32175
32178
32182
32184
32185
32194
32195
32197
32198
32204
32206
32209
32210
32213
32216
32217
32219
32220
32223
32225
32227
32231
32232
32233
32235
32237
32241
32246
32249
32250
32251
32252
32261
32263
32264
32267
32268
32269
32271
32272
32273
32275
32278
32281
32284
32285
32286
32288
32292
32293
32295
32299
32300
32301
32304
32305
32307
32309
32310
32312
32313
32316
32318
32320
32321
32324
32326
32330
32331
32332
32333
32334
32335
32337
32339
32340
32343
32347
32353
32358
32359
32360
32363
32365
32368
32369
32370
32371
32372
32374
32378
32382
32383
32384
32385
32387
32388
32389
32390
32391
32397
32398
32399
32400
32401
32402
32403
32404
32405
32406
32408
32413
32414
32419
32421
32422
32423
32430
32431
32434
32437
32438
32440
32448
32449
32450
32451
32456
32457
32459
32462
32464
32465
32466
32469
32470
32471
32475
32479
32480
32482
32483
32486
32487
32488
32489
32490
32492
32493
32495
32496
32497
32500
32501
32504
32507
32509
32510
32513
32514
32515
32516
32527
32528
32529
32531
32532
32538
32539
32543
32545
32548
32550
32554
32562
32566
32568
32569
32570
32576
32577
32578
32579
32581
32588
32589
32592
32593
32594
32597
32598
32604
32606
32607
32608
32611
32613
32614
32618
32620
32622
32625
32626
32631
32633
32637
32640
32642
32643
32644
32645
32647
32650
32651
32658
32659
32660
32661
32664
32666
32668
32670
32672
32673
32675
32676
32686
32692
32695
32696
32699
32705
32706
32707
32708
32711
32713
32719
32720
32721
32726
32727
32731
32732
32733
32741
32742
32743
32745
32749
32750
32753
32754
32755
32756
32757
32758
32759
32760
32761
32766
32767
32768
32771
32772
32773
32775
32776
32777
32779
32780
32781
32783
32785
32786
32789
32790
32792
32793
32794
32795
32797
32799
32800
32803
32805
32807
32808
32810
32811
32812
32814
32815
32816
32818
32820
32824
32825
32829
32839
32841
32842
32844
32846
32849
32850
32851
32853
32857
32858
32860
32863
32864
32866
32870
32871
32872
32873
32875
32876
32878
32882
32883
32884
32885
32888
32890
32892
32893
32895
32896
32897
32898
32900
32905
32906
32908
32910
32913
32915
32918
32921
32922
32924
32925
32926
32927
32928
32929
32930
32931
32934
32936
32941
32943
32944
32945
32947
32948
32950
32951
32952
32954
32956
32957
32958
32963
32964
32965
32966
32967
32969
32970
32971
32972
32977
32984
32985
32992
32994
32995
32999
33000
33002
33004
33006
33007
33008
33011
33012
33014
33015
33016
33019
33020
33021
33022
33023
33024
33025
33026
33028
33030
33031
33032
33033
33037
33038
33039
33041
33042
33043
33045
33046
33048
33049
33054
33058
33061
33066
33069
33076
33078
33079
33080
33086
33089
33091
33096
33099
33100
33101
33102
33104
33105
33106
33107
33112
33114
33115
33120
33125
33126
33130
33133
33134
33135
33137
33139
33142
33143
33145
33146
33152
33154
33156
33157
33158
33162
33163
33164
33165
33168
33169
33172
33181
33182
33184
33185
33186
33188
33191
33193
33194
33197
33199
33202
33203
33204
33205
33208
33210
33212
33213
33214
33216
33220
33222
33225
33226
33227
33231
33232
33234
33235
33237
33238
33239
33240
33242
33245
33246
33252
33253
33254
33256
33257
33260
33263
33264
33265
33271
33272
33273
33275
33276
33277
33278
33282
33286
33287
33288
33289
33290
33292
33294
33300
33304
33307
33308
33309
33311
33313
33314
33316
33318
33319
33323
33325
33327
33328
33329
33331
33332
33333
33336
33339
33340
33341
33342
33344
33345
33346
33347
33357
33360
33362
33365
33367
33368
33369
33370
33372
33374
33378
33379
33383
33392
33394
33396
33399
33403
33404
33405
33408
33409
33410
33412
33413
33416
33417
33419
33421
33422
33424
33426
33427
33433
33436
33437
33438
33439
33441
33442
33445
33446
33447
33448
33451
33453
33454
33455
33456
33458
33459
33460
33463
33465
33466
33468
33469
33472
33474
33475
33481
33483
33485
33486
33487
33488
33489
33492
33494
33495
33499
33500
33503
33504
33505
33506
33507
33508
33518
33520
33521
33522
33523
33525
33526
33527
33530
33531
33533
33536
33537
33539
33540
33541
33542
33546
33547
33548
33549
33550
33554
33559
33560
33562
33565
33567
33569
33572
33573
33578
33579
33580
33581
33583
33586
33590
33592
33594
33595
33596
33598
33599
33600
33603
33607
33608
33609
33612
33614
33618
33620
33622
33623
33624
33625
33626
33628
33629
33633
33635
33636
33638
33639
33640
33641
33642
33643
33646
33647
33648
33652
33657
33660
33661
33662
33663
33665
33667
33668
33669
33673
33676
33677
33680
33689
33691
33695
33696
33699
33702
33703
33704
33706
33707
33709
33712
33715
33716
33717
33720
33721
33723
33724
33725
33726
33731
33732
33733
33736
33738
33739
33743
33748
33749
33751
33753
33754
33755
33756
33757
33758
33760
33763
33764
33765
33766
33768
33771
33774
33775
33776
33777
33780
33781
33782
33786
33787
33789
33799
33803
33804
33805
33806
33807
33808
33809
33811
33812
33813
33814
33815
33817
33818
33819
33821
33823
33824
33827
33829
33831
33832
33833
33834
33835
33836
33839
33842
33846
33848
33849
33850
33851
33854
33855
33862
33864
33865
33866
33869
33873
33875
33876
33877
33882
33886
33887
33888
33890
33894
33896
33897
33900
33901
33906
33907
33909
33910
33911
33912
33914
33915
33917
33919
33921
33923
33927
33928
33931
33932
33935
33936
33937
33938
33941
33943
33944
33946
33951
33952
33954
33956
33958
33961
33962
33963
33968
33970
33971
33972
33974
33976
33978
33980
33983
33984
33986
33990
33992
33996
33997
33998
34000
34002
34003
34004
34005
34012
34013
34016
34017
34019
34021
34022
34024
34025
34027
34029
34032
34034
34035
34038
34039
34042
34044
34045
34047
34048
34049
34050
34051
34053
34054
34056
34057
34062
34063
34065
34070
34072
34074
34075
34078
34079
34080
34081
34082
34085
34086
34090
34093
34096
34100
34102
34103
34105
34106
34109
34111
34112
34116
34118
34120
34122
34125
34126
34127
34128
34129
34130
34133
34134
34138
34140
34142
34143
34149
34150
34151
34152
34153
34156
34159
34160
34164
34165
34166
34167
34169
34170
34172
34173
34177
34178
34179
34182
34184
34186
34187
34189
34190
34193
34194
34196
34209
34213
34215
34217
34219
34220
34224
34225
34226
34231
34233
34234
34235
34238
34242
34244
34248
34249
34250
34253
34255
34258
34259
34261
34263
34265
34266
34268
34269
34271
34280
34281
34282
34289
34292
34295
34296
34297
34300
34301
34302
34305
34314
34315
34318
34321
34322
34323
34324
34325
34328
34329
34330
34332
34336
34337
34338
34339
34340
34341
34343
34344
34345
34348
34349
34350
34353
34355
34362
34365
34366
34370
34372
34373
34376
34377
34381
34382
34387
34388
34389
34393
34394
34396
34401
34404
34407
34410
34411
34415
34416
34417
34423
34424
34426
34435
34436
34439
34440
34442
34443
34444
34446
34447
34448
34449
34450
34451
34453
34455
34456
34461
34465
34471
34472
34476
34479
34481
34485
34486
34487
34493
34495
34496
34501
34503
34504
34505
34507
34508
34512
34513
34519
34520
34521
34523
34524
34527
34529
34530
34531
34538
34541
34542
34548
34550
34551
34553
34554
34555
34556
34557
34560
34561
34562
34565
34566
34568
34570
34573
34574
34576
34577
34580
34583
34586
34588
34591
34594
34595
34597
34598
34601
34602
34604
34610
34613
34615
34616
34620
34621
34626
34627
34629
34630
34632
34633
34634
34636
34638
34639
34641
34642
34644
34645
34648
34650
34652
34653
34656
34659
34660
34661
34663
34664
34666
34667
34668
34669
34674
34677
34679
34680
34682
34683
34687
34690
34691
34693
34695
34697
34700
34704
34707
34708
34711
34713
34714
34717
34719
34721
34723
34724
34725
34726
34727
34728
34730
34731
34733
34736
34737
34738
34739
34740
34741
34742
34744
34751
34753
34754
34761
34762
34769
34771
34774
34777
34779
34780
34784
34785
34787
34789
34790
34791
34792
34794
34795
34798
34800
34805
34806
34813
34815
34816
34817
34821
34823
34824
34825
34829
34830
34831
34837
34841
34842
34843
34853
34854
34855
34857
34858
34859
34860
34862
34864
34868
34869
34873
34877
34878
34880
34881
34882
34885
34888
34889
34890
34893
34894
34898
34902
34903
34905
34906
34907
34908
34909
34910
34916
34917
34918
34922
34924
34925
34930
34935
34936
34940
34944
34946
34950
34954
34956
34957
34958
34959
34963
34964
34965
34967
34970
34971
34972
34973
34974
34976
34977
34981
34985
34989
34991
34993
34994
34995
34998
35002
35004
35007
35009
35016
35018
35025
35027
35028
35029
35030
35031
35033
35036
35039
35042
35043
35048
35049
35050
35051
35052
35056
35060
35061
35062
35063
35064
35068
35069
35070
35073
35074
35076
35077
35079
35081
35084
35085
35086
35090
35091
35092
35094
35096
35097
35099
35102
35107
35108
35110
35116
35119
35120
35121
35122
35124
35125
35128
35129
35130
35131
35132
35133
35134
35136
35137
35139
35142
35145
35147
35148
35149
35152
35154
35157
35158
35160
35161
35162
35166
35168
35171
35173
35174
35175
35176
35177
35179
35181
35182
35186
35188
35190
35191
35192
35194
35198
35203
35204
35205
35206
35208
35211
35212
35213
35215
35216
35217
35220
35221
35222
35225
35226
35235
35236
35237
35238
35240
35243
35244
35245
35246
35247
35255
35260
35262
35264
35265
35267
35268
35269
35270
35273
35274
35275
35276
35277
35278
35279
35280
35283
35286
35287
35292
35293
35301
35302
35304
35314
35315
35317
35319
35322
35323
35324
35325
35329
35334
35335
35336
35338
35340
35342
35350
35353
35356
35358
35359
35363
35365
35366
35367
35369
35370
35372
35373
35374
35376
35382
35384
35385
35387
35388
35390
35395
35396
35399
35400
35402
35405
35407
35408
35410
35412
35413
35415
35417
35418
35419
35423
35426
35428
35429
35431
35432
35433
35434
35435
35437
35441
35443
35444
35446
35447
35448
35449
35450
35454
35457
35460
35462
35464
35465
35466
35468
35473
35476
35478
35482
35483
35485
35488
35490
35491
35493
35497
35500
35501
35502
35505
35510
35511
35512
35513
35515
35519
35520
35521
35525
35527
35528
35530
35532
35536
35537
35541
35542
35544
35547
35550
35554
35555
35556
35557
35558
35566
35567
35568
35571
35572
35574
35575
35576
35577
35580
35582
35583
35586
35588
35590
35593
35594
35597
35598
35600
35601
35603
35604
35606
35607
35608
35609
35610
35611
35612
35615
35616
35619
35620
35622
35623
35626
35630
35635
35639
35641
35645
35646
35647
35648
35650
35654
35657
35658
35659
35660
35662
35663
35664
35668
35673
35675
35676
35680
35684
35685
35693
35695
35697
35699
35701
35702
35703
35704
35705
35707
35709
35713
35714
35715
35716
35718
35720
35721
35723
35724
35732
35736
35737
35738
35742
35743
35746
35752
35753
35755
35756
35757
35759
35761
35765
35766
35767
35770
35771
35773
35774
35785
35786
35788
35789
35791
35793
35794
35797
35799
35803
35805
35807
35809
35811
35813
35814
35817
35819
35820
35824
35825
35827
35830
35831
35833
35836
35837
35839
35840
35841
35842
35844
35847
35848
35852
35853
35854
35856
35857
35858
35860
35863
35871
35874
35877
35878
35879
35880
35884
35885
35887
35889
35891
35892
35893
35895
35896
35899
35900
35902
35903
35906
35908
35910
35911
35914
35916
35917
35918
35924
35928
35933
35934
35935
35937
35939
35940
35943
35945
35946
35950
35951
35953
35958
35961
35962
35965
35966
35967
35972
35973
35974
35975
35980
35981
35982
35984
35985
35988
35989
35990
35991
35992
35993
35994
35995
36002
36005
36006
36008
36014
36015
36017
36020
36022
36023
36026
36027
36032
36035
36036
36037
36038
36039
36040
36042
36043
36050
36053
36054
36055
36057
36058
36059
36062
36066
36067
36068
36070
36071
36073
36074
36076
36077
36078
36079
36085
36089
36090
36092
36093
36094
36096
36098
36099
36100
36102
36106
36113
36114
36115
36118
36119
36122
36123
36125
36130
36132
36133
36136
36138
36139
36141
36143
36145
36147
36149
36151
36152
36153
36154
36157
36163
36164
36165
36167
36171
36174
36176
36178
36179
36183
36186
36187
36188
36189
36190
36191
36195
36196
36197
36199
36201
36202
36204
36205
36207
36208
36209
36211
36215
36216
36218
36220
36229
36232
36234
36235
36236
36240
36242
36246
36247
36249
36252
36254
36256
36259
36260
36263
36264
36266
36267
36269
36270
36271
36276
36277
36279
36280
36281
36282
36284
36288
36291
36294
36297
36298
36301
36302
36303
36304
36305
36308
36309
36310
36314
36315
36316
36317
36318
36324
36325
36330
36332
36334
36341
36344
36345
36346
36349
36353
36354
36356
36357
36358
36360
36368
36369
36375
36376
36378
36380
36381
36384
36385
36387
36388
36391
36392
36395
36399
36400
36402
36407
36410
36411
36413
36414
36415
36420
36422
36424
36427
36428
36430
36431
36434
36435
36438
36440
36441
36442
36446
36450
36452
36456
36457
36458
36459
36462
36463
36473
36474
36475
36476
36477
36486
36487
36488
36490
36494
36499
36504
36510
36511
36512
36513
36521
36522
36523
36526
36528
36529
36532
36537
36539
36540
36541
36542
36543
36545
36550
36553
36554
36555
36557
36563
36567
36568
36571
36573
36574
36581
36584
36585
36587
36589
36591
36594
36601
36602
36604
36605
36609
36612
36613
36614
36616
36617
36618
36620
36622
36626
36628
36630
36631
36636
36638
36639
36640
36641
36643
36644
36645
36646
36648
36650
36655
36658
36659
36660
36662
36664
36666
36667
36668
36669
36670
36673
36674
36675
36681
36684
36686
36687
36689
36694
36696
36703
36707
36709
36715
36716
36717
36719
36720
36722
36723
36724
36725
36727
36729
36730
36732
36733
36734
36735
36737
36740
36743
36744
36746
36749
36750
36752
36755
36757
36758
36759
36760
36761
36765
36768
36769
36773
36776
36777
36778
36780
36781
36783
36785
36788
36789
36792
36794
36800
36803
36804
36806
36807
36808
36809
36811
36812
36817
36819
36822
36826
36827
36829
36833
36834
36835
36837
36838
36842
36844
36847
36851
36852
36853
36854
36855
36856
36857
36858
36859
36860
36863
36866
36869
36870
36872
36873
36875
36877
36878
36880
36882
36885
36887
36889
36890
36892
36893
36895
36896
36898
36899
36906
36907
36908
36914
36916
36918
36920
36921
36927
36931
36932
36933
36936
36937
36939
36941
36943
36946
36948
36949
36952
36953
36954
36957
36958
36962
36965
36967
36968
36970
36971
36973
36974
36977
36979
36980
36981
36984
36986
36991
36992
36996
36998
37001
37002
37006
37010
37013
37015
37017
37019
37020
37023
37024
37025
37026
37028
37030
37031
37036
37037
37040
37042
37043
37055
37056
37059
37063
37065
37066
37070
37073
37076
37080
37082
37085
37089
37090
37091
37092
37093
37094
37096
37098
37102
37103
37105
37107
37108
37113
37114
37115
37117
37118
37121
37124
37125
37131
37132
37135
37140
37145
37146
37147
37148
37152
37153
37156
37159
37160
37161
37166
37171
37174
37175
37181
37184
37187
37193
37196
37198
37199
37205
37209
37214
37215
37216
37218
37219
37220
37222
37225
37227
37235
37237
37238
37241
37242
37243
37244
37245
37250
37252
37255
37258
37259
37261
37266
37268
37271
37275
37278
37279
37281
37289
37294
37295
37296
37297
37298
37300
37302
37303
37305
37307
37309
37310
37313
37314
37316
37318
37324
37326
37327
37331
37332
37334
37335
37336
37341
37344
37347
37348
37352
37353
37354
37355
37356
37360
37361
37362
37363
37364
37365
37366
37368
37369
37370
37372
37375
37379
37380
37381
37384
37387
37388
37390
37392
37396
37401
37403
37404
37406
37412
37413
37415
37416
37418
37419
37420
37422
37423
37425
37426
37427
37431
37433
37434
37437
37439
37442
37443
37444
37445
37447
37448
37449
37452
37454
37455
37456
37457
37458
37459
37463
37464
37465
37467
37468
37470
37472
37473
37476
37479
37481
37482
37484
37485
37486
37490
37491
37497
37498
37499
37500
37501
37502
37507
37508
37512
37516
37517
37521
37525
37527
37532
37533
37540
37543
37544
37547
37549
37550
37553
37556
37557
37558
37560
37561
37565
37568
37571
37572
37573
37576
37578
37579
37580
37581
37583
37585
37587
37588
37593
37594
37596
37600
37601
37602
37606
37608
37609
37611
37614
37617
37620
37621
37624
37625
37628
37637
37639
37640
37641
37642
37643
37645
37646
37647
37648
37650
37653
37655
37658
37659
37660
37662
37663
37665
37670
37672
37673
37679
37682
37683
37684
37687
37688
37689
37690
37692
37694
37698
37704
37705
37709
37716
37722
37723
37729
37730
37734
37737
37738
37739
37740
37741
37744
37746
37750
37752
37754
37755
37757
37759
37763
37765
37767
37768
37769
37770
37772
37773
37777
37780
37783
37791
37795
37796
37797
37800
37801
37804
37808
37810
37813
37814
37816
37818
37821
37822
37823
37825
37828
37829
37830
37834
37835
37845
37847
37853
37854
37860
37863
37865
37867
37870
37873
37874
37875
37876
37879
37880
37882
37886
37888
37890
37892
37894
37897
37898
37900
37905
37908
37910
37912
37915
37916
37917
37918
37921
37922
37924
37929
37932
37935
37937
37938
37942
37944
37946
37947
37948
37950
37955
37963
