14204	33219
14205	33220
14206	33221
14207	33222
4643	23672
14211	33226
14213	33231
14214	33232
9470	28494
14215	33234
14216	33235
4649	23674
4650	23673
4655	23675
14	18874
16	18873
4658	23678
4665	23681
4660	23680
14222	33238
4663	23683
14224	33240
25	18882
4666	23685
27	18883
4672	23691
9488	28512
9494	28519
14231	33253
39	18899
38	18896
14232	33256
4684	23706
14234	33259
9503	28525
4688	23711
4691	23714
14246	33268
9508	28536
51	18910
4699	23721
57	18914
9516	28540
14250	33271
4702	23729
4704	35439
9520	28541
4707	23735
4708	23736
14258	33280
68	18923
69	18925
9524	28544
72	18929
9527	28547
14266	33286
14267	33287
77	18933
14271	33289
9531	28554
81	18935
4720	23749
82	18937
4722	23752
9537	28557
14282	33299
14283	33300
9541	28560
87	18941
4731	23758
4732	23757
4733	23759
9544	28561
14287	33304
14291	33308
14293	33309
14294	33310
4744	23764
9553	28577
98	18953
4749	23767
9559	28578
14300	33316
4753	23769
103	18958
9561	28582
9562	28581
14302	33318
4760	23773
14306	33319
4766	23775
4765	23776
16107	35181
14308	33323
4767	23779
4773	23784
4772	23780
4776	23781
14311	33325
9570	28589
14317	33331
4779	23788
14318	33332
116	18971
117	18972
9576	28595
9577	28601
14326	33341
14327	33342
119	18977
4786	23795
120	18978
123	18981
4791	23799
14332	33347
9585	28606
4794	23804
125	18987
4799	23805
9595	28618
14340	33357
9596	28623
9597	28619
4804	23806
127	18989
4802	23807
9598	28621
14344	33360
135	18995
9608	28630
9609	28631
14349	33367
4808	23814
138	18997
9612	28633
9614	28634
14351	33368
14354	33372
143	19003
4813	23820
147	19005
4815	23824
4819	23828
4821	23832
14362	33382
4822	23831
14365	33383
9623	28643
14366	33392
155	19015
9626	28645
4827	23835
14374	33395
162	19019
9631	28650
14376	33394
4833	23837
14379	33399
14384	33405
171	19032
14387	33410
9643	28658
14390	33413
176	19039
4838	23842
4842	23846
9649	28663
14399	33425
9652	28665
4845	23849
4846	23856
4848	23851
183	19048
185	19046
4849	28988
14403	33427
4853	23860
14412	33433
14413	33437
14416	33439
4857	23864
192	19057
9659	28676
9660	28678
14415	33436
14417	33438
9661	28679
194	19063
14420	33444
196	19064
9663	28685
14425	33448
14427	33451
14429	33453
4868	23880
4869	23882
4873	23887
4875	23888
4877	23890
9681	28694
215	19075
4881	23895
14436	33463
4885	23897
4886	23898
220	19078
221	19080
4889	23901
9693	28704
9695	28706
14443	33466
224	19084
4897	23905
14445	33469
9701	28711
4900	23907
9702	28713
9703	28714
4901	23911
14452	33474
14451	33475
14454	33476
9706	28720
4905	23918
4909	23923
241	19101
4910	23928
243	19102
9712	28725
4912	23933
4913	23929
9714	28727
9717	28730
14460	33483
14461	33484
4917	23934
14462	33486
14463	33487
14464	33489
14467	33488
248	19110
4920	23936
249	19111
4921	23937
4923	23935
9729	23938
4926	23941
9720	28733
4928	23943
253	19115
4929	23944
9721	28734
256	19116
9722	28738
9723	28740
14477	33497
14480	33504
14481	33505
9734	28749
263	19127
9736	28750
4941	23957
4945	23961
14488	33513
9739	28753
4947	23963
9741	28756
14492	33518
14494	33520
273	19142
4954	23966
4956	23967
14497	33523
4957	23969
14504	33526
14505	33527
4962	23972
9747	28760
9751	28762
4971	23977
4972	23978
291	19153
4975	23981
14514	33544
4978	23986
14515	33547
9765	28768
4983	23994
9768	28769
9771	28772
14528	33560
9776	28774
4987	24000
4990	24006
9788	28778
9785	28780
311	19177
312	19178
4993	24013
4995	24015
9792	28784
9793	28787
9794	28785
4999	24024
14536	33571
5001	24023
9800	28791
14541	33579
9802	28794
320	19186
5005	24027
9803	28796
14544	33581
5007	24031
324	19188
9805	28801
325	19189
14547	33585
5014	24034
328	19192
331	19199
14555	33592
334	19203
9814	28813
336	19205
337	19206
14562	33598
14563	33600
14565	33599
14568	33603
339	19210
14571	33606
14575	33608
344	19215
5036	24047
9827	28828
9828	28830
14578	33611
14582	33609
9830	28833
9837	28839
348	19222
349	19223
350	19224
9839	28841
352	19225
9843	28846
14590	33618
5047	24059
5048	24062
9852	28853
14596	33626
5059	24067
5060	24068
9859	28864
9860	28865
9861	28869
5066	24074
370	19242
373	19245
374	19246
14612	33640
375	19248
5072	24079
5073	24080
5075	24081
9870	28879
14615	33643
5078	24085
9874	28881
382	19258
9877	28883
14620	33652
5086	24090
5087	24093
9888	28890
9889	28891
14623	33658
393	19270
9896	28894
14627	33661
14629	33663
14632	33665
9900	28897
402	19276
9902	28899
9906	28900
5105	24109
5106	24111
5109	24114
9908	28906
14642	33673
9909	28907
411	19280
9910	28908
413	19281
9913	28911
9915	28912
9919	28917
14646	33679
418	19283
5116	24125
9924	28921
9925	28922
14650	33690
14651	33685
421	19285
14652	33686
9931	28925
5119	24131
5121	24132
5122	24135
422	19287
9933	28932
5124	24137
9936	28931
14657	33692
5136	24144
431	19296
5140	24149
5142	24150
434	19298
435	19299
9949	28941
14665	33701
14671	33707
5147	24159
9955	28943
446	19305
5149	24162
9959	28946
14676	33721
5155	24166
5156	24167
9964	28950
14683	33726
5163	24172
5164	24173
5165	24174
463	19319
464	19320
14686	33733
465	19322
5167	24178
5168	24180
468	19327
14690	33738
469	19329
9979	28963
14691	33739
472	19334
5173	24187
475	19336
5174	24188
9982	28966
9986	28969
14702	33753
480	19344
482	19352
9993	28974
483	19347
14704	33757
9998	28980
14706	33760
487	19354
488	19355
5184	24198
14708	33763
10005	28985
491	19358
14711	33765
5192	24201
10007	28989
14716	33771
494	19363
10010	28993
5199	24205
495	19366
503	19367
501	19368
10013	28998
10014	28999
5203	24209
10017	29001
14719	33777
507	19372
14722	33780
10023	29005
10028	29006
10025	29008
10026	29007
5213	24213
513	19380
5212	24215
514	19381
14730	33790
516	19384
10029	29023
10032	29014
10031	29016
10037	29019
520	19386
5220	24219
10039	29024
5225	24223
5226	24224
14742	33806
5229	24228
14743	33808
10046	29032
10047	29033
14746	33810
5232	24233
533	19399
5235	24235
5236	24236
537	19401
14748	33811
5241	24237
5243	24239
10055	29046
542	19407
14756	33821
14760	33824
548	19415
5250	24248
5252	24249
10066	29058
10068	29060
14762	33827
5253	24251
14766	33831
10070	29064
5255	24252
5256	24254
14765	33830
5257	24258
5258	24260
10078	29070
558	19424
5260	24263
10084	29074
562	19427
10087	29077
5266	24266
10092	29083
569	19431
10093	29086
574	19435
10096	29090
14786	33851
5273	24270
14789	33855
14793	33858
10101	29096
5282	24277
10103	29101
5288	24282
14799	33865
14800	33868
14801	33867
592	19449
10107	29107
10109	29112
593	19453
10110	29114
594	19455
5291	24288
10111	29113
14805	33869
5293	24290
14811	33873
14810	33876
14813	33877
600	19469
5296	24298
603	19471
5303	24307
10121	29123
608	19477
14824	33887
609	19482
615	19485
619	19489
621	19491
14833	33898
14834	33899
14836	33901
5311	24322
10135	29142
14842	33906
628	19506
10139	29144
5319	24329
635	19513
14849	33912
14851	33914
637	19518
10146	29151
14854	33917
5327	24335
14855	33919
645	19521
10157	29155
647	19525
10156	29156
5333	24341
10161	29160
649	19529
5337	24344
10163	29161
10164	29163
14863	33928
14865	33933
14867	33930
14868	33932
5342	24352
10171	29169
10175	29173
14874	33938
5349	24358
654	19540
10176	29174
656	19541
10179	29176
14878	33941
5355	24362
10182	29180
10183	29181
5360	24365
5363	24367
660	19547
10189	29189
5365	24371
14896	33952
14898	33953
10196	29200
10197	29199
14899	33954
5371	24375
14900	33957
14901	33958
5375	24376
675	19557
14904	33960
678	19558
10204	29207
680	19564
5379	24382
10205	29206
14908	33963
686	19571
14911	33970
10214	29216
10217	29218
14913	33972
14917	33978
696	19582
5395	24394
14919	33980
5397	24397
14921	33983
5401	24401
702	19586
14922	33984
10222	29223
10223	29224
708	19590
711	19592
5407	24406
10228	29232
5410	24409
5411	24408
5414	24410
14931	33990
10233	29237
5417	24414
5418	24412
10235	29243
719	19597
10242	29246
10239	29247
5427	30652
5428	24423
14941	33997
5430	24425
5438	24428
14944	33998
10251	29251
10254	29252
14948	34004
10258	29258
10259	29257
14949	34005
5442	24442
5444	24443
5446	24444
10262	29261
10263	29262
731	19610
10265	29265
5450	24445
735	19614
14956	34013
14958	34016
5464	24452
10271	29276
14964	34019
5466	24454
14968	34022
10275	29280
5470	24459
14970	34025
10278	29284
10279	29285
5474	24463
14971	34024
14972	34027
10283	29292
751	19632
14974	34029
5480	24467
14977	34032
5483	24468
10286	29293
10291	29297
5485	24471
10290	29298
760	19641
10295	29304
5497	24481
14986	34044
768	19649
5500	24484
10299	29307
14990	34048
14992	34049
5501	24488
10302	29309
5508	24492
5505	24493
775	19655
5507	24494
15003	34057
780	19656
5512	24498
10318	29321
10319	29322
15012	34062
5516	24499
15013	34063
785	19666
786	19665
15015	34064
5518	24502
5522	24503
5519	24506
5520	24505
5521	24507
15020	34068
5525	24509
10328	29336
5528	24513
10333	29343
15032	34073
15033	34074
5532	24515
15034	34078
799	19679
10345	29351
803	19685
805	19686
15041	34080
5540	24528
5542	24529
5543	24533
10354	29358
810	19687
812	19691
5545	24538
813	19692
814	19701
5548	24539
10359	29363
819	19698
820	19699
822	19700
826	19705
827	19707
10366	29368
15051	34093
5562	24550
5563	24551
10372	29376
10373	29375
10376	29377
15057	34100
15058	34101
15061	34105
836	19715
837	19716
5570	24558
15064	34107
5572	24560
15067	34111
10385	29384
10386	29385
5579	24562
15073	34116
10390	29392
5581	24564
10395	29393
5582	24566
15077	34120
15082	34122
858	19739
5585	24571
855	19733
854	19734
859	19735
10401	29398
10403	29399
10404	29401
15083	34123
5588	24577
10407	29403
15084	34126
15091	34129
15093	34133
864	19741
865	19742
871	19743
5590	24583
5592	24584
15097	34139
10410	29411
10414	29408
15099	34141
10415	29415
875	19751
10416	29413
876	19752
5603	24590
10417	29416
15106	34150
15107	34149
5604	24593
15110	34153
10419	29423
879	19756
10420	29425
15116	34159
881	19762
5609	24595
5610	24597
10421	29427
15118	34161
15119	34164
883	19768
15121	34165
884	19767
10425	29432
15122	34167
15126	34169
889	19773
15127	34170
10430	29435
15129	34172
15131	34173
892	19775
5619	24611
897	19778
5621	24613
10436	29443
5624	24617
900	19785
5632	24618
901	19786
5627	24621
5628	24620
5629	24622
5631	24619
15136	34178
903	19789
15142	34181
908	19793
10446	29456
15145	34184
5640	24631
10451	29459
5642	24633
15151	34189
10460	29471
5647	24642
10459	29470
15157	34194
918	19802
919	19803
5652	24645
5653	24646
10462	29472
10463	29474
10465	29476
10470	29479
5660	24653
5661	24657
927	19810
928	19811
10473	29481
5665	24660
10475	29484
5667	24662
15166	34209
5669	24663
933	19815
10479	29486
939	19818
941	19819
942	19822
943	19824
5674	24669
10483	29489
15174	34218
5677	24671
5678	24672
15175	34219
5684	24674
5682	24676
10493	29493
954	19832
15187	34225
10496	29495
10497	29496
15188	34228
15190	34229
15193	34231
5691	24685
10502	29501
10505	29503
15196	34233
10506	29506
15199	34234
5697	24688
962	19847
10511	29510
10514	29518
10516	29514
5707	24690
968	19850
970	19861
10519	29519
15210	34248
975	19863
5712	24698
15215	34251
5716	24704
10532	29528
5717	24705
10535	29530
15225	34258
15226	34259
15227	34263
15230	34262
10539	29534
982	19876
15232	34265
987	19878
10548	29538
15235	34268
15236	34269
991	19881
15238	34272
992	19883
993	19884
996	19887
5725	24722
999	19888
10556	29549
15245	34276
10560	29550
10561	29551
5733	24726
1003	19895
10563	29553
5735	24729
10567	29560
10569	29555
1006	19896
10570	29554
10568	29558
15248	34280
5743	24733
10578	29571
1020	19908
10581	29575
15270	34299
1023	19912
15272	34301
5748	24743
10584	29578
10585	29579
5758	24751
10591	29586
1033	19922
10593	29587
15281	34310
10594	29590
10595	29591
1037	19928
10596	29595
15286	34318
5767	24758
15291	34322
1043	19936
15293	34323
5770	24764
5773	24765
10604	29604
10605	29605
1049	19940
15292	34324
10607	29610
10608	29612
5776	24774
10609	29613
5778	24778
10612	29618
1054	19948
5781	24780
15301	34331
15302	34332
1056	19949
15304	34333
5784	24785
10617	29621
1059	19953
1060	19961
1069	19954
10620	29623
15315	34340
5790	24789
10625	29627
10629	29628
5794	24792
5798	24797
5797	24796
15328	34348
10633	29633
1083	19975
5802	24809
5803	24803
1085	19978
1086	19980
5807	24807
1096	19982
5811	24812
5812	24813
10637	29642
10638	29644
10641	29645
5820	24818
15343	34359
15345	34362
15346	34364
1101	19997
15350	34365
5827	24824
1105	20001
5829	24827
5832	24825
10653	29656
10654	29657
15352	34369
10659	29664
15358	34376
15360	34377
10665	29678
5845	24836
5846	24838
5848	24842
5849	24837
1124	20021
1130	20022
5854	24847
1127	20023
1129	20025
15368	34385
1131	20026
1132	20027
10678	29685
10677	29686
1136	20030
1138	20031
5860	24858
5862	24866
5865	24863
10679	29694
10682	29691
10683	29692
10687	29697
15372	34394
1145	20037
5870	24872
1149	20039
10692	29702
5877	24878
5879	24879
5883	24883
10700	29707
5895	24891
15389	34410
15390	34411
1159	20052
15394	34414
10711	29715
1171	20059
1172	20061
10714	29718
10715	29719
10719	29720
15404	34424
5913	24908
5915	24909
15405	34426
5916	24911
1179	20066
10724	29723
15407	34432
15409	34435
15410	34436
10728	29729
1183	20076
15414	34440
1185	20079
15420	34443
5924	24924
5925	24922
1189	20086
5926	24923
10737	29734
15423	34446
15427	34450
5932	24927
15429	34455
10740	29740
1193	20091
5936	24930
1194	20092
10742	29742
1195	20093
5938	24933
15433	34462
5941	24934
1197	20095
10745	29744
1199	20098
5943	24935
5944	24937
1201	20100
1208	20105
5952	24940
5953	24941
10759	29753
5956	26668
5960	24947
1213	20110
15454	34477
15455	34478
10768	29759
15458	34485
5966	24957
10775	29767
10778	29770
1224	20120
10781	29771
1225	20122
1227	20123
5976	24963
1228	20125
5977	24965
5978	24968
5979	24967
5980	24966
10785	29777
1233	20129
10786	29778
10787	29779
15468	34497
1234	20130
10791	29782
10794	29784
5985	24976
10796	29789
15477	34509
5988	24980
5989	24981
1238	20137
1239	20138
1240	20139
5991	24982
10803	29796
10804	29795
15483	34519
5996	24993
10807	29799
10810	29800
10809	29801
15491	34524
1254	20147
10812	29805
6001	24999
6002	25002
6004	25003
15497	34530
6006	25007
6008	25006
1260	20155
15501	34532
1262	20159
1263	20158
6012	25010
1265	20160
10824	29816
15517	34538
15516	34539
15519	34542
10831	29821
15521	34545
1268	20165
6022	25025
10833	29822
1270	20167
6024	25029
6025	25027
10836	29824
1275	20173
1276	20174
1277	20177
1278	20179
6030	25033
6029	25034
15529	34550
15534	34553
15535	34554
6035	25039
15536	34557
15538	34561
15539	34560
15540	34559
10847	29832
10849	29834
6040	25042
15541	34562
1283	20189
6042	25044
10851	29835
6045	25046
15542	34564
15545	34566
1287	20194
1289	20197
6054	25051
15547	34571
6051	25052
1290	20198
6056	25054
10856	29845
6060	25056
6059	25060
6062	25067
6063	25064
6064	25066
15558	34576
15559	34577
6067	25070
10865	29858
10868	29860
1302	20218
15567	34586
6072	25077
10871	29865
10873	28553
6077	25079
1305	20220
10878	29872
15574	34591
6079	25084
10882	29875
15576	34594
15578	34595
6082	25086
6083	25088
6084	25087
15580	34598
6088	25092
6090	25093
10888	29881
1311	20226
15589	34609
1317	20230
15590	34610
10897	29886
6098	25100
1321	20233
15593	34613
10902	29887
15594	34615
15595	34616
6102	25106
10905	29892
15600	34621
1329	20245
10907	29900
15606	34629
15607	34630
1332	20247
1331	20248
6111	25121
15611	34632
6113	25123
10918	29908
10919	29909
1340	20258
15616	34636
15617	34637
15618	34640
15622	34644
6126	25137
1350	20269
1351	20267
1353	20275
1356	20268
1359	20266
6128	25140
6129	25141
6130	25143
15631	34652
15635	34656
10930	29917
1366	20278
1367	20281
10933	29919
6139	25150
15640	34661
10934	29923
1372	20282
10935	29922
10936	29924
15641	34662
6145	25154
15644	34666
15648	34667
10940	29927
15649	34668
10943	29928
6147	25157
1380	20290
10948	29930
10950	29932
15654	34677
10953	29934
6157	25166
10955	29936
10956	29937
6162	25169
15659	34682
1389	20300
1390	20303
6167	25170
6163	25173
1391	20304
1392	20306
1396	20307
6166	25175
15664	34685
15669	34690
1398	20309
15672	34691
10965	29944
1403	20314
6174	25179
15676	34693
15679	34694
10967	29949
1405	20318
6177	25183
1410	20321
6180	25186
15686	34706
15687	34714
15689	34713
1416	20328
10982	29957
10983	29958
1417	20329
15697	34717
6197	25198
15698	34719
1421	20337
1422	20338
1423	20339
6200	25200
1425	20342
10990	29964
15705	34726
6205	25202
6208	25204
10995	29966
15707	34728
15708	34730
1430	20345
1431	20351
6210	25205
15709	34731
1435	20350
1437	20353
6214	25208
6218	25210
15717	34734
1444	20356
6220	25213
11003	29973
11005	29975
1447	20360
15722	34738
6225	25216
1450	20363
15724	34739
15727	34742
1453	20366
15728	34744
6228	25222
15729	34745
15730	34747
15733	34752
6240	25228
11014	29985
6239	25233
15735	34753
11017	29987
1461	20374
17071	20376
11020	29988
1471	20377
6244	25236
11022	29989
15740	34760
1469	20382
11026	29992
11027	29993
11028	29995
15743	34761
6253	25241
6254	25242
15752	34766
6263	25246
6264	25247
11036	30002
11037	30008
11038	30005
15757	34771
1479	20400
1480	20401
15763	34780
11047	30015
1483	20406
1485	20409
6275	25257
6280	25259
11050	30023
11052	30022
6281	25269
6282	25261
11054	30025
6292	25267
6285	25264
15773	34792
1492	20416
15774	34793
15775	34794
6296	19180
15776	34795
1494	20421
6293	25272
11063	30028
1498	20424
6299	25283
11071	30033
6301	25285
11075	30035
11073	30036
15784	34805
1506	20432
11076	30040
1510	20434
11079	30042
11081	30043
6307	25291
15789	34815
1513	20436
11085	30046
6309	25294
6310	25296
1517	20438
15793	34817
11094	30050
15794	34823
1521	20449
1524	20446
6317	25301
6318	25302
15798	34829
6320	25304
6324	25303
6323	25309
15799	34830
6325	25308
1535	20455
6327	25312
1538	20461
6328	25313
11109	30062
1542	20462
1543	20463
6329	25318
1544	20464
6331	25319
15810	34839
15811	34841
1546	20465
6335	25320
6339	25322
6337	25323
11115	30070
11114	30069
15815	34843
1551	20471
11116	30071
1553	20473
15818	34847
6344	25328
1558	20477
1559	20478
1561	20480
6351	25338
11121	30078
15827	34858
1568	20487
15831	34860
11122	30081
11124	30082
6357	25348
6364	25354
6367	25355
11133	30090
11136	30091
1584	20498
15838	34864
11138	30094
1587	20500
1588	20499
15844	34870
11143	30095
15845	34871
1595	20506
6375	25363
11148	30100
6381	25366
15849	34882
11149	30101
1600	20510
6383	25367
11151	30104
15850	34885
6384	25370
6385	25374
15851	34880
15852	34881
15860	34888
1603	20519
1604	20515
15866	34895
1607	20520
6393	25378
1610	20525
6396	25381
1613	20526
15869	34902
15873	34905
15874	34907
1616	20531
15877	34910
1618	20534
6412	25393
6415	25392
6413	25395
11176	30117
6416	25398
1624	20542
6420	25405
6419	25401
11181	30120
15880	34917
15882	34922
6423	25406
15883	34924
15885	34930
11184	30128
11186	30131
15889	34936
15890	34935
11188	30135
6431	25417
1639	20558
1638	20557
11190	30137
11194	30138
15893	34939
6437	25419
11196	30140
1643	20567
11204	30145
15901	34950
1646	20569
6444	25425
1648	20571
11212	30153
6451	25427
11210	30154
1653	20576
6452	25431
6454	25434
6455	25441
15908	34954
15910	34959
6457	25437
1659	20586
6461	25444
1662	20587
6462	25445
11218	30167
6465	25447
15919	34963
15918	34965
1669	20591
6469	25449
15923	34968
11223	30174
15925	34971
15926	32905
15928	34974
15931	34977
6476	25455
15932	34980
11228	30177
11229	30179
11232	30183
6482	25464
11241	30188
1683	20605
11242	30191
1684	20614
1685	20611
11244	30192
1687	20610
1689	20612
15941	34991
15942	34994
15943	34993
11245	30196
6494	25471
1693	20616
15947	34998
1696	20620
11252	30203
11253	30205
6499	25478
11254	30206
11255	30207
11256	30208
11257	30214
11258	30209
1700	20622
11259	30212
15952	35007
11264	30216
1704	20626
1706	20627
6509	25483
6512	25484
6513	25485
11268	30220
11269	30221
1710	20633
6514	25487
11271	30223
15961	35016
1712	20637
6516	25489
11275	30226
6518	25491
11276	30228
1719	20642
1720	20641
15965	35026
6520	25492
11281	30234
1723	20646
15966	35028
15968	35029
15971	35033
1727	20655
6531	25502
15979	35036
15980	35037
6533	25504
6534	25506
6539	25510
15982	35042
1740	20664
1741	20665
6540	25512
11298	30248
15983	35044
1744	20669
1745	20670
1748	20672
11300	30251
1750	20674
15985	35046
6545	25519
15989	35052
6548	25521
11301	30255
6550	25522
15991	35048
6552	25524
6553	25525
1756	20685
6555	25526
15993	29780
11303	30257
15992	35051
11306	30259
15998	35060
6560	25533
6562	25536
11310	30265
11311	30266
16001	35068
11314	30268
1768	20697
11317	30272
6570	25544
11319	30277
1772	20703
16010	35075
16011	35077
1774	20708
6574	25550
1776	20712
16016	35084
16020	35096
6580	25559
1784	20719
6582	25563
1785	20726
11330	30291
11332	30293
16030	35109
6589	25571
11334	30297
11335	30298
1789	20734
6592	25575
11337	30299
11338	30301
11339	30302
1793	20738
1794	20740
16035	35110
16038	35114
1797	20744
16041	35119
11345	30309
16042	35121
16043	35124
16047	35120
16046	35125
11347	30318
11348	30317
11349	30316
11354	30319
11351	30320
1803	20755
6600	25589
11358	30322
11360	30324
11362	30330
11363	30326
16057	37816
16060	35133
16065	35137
16062	35138
6613	25602
16063	35139
1809	20762
1810	20763
11369	30335
11370	30336
1811	20766
1815	20770
16070	35147
11373	30341
16073	35148
16075	35149
6618	25611
16078	35154
1816	20772
6621	25612
6623	25615
11381	30348
6629	25617
6628	25619
16086	35163
1827	20785
1828	20786
16087	35167
16088	35165
6635	25627
6636	25628
6639	25632
1831	20794
1836	20799
1833	20797
6644	25637
6647	25641
16099	35175
6651	25645
6652	25646
1843	20807
1844	20809
6655	25652
1846	20812
1847	20811
16104	35178
1848	20813
6660	25655
1849	20816
11410	30375
11412	30377
16105	35179
1850	20819
1851	20818
1852	20817
6666	25660
11414	30379
1854	35286
6668	25662
6670	25663
16108	35182
1862	20829
1859	20828
11422	30385
11423	30386
16115	35186
1869	20835
1872	20839
1871	20837
6685	25671
1874	20841
16124	35192
16125	35193
11430	30397
6690	25676
16128	35196
1883	20849
1885	20850
11433	30400
6696	25681
1889	20852
16134	35206
16135	35203
16136	35205
6697	25684
16141	35204
11442	30404
1891	20858
16144	35211
6701	25688
16151	35212
6703	25690
16147	35213
6705	25692
1894	20866
6706	25695
11445	30410
6707	25697
11446	30407
6710	25699
11447	30409
16152	35216
16156	35219
6714	25703
16157	35220
1899	20872
11451	30419
1901	20874
6718	25708
11453	30422
16164	35226
11455	30423
1904	20879
11456	30428
6722	25715
11462	30431
11464	30433
6727	25717
1913	20889
1914	20892
16171	35235
11471	30442
11472	30444
16175	35236
1921	20893
6735	25728
16179	35238
1927	20898
6738	25731
11478	30451
11479	30453
11480	30458
6743	25734
6745	25738
11482	30460
16187	35245
6747	25740
1934	20907
11486	30463
11487	30465
16195	35254
1941	20914
6752	25745
11492	30470
11493	30471
16199	35260
11498	28290
11500	30481
11502	30477
6762	25753
16203	35263
1950	20926
11504	30486
1955	20928
1956	20929
16211	35271
16212	35269
16214	35273
16215	35274
6770	25764
16220	35275
1960	20933
16222	35278
6772	25771
16223	35279
6775	25774
11519	30501
1964	20937
11524	30503
11522	30504
16229	35280
16231	35281
6780	25780
16237	35282
11530	30510
16236	35284
11532	30512
6784	25785
11533	30513
11536	30514
16241	35291
11538	30516
16244	35292
16246	35293
6792	25790
16249	35298
1981	20957
11545	30522
11548	30527
11550	30531
6798	25798
16260	35307
6800	25799
1987	20965
11553	30535
6801	25804
16262	35312
1990	20972
1991	20971
16263	35313
11560	30541
16265	35319
1994	20977
1998	20976
11563	30544
6806	25810
11564	30545
16277	35324
11566	30548
6811	25819
2009	20987
2010	20989
16281	35328
2013	20992
6815	25824
16283	35329
11576	30556
6818	25826
2015	20995
6819	25828
11578	30560
2021	20997
11579	30562
16286	35336
16287	35337
11581	30564
6824	25836
16289	35340
11584	30568
16293	35341
16292	35342
11589	30571
2032	21008
6831	25846
11590	30573
11598	30577
2034	21009
6837	25855
16300	35353
2040	21017
2041	21018
2042	21019
2044	21021
16303	35359
6840	25864
16305	35361
2048	21025
6842	25866
11607	30587
11615	30591
2054	21029
16310	35366
6851	25876
11618	30597
2058	21038
6853	25877
16315	35369
6855	25878
6856	25879
16319	35372
16318	35373
11626	30607
11624	30603
6862	25885
6863	25886
11628	30605
2065	21050
2066	21051
2069	21055
11634	30613
16331	35384
2077	21059
6877	25902
16334	35385
6881	25905
2082	21064
2083	21065
16339	35390
2087	21067
11642	30620
11643	30622
11645	30619
16342	35395
6891	25910
11649	30627
16344	35398
16347	35399
11650	30630
6892	25912
11652	30632
2098	21072
11659	30636
6896	25916
11658	30638
6899	25917
6900	25918
2103	21079
11663	30641
2105	21081
6905	25923
11668	30647
2109	21088
11670	30649
6910	25930
2112	21089
2113	21091
2114	21092
6913	25934
16373	35410
16371	35412
2119	21095
6915	25940
11676	30659
11677	30660
16378	35418
16380	35419
11679	30663
2124	21104
2125	21105
6923	25948
11680	30667
2128	21108
6925	25951
11681	30665
11685	30668
11686	30669
16388	35423
16394	35430
2140	21117
2143	21118
6932	25958
16400	35432
16402	35435
16403	35437
2148	21121
16408	35441
6939	25963
6940	25964
2157	21125
6941	25966
6942	25965
11707	30683
16416	35453
6950	25978
11712	30685
6952	25981
6954	25980
16417	35454
2161	21131
6956	25983
2163	21133
6962	25984
16419	35458
11717	30689
6964	25985
6967	25988
16425	35465
2169	21136
11720	30693
11721	30694
11722	30696
6974	25991
2172	21143
6975	25994
11723	30695
16430	35470
16432	35473
11724	30702
6978	25996
11728	30706
6980	25998
6982	26000
2177	21151
16441	35488
2181	21154
2184	21156
11733	30712
2190	21157
2192	21158
11736	30714
16449	35493
2191	21161
2193	21162
2194	21163
6993	26008
16462	35501
6997	26014
16463	35502
7000	26017
16465	35505
7004	26019
2202	21176
7006	26020
11745	30731
11749	30732
16467	35510
16470	35511
2204	21180
16471	35512
11752	30737
7010	26022
11755	30738
16472	35514
16473	35513
16474	35516
2210	21189
7012	26026
7013	26025
2212	21192
11758	30744
16478	35523
7016	26037
7017	26030
16479	35521
7020	26034
16482	35525
16484	35527
2215	21201
16487	35530
11767	30754
11769	30756
16490	35534
11771	30758
16492	35536
2222	21208
2226	21209
2224	21210
7028	26043
7030	26046
11773	30760
7032	26049
16498	35542
7033	26059
16500	35544
7036	26054
11779	30770
11780	30771
16507	35550
2239	21220
7044	26064
16508	35557
7047	26065
11784	30772
2243	21222
11785	30774
16513	35555
16514	35559
11790	30780
2253	21232
16520	35567
16522	35568
7057	26076
2255	21236
7059	26079
7060	26080
7063	26082
7065	26086
16530	35574
11804	30795
11807	30800
11810	30798
7074	26091
2269	21245
2272	21250
2273	21249
2274	21251
7075	26094
16537	35586
16539	35588
16540	35591
16541	35592
2283	21260
7078	26099
11818	30812
11820	30814
11821	30817
2285	21266
16548	35601
7084	26110
11822	30820
11824	30823
16552	35603
16554	35604
2292	21270
2293	21271
2294	21272
7088	26113
2296	21275
2297	21276
7090	26115
16557	35606
16562	35607
16561	35610
7094	26118
7096	26119
2301	21281
7099	26122
7102	26124
11838	30835
11839	30836
16566	35622
16567	35623
16569	35625
7105	26128
11844	30845
2308	21290
2309	21291
2310	21292
2313	21296
16574	35629
11849	30849
11851	30850
11852	30851
16580	35634
7113	26141
7114	26142
11856	30860
11857	30856
11858	30858
2319	21307
16583	35635
2320	25105
7118	26146
2322	21311
2324	21318
2326	21319
11865	30863
7121	26153
11866	30864
2327	21321
2329	21322
7122	26154
2335	21323
2332	21324
16588	35645
16589	35648
16590	35646
16592	35650
2336	21328
7132	26158
7128	26159
11872	30879
16594	35651
7133	26162
11878	30880
2341	21335
2346	21338
2347	21339
16606	35668
7148	26172
16613	35676
7151	26175
16616	23311
7153	26178
16620	35682
11899	30898
16622	35684
11901	30900
11903	30911
7164	26186
16631	35695
2361	21362
7165	26191
2365	21364
16634	35697
11909	30919
2371	21367
7179	26202
2376	21372
16641	35701
2378	21376
4747	26207
7183	26205
7185	26206
11924	30930
7187	26209
11921	30931
2381	21381
16644	35703
16649	35705
2383	21385
7194	26213
11929	30937
2386	21387
16653	35709
2389	21391
7202	26221
7201	26222
11935	30941
16660	35713
11939	30943
2392	21394
16661	35714
7204	26226
7205	26227
7206	26229
7207	26230
11945	30948
2397	21401
7210	26232
7212	26235
16670	35721
16671	35719
7217	26237
7219	26240
11955	30958
11958	30962
2406	21412
11960	30965
17507	30968
16681	35728
11968	30970
2407	21416
7223	26245
7228	26248
16683	35734
16685	35736
16686	35737
11973	30981
2414	21422
7231	26253
11975	30985
7234	26255
2418	21428
7237	26257
16695	35746
11977	30991
11979	30995
16696	35747
7243	26263
16697	35749
7244	26265
2428	21438
7245	26269
7246	26273
11988	31004
7252	26275
7250	26276
7251	26282
16704	35759
7258	26285
2435	21442
2436	21443
7259	26284
2438	21445
2439	21447
11995	31010
11996	31011
11998	31012
7271	26290
2442	21450
12002	31017
16715	35774
7269	26291
7270	26292
2447	21456
7275	26294
12005	31024
12006	31027
16720	35781
16721	35782
7283	26301
16722	35786
12011	31037
12012	31038
16724	35788
2462	21466
16726	35791
7290	26309
2466	21469
7291	26310
2468	21471
16732	35793
16733	35794
7295	26314
7300	26318
7298	26319
12022	31047
7302	26321
12023	31046
16740	35805
2479	21487
12026	31049
7304	26326
12028	31052
2482	21493
7308	26328
7309	26330
7310	26329
16746	35809
7314	26331
16750	35813
12031	31056
12032	31055
12034	31057
12033	31058
16751	35814
12035	31060
2487	21502
12036	31061
7321	26339
7325	26340
7324	26341
16759	35820
12042	31069
12045	31071
2500	21508
16763	35827
16765	35828
7331	26349
16768	35833
2504	21515
7334	26355
16769	35837
7337	26357
16771	35839
2509	21520
16774	35842
7341	26360
16775	35840
2513	21523
12055	31085
15086	34125
16784	35849
12056	31087
12057	31090
12060	31096
12061	31095
16792	35851
7352	26372
7353	26373
12063	31097
12064	31103
12067	31100
2524	21535
12068	31101
16796	35854
12071	31106
16797	35855
7359	26376
7365	26380
7371	26381
7369	26382
2532	21540
12080	31115
7376	26389
7378	26391
2534	21543
7380	26393
12087	31121
2540	21549
2537	21545
2538	21548
2539	21547
7385	26394
16809	35874
2541	21550
16816	35875
16817	35877
2545	21555
7388	26401
7389	26400
2552	21562
12096	31129
7391	26403
7392	26404
7394	26405
2557	21566
7395	26407
12097	31127
12099	31130
7400	26409
12101	31132
16836	35887
16838	35891
2563	21578
16839	35890
16842	35894
2564	21580
16846	35895
16848	35896
7409	26421
16852	35903
2573	21584
16855	35905
12114	31146
2576	21585
7415	26429
12123	31148
12121	31149
7420	26431
12127	31150
12131	31155
16865	35914
12132	31156
7430	26442
12135	31158
7434	26443
16871	35918
7440	26445
2591	21605
2592	21606
7438	26446
12139	31162
16875	35922
12144	31167
16879	35925
2596	21610
12147	31173
16881	35928
7446	26449
7449	26450
12151	31177
2608	21618
2609	21621
12156	31180
7451	26457
16886	35933
7453	26460
2614	21624
16888	35934
12164	31186
7455	26463
12163	31187
7457	26466
16892	35937
2623	21633
12167	31190
7465	26471
16894	35943
12173	31193
7467	26472
2627	21639
7469	26473
16899	35951
7470	26478
2629	21647
12182	31207
7479	26482
2636	21649
2635	21652
2637	21650
12183	31208
12188	31211
16905	35960
2640	21657
2645	21661
2644	21662
12192	31219
12196	31223
12198	31225
7490	26494
12200	31226
16922	35973
16921	35974
7493	26496
2657	21673
2661	21674
2658	21680
12208	31231
16928	35978
12212	31236
2662	21679
12213	31240
2666	21685
7506	26506
7507	26504
16932	35982
16936	35986
7511	26509
7512	26508
12216	31243
12217	31251
12219	31246
2673	25201
16938	35989
12220	31249
7515	26513
16940	35991
16944	35993
2675	21703
2677	21704
7519	26518
16951	36005
12229	31262
2685	21714
2686	21716
16957	36014
16964	36023
12243	31270
7534	26533
7537	26535
12248	31277
16970	36026
7543	26546
7544	26539
12250	31281
7545	26542
12253	31284
2699	21732
16971	36027
16973	36030
12258	31289
2705	21735
7550	26550
12259	31294
12262	31291
16978	36038
2710	21737
12270	31299
2711	21739
2713	21746
2714	21742
2715	21743
7553	26554
12274	31301
16983	36042
12276	31302
7559	26559
16986	36050
2726	21752
12282	31308
16987	36053
2730	21756
16988	36054
2733	21759
2734	21760
12286	31309
12291	31310
12290	31312
16999	36059
17001	36060
17002	36061
17003	36062
7576	26576
7577	26577
12293	31317
12294	31320
12296	31318
17007	36066
7581	26583
17011	36071
2748	21774
7588	26586
17013	36075
2750	21780
7591	26588
2752	21783
2753	21782
7592	26589
12307	31334
17015	36078
2758	21786
7594	26594
17022	36085
7597	26597
7598	26599
2760	21790
7600	26598
7601	26600
7604	26602
17024	36089
17031	36098
17033	36096
7608	26607
7609	26608
2769	21798
12316	31346
17037	36102
2774	21803
7615	26614
12319	31353
2775	21805
17042	36106
2780	21812
2783	21813
7620	26620
2784	21816
2785	21814
12323	31360
12328	31363
2789	21818
17047	36115
7631	26628
12333	31373
2795	21822
7633	26629
2797	21824
7635	26631
12336	31384
7638	26637
17055	36133
12340	31388
2807	21832
2808	21833
12345	31394
17062	36140
17061	36139
17064	36141
12347	31395
12348	31396
2812	21836
12350	31397
2813	21837
7648	26650
17068	36143
2815	21840
7651	26652
7653	26654
12364	31405
2819	21843
7658	26659
12366	31410
2822	21846
7661	26661
12368	31415
12370	31414
7667	26662
17079	36154
2826	21849
12374	31421
7672	26665
7673	26666
12377	31427
12380	31429
17091	36163
12386	31430
7681	26673
17096	36167
12390	31438
17101	36170
2839	21860
12392	31440
17100	36174
17103	36171
17104	36175
4360	31443
17105	36176
17106	36177
17107	36178
12405	31445
7693	26682
2845	21867
7699	26688
17115	36184
12410	31455
17118	36186
2850	21870
2852	21871
12412	31458
17119	36190
12413	31460
12415	31468
7704	26693
17122	36191
12416	31467
7709	26696
12418	31472
12419	31474
2866	21883
17130	36199
12421	31478
17132	36200
2872	21886
7717	26706
12425	31481
2875	21890
2876	21891
7719	26708
7721	26710
17138	36216
17140	36222
17142	36217
2881	21897
17143	36223
2883	21902
7728	26717
12436	31496
2887	21907
12438	31497
12439	31498
12441	31500
12442	31503
17150	36229
12449	31507
17155	36232
7735	26730
17160	36235
12467	31517
12462	31518
2896	21915
12468	31521
7742	26738
2902	21927
2903	21928
7747	26743
7748	26742
12480	31532
7750	26750
2907	21934
12481	31534
2913	21939
7753	26754
2915	21941
12493	31547
7758	26761
7759	26764
12495	31548
7762	26765
17183	36259
2924	21948
2926	21950
7764	26773
7765	26774
7768	26775
7767	26776
2932	21957
12505	31556
2933	21960
17189	36263
2936	21959
12506	31561
17190	36264
17191	36266
17192	36267
2939	21961
17197	36270
2941	21963
7780	26789
2943	21965
2944	21966
12512	31564
17199	36272
7781	26792
12515	31566
17203	36277
2951	21972
2952	21973
2954	21974
7783	26796
7786	26797
12523	31572
7789	26801
7790	26802
17216	36288
2962	21982
17217	36291
12526	31582
12527	31583
12529	31585
2966	21986
12531	31586
2968	21987
2969	21990
7797	26812
7798	26813
17225	36308
7800	26815
7801	26817
2971	21993
7804	26820
12541	31594
17227	36316
2980	21999
12546	31600
17229	36319
17230	36322
17232	36321
17238	36325
7812	26831
7815	26833
17242	36332
2992	22007
7819	26835
12553	31610
12554	31611
7823	26838
12558	31614
2994	22014
7825	26839
12563	31621
2995	22016
17249	36337
2996	22017
7828	26841
7830	26846
12570	31626
3003	22020
7834	26850
17254	36341
3005	22023
17255	36345
17260	36346
17262	36349
12574	31633
12575	31634
7843	26857
3011	22034
3013	22036
3016	22040
3023	22042
3025	36577
3026	37142
12586	31641
12587	31644
3032	22055
3036	22059
3039	22061
3043	22063
7857	26878
17289	36376
12602	31651
12605	31659
7865	26881
17290	36380
3056	22072
7869	26882
7868	26883
12611	31661
3061	22076
17297	36387
7875	26893
13976	36389
17300	36397
12617	31665
3066	22079
17301	36391
12619	31666
17306	36401
17308	22856
17309	36399
7882	26899
12624	31669
17315	36406
3081	22090
12628	31674
7890	26903
12632	31681
3088	22102
3090	22097
3092	22100
3096	22099
12636	31683
17323	36413
3098	22105
17326	36416
3103	22107
3104	22108
12641	31688
17331	36420
3106	22113
12643	31689
3109	22116
7899	26919
17333	36423
17335	36422
17337	36424
3115	22120
3117	22122
7904	26927
3120	22125
3121	22126
17344	36430
3126	22131
7907	26932
3129	22132
3130	22134
12650	31700
12651	31703
17346	36431
17348	36432
17354	36436
3135	22139
12653	31709
5933	36439
17357	36438
17359	36440
3136	22143
7918	26943
17360	36441
3139	22145
17361	36442
3141	22146
3142	22147
12662	31716
12666	31722
17362	36444
17367	36446
3143	22150
12669	31723
12674	31724
3144	22152
17369	36448
3146	22153
17375	36456
3152	22160
7934	26952
12680	31733
17383	36463
17386	36465
12686	31740
3157	22166
7938	26959
3159	22168
17389	36473
12689	31744
12692	31745
12694	31746
17391	36474
3165	22176
7941	26963
17393	36478
17394	36481
7943	26968
3169	22180
7944	26971
12697	31755
7947	26975
7948	26973
12701	31759
17398	36482
12705	31762
3172	22185
17399	36485
17400	36488
17401	36490
12709	31767
7953	26977
12710	31769
3176	22186
7957	26978
12712	31772
17403	36492
17406	36496
3183	22191
3186	22193
17410	36503
3189	22194
7965	26993
17414	36512
3191	22198
3192	22200
17415	36507
17416	36511
3194	22201
3195	22202
7967	26997
12725	31782
3199	22207
7979	27003
3206	22212
3207	22215
7984	27007
12733	31786
17423	36523
12735	31787
17426	36534
12738	31790
17431	36532
7994	27017
7993	27016
12741	31793
3216	22225
7995	27018
12746	31795
17435	36538
17436	36537
17438	36540
12753	31798
17443	36542
17444	36541
12759	31807
8009	27034
12765	31811
8019	27041
17450	36550
8021	27046
17457	36552
12769	31813
8024	27050
12772	31816
8027	27051
12773	31818
17462	36560
17464	36562
17466	36563
17469	36566
12781	31829
3252	22262
8035	27062
8036	27065
17474	36572
3257	22264
12793	31837
3260	22266
3261	22267
3262	22268
8040	27073
8044	27076
8043	27077
3270	22273
8045	27079
3272	22275
12800	31842
3273	22278
12804	31848
17493	36592
12808	31853
8054	27088
3279	22285
8056	27090
12812	31859
8059	27092
12814	31863
8062	27096
12818	31865
12822	31866
8067	27103
17512	36618
8068	27104
12826	31868
3288	22298
12828	31869
17513	36617
8074	27107
17519	36624
12832	31870
17520	36627
8080	27112
12836	31873
12838	31878
3298	22304
8087	27117
17530	36639
8092	27122
12844	31884
12845	31885
12846	31886
8096	27127
3313	22312
3312	22313
8100	27129
12851	31889
17538	36644
8103	27133
12854	31892
17540	36645
17541	36647
3321	22320
17543	36650
3324	22323
3325	22324
8108	27138
8110	27141
12864	31898
12866	31901
12867	31902
3332	22330
17548	36659
8116	27146
8124	27149
17549	36660
3338	22336
12877	31910
8127	27156
3343	22340
3345	22342
17558	36667
12886	31921
12887	31919
17566	36668
12889	31920
8132	27164
17569	36670
3350	22351
17570	36673
8139	27176
3352	22355
3353	22356
3354	22357
12893	31932
17576	36681
3358	22364
3363	22363
3360	22365
8145	27186
12899	31939
8147	27189
12900	31938
17579	36686
12904	31940
12905	31943
3369	22372
8150	27196
3371	22374
12908	31942
12909	31946
12910	31949
17588	36693
17589	36694
12915	31953
8164	27201
8163	27202
12917	31954
3384	22388
8167	27207
3388	22392
3391	22396
17597	36703
12921	31961
3393	22399
3395	22402
3397	22403
17599	36706
12924	31967
17601	36707
3402	22409
17602	36709
12928	31969
12929	31970
12930	31971
3406	22413
17603	36713
8183	27220
12933	31976
12934	31977
3414	22423
8185	27224
8189	27223
12935	31978
12936	31979
12937	31980
12939	31981
17610	36719
8192	27228
17612	36721
17613	36723
17614	36726
3422	22427
12949	31985
12950	31988
12951	31989
8197	27233
3424	22431
8199	27234
8201	27241
8202	27235
17621	36730
8204	27238
3428	22434
8205	27239
17623	36732
12958	31996
8209	27242
17625	36734
17629	36737
3434	22442
12964	31999
12962	32000
17633	36745
8213	27246
3438	22447
12966	32002
12967	32005
17638	36749
17637	36750
12972	32006
3448	22455
17644	36758
12976	32009
17645	36759
3451	22461
3454	22462
17646	36760
8229	27256
17651	36761
17652	36764
3460	22472
3462	22475
17655	36769
12990	32028
12992	32031
12993	32030
8236	27274
8237	27273
17658	36773
12996	32035
12999	32037
17660	36777
8246	27284
13003	32041
3476	22489
8248	27287
8253	27291
13008	32047
3483	22497
13010	32048
3484	22498
3485	22499
8257	27296
13012	32049
13013	32050
8261	27298
8260	27299
3487	22502
8262	27306
8263	27302
3489	22504
8264	31152
8265	27305
13015	32051
17669	36788
17674	36789
8268	27309
13020	32062
8270	27311
3494	22508
13025	32067
13026	32068
17678	36791
13034	32074
13035	32075
3502	22515
13036	32077
8283	27325
17685	36800
13039	32081
13047	32090
13048	32089
13050	32093
13052	32094
8291	27332
13054	32095
3517	22525
13057	32099
17696	36808
17699	36807
3518	22526
8302	27339
13060	32103
13064	32105
3520	22530
3521	22531
17701	36817
8308	27346
3524	22534
8309	27349
13067	32112
13070	32114
3526	22537
8313	27350
8315	27351
13075	32117
3528	22539
8317	27354
17711	36827
3530	22542
8319	27358
3532	22544
13084	32124
17715	36830
8325	27360
8326	27363
8327	27364
13086	32127
3540	22553
8331	27366
8332	27367
13094	32134
13098	32138
8340	27374
8341	27376
17722	36842
17723	36844
17726	36847
17729	36853
17730	36851
3555	22564
17735	36854
17739	36855
8354	27382
17740	36859
17741	36858
3557	22568
8358	27383
8360	27384
13114	32148
3562	22574
13119	32154
13120	32155
17755	36868
8372	27396
3566	22582
8373	27401
3570	22585
8376	27405
3574	22587
13129	32166
17761	36873
3577	22589
13133	32167
3579	22595
17768	36877
3580	22593
17771	36878
3583	22597
17772	36880
17774	36883
13141	32172
3589	22603
17778	36887
3592	22606
3595	22608
8387	27415
8390	27416
13147	32178
3598	22612
13150	32179
17785	36890
17787	36892
13153	32181
13154	32182
8398	27426
3604	22620
8400	27428
17794	36895
13162	32185
8403	27433
13167	32191
3614	22624
8409	27437
17803	36901
13170	32197
17806	36904
17809	36907
17812	36908
17811	36909
13176	32205
17813	36911
13180	32209
13183	32210
17819	36927
8424	27447
13187	32213
8425	27450
13192	32219
17829	36931
17828	36933
3627	22644
17832	36939
13199	32225
8438	27465
8439	27463
13200	32226
8440	27466
17834	36940
8441	27467
8445	27468
13203	32233
3638	22653
3644	22657
13209	32235
8449	27472
17842	36948
3646	22662
3649	22666
3650	22670
13219	32246
3654	22673
17851	36958
13222	32248
13225	32251
8462	27482
3659	22679
8465	27485
17868	36968
3668	22685
8473	27489
13237	32263
8476	27492
8477	27493
8480	27495
8481	27497
8971	27499
8483	27498
17873	36973
8487	27506
17879	36977
17881	36976
3690	22696
3691	22698
13247	32271
3694	22701
17885	36985
3692	22704
13254	32275
17890	36991
17891	36992
8501	27516
8495	27517
8504	27521
3699	22710
3701	22711
13264	32281
3702	22713
8502	27524
13266	32283
8505	27525
13267	32284
17897	37002
3704	22719
13269	32286
13271	32287
13274	32288
13272	32289
13276	32290
17898	37004
3718	22727
13278	32293
17915	37015
13282	32298
8514	27537
8518	27539
17919	37020
17920	37023
3728	22737
3730	22738
3731	22739
8523	27543
8524	27544
13295	32304
13296	32305
3738	22742
8529	27548
8531	27549
13302	32310
17931	37031
8534	27551
3746	22745
8538	27554
8539	27556
3751	22748
3754	22750
3755	22751
3760	22752
8543	27560
8545	27561
13316	32322
8548	27563
13321	32325
8549	27565
8550	27567
8551	27568
3764	22757
8552	27570
8553	27571
17950	37056
8555	27574
13333	32329
8557	27576
17951	37058
13335	32331
13336	32333
3773	22767
17953	37064
17954	37063
17958	37069
13344	32338
17961	37070
17964	37071
8569	27593
17968	37072
8571	27594
13349	32342
3785	22782
13350	32343
8575	27595
17976	37075
8578	27597
13353	32349
17981	37080
17983	37081
3796	22789
13362	32356
17987	37088
17988	37090
3807	22799
13366	32360
13367	32361
13369	32362
17997	37094
3812	22802
3816	22806
18000	37100
8601	27613
8603	27615
3819	22808
13379	32371
8607	27618
13380	32374
18007	37104
18008	37105
13382	32377
18009	37107
3826	22815
13385	32381
8615	27628
13387	32385
13391	32387
3831	22820
8617	27631
13395	32390
3833	22823
13397	32393
18023	37117
18027	37120
8623	27641
3838	22829
3839	22831
13400	32401
13401	32402
18029	37122
13403	32404
13410	32410
13411	32411
13413	32413
8634	27653
18049	37136
8636	27658
3859	22847
3861	22849
13419	32419
8640	27660
13420	32417
13421	32420
13425	32422
3867	22853
8644	27666
13429	32424
18059	37145
18060	37146
18061	37147
3870	22857
3871	22859
8654	27672
3872	22864
13437	32432
18071	37157
13444	32437
13443	32438
18073	37159
8663	27682
13449	32442
18075	37164
13457	32448
8670	27688
13461	32450
8672	27691
13467	32455
18085	37175
3885	22885
8678	27697
3887	22887
13470	32462
18088	37178
18090	37180
8682	27702
18094	37181
13474	32463
13475	32464
18097	37183
13477	32467
18099	37184
18100	37186
8687	27712
3901	22901
8688	27713
18103	37191
13482	32472
13483	32475
3908	22909
8701	27724
3914	22910
3915	22911
3916	22912
13489	32479
8706	27730
13493	32485
18123	37216
8713	27734
18124	37215
13500	32490
18130	37220
8718	27738
3930	22926
13508	32495
18136	37226
13511	32499
18140	37227
13515	32500
13514	32501
3937	22931
3939	22932
3940	22933
3944	22934
13521	32509
3945	22938
8733	27749
13526	32514
13527	32515
18147	37236
18148	37238
18149	37239
18153	37245
13531	32517
8739	27755
3958	22953
3955	22954
3956	22950
3957	22952
8740	27756
18157	37250
8749	27759
13539	32529
8760	27770
18170	37261
8759	27771
8764	27772
13554	32538
13555	32539
8766	27777
3974	22971
13556	32542
8767	27779
8768	27778
18176	37263
18177	37265
18178	37268
8770	27781
3976	22977
3977	22976
8771	27782
8773	27784
8778	27786
13560	32545
18180	37271
18186	37275
3981	22981
18189	37281
3983	22985
8781	27790
13567	32554
3986	22986
3987	22987
13570	32560
8786	27799
3992	22993
18193	37288
18195	37290
13582	32568
18200	37293
18202	37294
3999	22998
8792	27804
18204	37299
4000	22999
4001	23000
18205	37296
8795	27805
18206	37297
8798	27807
8802	27810
4007	23006
18217	37304
13595	32584
18227	37314
4015	23014
8814	27818
4019	23023
4020	23020
8815	27825
8816	27821
18240	37320
13603	32593
18241	37321
18242	37324
18243	37322
13604	32597
8819	27826
18245	37329
8821	27828
13608	32602
8825	27837
8826	27839
13610	32604
4034	23033
18251	37332
4039	23039
18254	37334
4042	23042
13615	32612
13616	32613
18261	37344
13618	32616
18265	37348
18266	37354
13630	32626
8843	27855
4053	23057
4055	23060
13632	32632
13634	32634
4057	23063
18271	37359
18272	37360
4059	23066
8847	27862
8849	27864
4064	23071
6603	23076
8963	23072
4067	23073
18276	37363
4069	23075
8855	27866
4071	23078
13649	32644
18285	37372
18287	37373
8862	27872
4080	23080
18293	37375
13652	32650
18296	37378
18297	37379
4084	23085
8865	27878
13657	32655
8867	27880
4086	23091
18308	37383
13661	32660
18309	37385
4093	23098
4095	23099
4096	23100
4098	23101
8873	27891
13662	32664
13663	32665
13665	32666
18315	37388
18317	37389
8879	27896
8884	27901
4100	23106
8885	27904
8891	27905
4103	23109
8889	27908
8892	27910
8893	27911
8894	27912
13673	32676
18329	37404
8897	27918
8898	27917
13676	32680
18331	37405
18332	37406
4113	23120
8902	27919
8903	27920
8906	27922
8907	27926
18336	37412
8909	27930
13685	32691
18344	37417
4127	23127
13686	32693
18352	37422
18354	37425
18355	37424
13693	32698
13694	32699
8921	27940
4136	23134
13698	32700
4137	23136
4140	23137
13697	32702
4141	23138
8925	27948
13706	32707
13713	32708
8928	27950
18358	37434
13710	32711
4146	23144
4148	23146
18362	37437
8934	27955
18364	37439
8936	27958
8937	27960
13720	32720
18371	37442
8938	27963
4155	23151
8941	27965
4159	23156
8943	27967
13725	32726
18379	37449
18393	37454
18386	37453
13731	32732
18394	37455
13733	32735
18389	37456
18390	37457
18392	37459
8952	27977
15995	35050
4168	23166
8957	27979
4172	23169
13738	32741
18402	37467
4175	23173
18408	37474
8966	27984
8967	27986
13744	32749
4184	23177
4186	23180
18411	37480
18412	37481
18413	37482
8975	27999
18417	37485
8976	28001
8978	28003
8979	28008
8980	28005
13749	32755
13752	32758
13753	32759
18422	37490
18423	37491
18428	37497
4198	23199
18429	37498
4202	23202
8991	28017
13769	32779
18432	37507
8994	28019
18436	37508
18435	36888
4211	23214
18438	37517
18439	37512
18442	37520
8997	28024
13776	32785
13781	32786
13780	32789
4215	23220
4216	23223
13783	32792
13785	32795
4218	23229
18451	37527
4222	23230
4221	23231
4224	23232
18453	37528
9006	28031
13787	32797
9007	28033
4225	23235
18459	37533
9011	28036
4229	23236
13792	32800
9018	28038
9017	28039
4231	23238
4234	23239
4235	23240
13793	32803
4238	23241
4241	23242
9020	28041
4240	23244
13798	32808
18465	37549
4244	23248
18466	37551
9023	28044
18467	37553
9025	28046
13808	32812
4250	23252
9035	28053
9040	28057
18476	37564
18477	37569
18478	37568
13812	32816
9042	28064
4256	23260
9043	28063
18483	37574
18488	37579
9048	28070
4258	23263
18489	37581
9050	28071
13815	32826
18490	37583
18493	37585
4262	23272
9057	28081
9058	28084
4264	23279
4266	23278
9059	28082
18495	37591
18496	37593
4269	23281
9066	28091
13828	32843
13829	32842
18503	37597
4274	23285
4277	35664
13832	32846
4276	23289
13833	32849
18506	37601
18507	37602
4283	23295
9077	28097
18510	37609
9078	28098
9081	28101
4286	23303
4288	23305
13843	32857
9086	28102
18520	37615
9088	28106
9089	28105
9091	28109
4300	23315
9092	28110
9093	28111
9095	28112
9096	28113
9097	28114
9098	28115
13852	32874
4308	23327
9104	28121
18527	37624
4309	23330
9106	28123
4310	23332
4312	23334
4314	23336
13861	32882
4316	23338
4318	23339
4319	23340
16524	32889
13867	32892
18539	37637
18542	37640
4321	23345
13877	32897
4322	23346
13882	32901
4324	23347
9125	28138
4325	23349
9126	28140
13888	32907
4328	23354
4330	23356
9136	28146
18553	37650
9134	28150
13897	32913
13902	32915
9150	28165
4343	23373
4344	23376
4345	23372
9151	28167
9152	28168
9153	28169
18571	37662
9155	28171
13907	32924
9156	28172
9157	28173
9158	28174
9159	28176
13912	32925
13909	32926
4352	23384
9162	28178
13911	32927
18578	37670
4359	23390
4363	23389
13916	32930
13917	32931
9169	28186
4364	23394
18587	37675
13922	32933
9177	28188
9176	28189
18589	37682
18591	37683
9179	28193
18595	37688
18597	37690
4372	23409
9184	28199
13927	32943
18598	37694
4376	23412
4377	23413
4378	23415
13928	32947
13930	32950
4380	23418
13931	32951
13933	32953
13935	32952
13934	32954
4384	23421
9188	28206
13938	32964
4387	23422
9190	28209
9192	28210
13940	32963
9198	28214
9199	28215
13942	32965
9200	28216
13945	32966
13948	32969
4396	23429
4395	23428
13950	32971
13951	32972
4400	23436
4401	23433
9212	28225
18621	37716
18622	37717
15466	34493
13958	32977
4403	23439
9217	28229
18625	37721
4407	23443
9218	28231
18629	37728
4410	23446
4411	23447
9221	28233
9222	28235
13960	32985
13962	32987
18633	37730
18636	37734
9227	28241
13966	32992
13968	32995
18641	37740
13972	32999
9232	28244
13975	33002
18644	37746
9239	28251
4431	23463
13983	33006
13985	33008
13986	33007
18649	37752
9242	28255
4439	23470
13989	33011
9245	28257
4440	23471
9246	28258
13990	33012
18651	37754
18654	37756
4446	23477
18657	37758
18658	37761
9254	28267
4452	23480
9255	28268
13995	33014
18660	37763
13996	33015
9259	28270
13998	33016
4456	23484
9262	28271
4458	23485
18670	37769
14005	33020
18674	37775
18676	37776
9268	28276
14013	33022
4466	23492
14014	33023
14015	33024
14017	33029
4467	23495
9273	28286
14018	33028
4469	23497
9276	28287
14020	33030
14025	33037
18692	37783
4472	23501
9282	28292
14027	33038
14028	33040
18694	37784
9284	28297
9285	28298
4476	23510
9288	28299
14033	33043
14034	33045
14035	33046
9291	28302
4479	23513
14037	33048
18697	37791
18699	37794
14043	33053
18706	37796
14045	33054
18707	37800
18708	37801
9297	28311
9299	28314
18714	37810
18718	37812
18719	37813
4493	23524
14054	33062
14055	33066
4495	23530
4496	23527
14056	33063
9303	28323
18721	37821
18722	37818
9304	28328
18724	37822
4499	23539
4500	23536
14061	33076
9319	28331
9316	28332
18730	37829
18731	37830
14067	33079
18734	37834
18735	37835
4508	23544
18736	37839
18737	37842
4511	23545
18740	37844
4512	23546
14072	33082
18742	37843
4514	23549
4515	23550
14076	33086
18749	37848
4525	23561
14094	33099
14091	33096
4532	23567
14096	33100
9345	28354
14098	33103
14099	33104
4534	23569
14101	33115
14103	33109
18767	37872
4543	23574
14105	33117
9355	28360
14106	33118
14108	33120
4544	23576
4545	23577
9359	28362
4548	23581
18778	37877
18779	37876
4555	23588
18782	37880
9367	28378
9370	28381
9372	28380
4563	23594
4564	23595
14125	33130
18787	37882
4568	23598
9375	28384
9380	28386
9379	28388
9383	28392
14130	33139
4576	23604
18795	37894
4578	23606
547	28409
4580	23608
4582	23610
9393	28407
17111	28408
9398	28412
18800	37905
4584	23613
4585	23614
9403	28418
9404	28417
14140	33157
18805	37912
14142	33163
14145	33164
18810	37918
9408	28424
9410	28425
18812	37921
18814	37922
14152	33169
9418	28431
18818	37929
9423	28439
14159	33182
9426	28441
14160	33185
18825	37938
18826	37940
18828	37944
14164	33188
9430	28445
9431	28446
4609	23640
14165	33189
4612	23643
18833	37946
4613	23646
4614	23648
4615	23649
9436	28457
14174	33197
4619	23655
9439	28461
14177	33199
14180	33201
14183	33203
4624	23658
18845	37955
9446	28469
14186	33208
14187	33205
18846	37958
4630	23663
9453	28476
9456	28485
14193	33210
18849	37961
18851	37962
14197	33213
14198	33214
18854	37963
14200	33216
9460	28486
9461	28487
