78
107
221
533
571
587
608
636
649
652
732
735
750
808
870
876
895
941
961
998
1018
1028
1047
1061
1064
1066
1084
1087
1109
1163
1178
1195
1238
1278
1319
1323
1399
1405
1458
1508
1557
1564
1571
1684
1709
1828
1831
1846
1871
1903
1911
1917
1949
1952
1978
2191
2266
2451
2736
2909
3017
3204
3225
3250
3278
3292
3335
3448
3540
3611
3648
3683
3786
3821
3889
4041
4057
4066
4129
4182
4199
4203
4212
4305
4331
4340
4401
4502
4519
4630
4657
4671
4765
4811
4866
4908
4945
4958
5018
5047
5082
5100
5164
5215
5222
5273
5367
5388
5506
5550
5586
5655
5673
5721
5729
5730
5762
5929
5959
5971
5997
6061
6069
6113
6239
6265
6286
6416
6527
6536
6544
6654
6684
6718
6739
6749
6802
6857
6980
6995
7007
7008
7151
7260
7293
7420
7439
7444
7447
7449
7492
7499
7625
7630
7656
7668
7797
7871
7918
7920
7941
8000
8024
8031
8056
8140
8153
8154
8161
8197
8228
8241
8373
8392
8402
8451
8515
8558
8560
8589
8593
8646
8655
8760
8787
8830
8842
8849
8857
8871
8879
8976
9030
9032
9097
9206
9367
9423
9477
9478
9559
9599
9716
9719
9934
9957
9963
9990
9995
9999
10019
10042
10044
10121
10153
10159
10207
10223
10237
10242
10243
10273
10302
10329
10341
10343
10370
10377
10396
10413
10444
10461
10477
10496
10528
10531
10566
10588
10604
10663
10686
10687
10690
10708
10721
10738
10741
10746
10771
10819
10830
10938
10964
10979
10983
11017
11064
11241
11390
11404
11467
11472
11474
11498
11499
11574
11586
11627
11636
11712
11731
11739
11744
11783
11788
11824
11834
11906
12010
12012
12069
12141
12229
12231
12244
12259
12333
12338
12401
12429
12451
12466
12510
12520
12547
12564
12584
12610
12614
12637
12671
12683
12698
12710
12764
12811
12819
12832
12834
12842
12865
12902
12990
13000
13037
13045
13051
13064
13081
13104
13164
13203
13215
13218
13224
13279
13331
13405
13429
13441
13490
13520
13543
13549
13637
13690
13697
13735
13765
13774
13891
13901
13996
14014
14027
14030
14036
14074
14116
14185
14197
14215
14221
14247
14362
14421
14435
14487
14501
14522
14546
14548
14552
14635
14643
14646
14767
14781
14783
14829
14837
14873
14902
14960
15010
15026
15073
15089
15095
15110
15200
15220
15221
15252
15275
15329
15340
15360
15367
15383
15385
15416
15429
15553
15569
15570
15573
15583
15680
15691
15696
15699
15706
15751
15953
15975
15991
16024
16046
16054
16151
16159
16161
16175
16189
16190
16199
16215
16238
16269
16290
16356
16358
