78
107
124
145
221
276
442
447
533
571
587
608
636
649
652
704
714
732
735
750
779
808
815
856
859
870
871
876
879
888
895
941
948
961
988
998
1018
1026
1028
1047
1061
1064
1066
1084
1087
1109
1116
1147
1152
1163
1167
1178
1186
1195
1206
1238
1260
1261
1278
1303
1319
1323
1341
1367
1371
1374
1391
1399
1405
1458
1474
1508
1520
1557
1564
1571
1684
1707
1709
1798
1818
1828
1831
1846
1847
1871
1881
1903
1911
1914
1917
1928
1949
1952
1978
2171
2191
2266
2282
2451
2634
2736
2909
2929
3017
3204
3223
3225
3250
3276
3278
3292
3302
3335
3380
3433
3436
3448
3540
3580
3611
3644
3648
3678
3786
3821
3877
3889
3963
4038
4041
4057
4066
4129
4140
4182
4199
4203
4212
4255
4305
4331
4340
4401
4502
4519
4550
4553
4565
4580
4583
4630
4648
4657
4661
4671
4759
4765
4811
4866
4908
4945
4958
5018
5047
5079
5082
5100
5164
5215
5222
5269
5271
5273
5289
5358
5367
5382
5388
5498
5506
5550
5571
5574
5586
5630
5655
5673
5674
5721
5729
5730
5762
5827
5834
5873
5880
5886
5929
5959
5971
5997
6000
6061
6065
6069
6075
6078
6098
6113
6147
6231
6239
6262
6265
6286
6291
6415
6416
6427
6527
6536
6544
6630
6654
6683
6684
6718
6739
6746
6749
6777
6802
6833
6857
6873
6931
6979
6980
6995
7007
7008
7017
7073
7151
7196
7216
7253
7260
7261
7278
7280
7293
7323
7333
7362
7381
7409
7420
7439
7444
7447
7449
7455
7492
7499
7510
7568
7608
7625
7626
7630
7645
7656
7668
7703
7797
7871
7918
7920
7941
7955
7988
7997
8000
8024
8029
8031
8056
8072
8079
8126
8134
8140
8153
8154
8161
8177
8196
8197
8200
8228
8241
8305
8373
8378
8392
8402
8447
8451
8515
8558
8560
8578
8589
8593
8613
8636
8640
8646
8653
8655
8689
8759
8760
8787
8830
8842
8849
8857
8871
8879
8976
8985
9030
9032
9093
9097
9104
9110
9140
9151
9206
9241
9264
9363
9367
9416
9423
9477
9478
9559
9599
9633
9656
9713
9716
9719
9741
9762
9807
9836
9846
9876
9884
9912
9925
9934
9957
9963
9976
9990
9992
9995
9999
10019
10032
10042
10044
10046
10055
10121
10153
10159
10207
10223
10227
10237
10242
10243
10273
10295
10302
10312
10329
10341
10343
10370
10377
10396
10413
10444
10455
10461
10477
10496
10505
10506
10514
10528
10531
10548
10566
10572
10588
10604
10647
10657
10663
10669
10686
10687
10690
10694
10708
10721
10722
10738
10739
10740
10741
10746
10770
10771
10782
10815
10819
10821
10830
10864
10920
10938
10964
10973
10979
10983
10997
11013
11017
11023
11029
11064
11068
11074
11082
11083
11128
11212
11225
11241
11334
11363
11386
11390
11404
11454
11467
11472
11474
11485
11499
11510
11512
11531
11546
11560
11574
11586
11589
11627
11636
11712
11731
11739
11744
11783
11788
11824
11834
11854
11879
11880
11906
11916
11920
11952
11963
11986
12010
12012
12042
12060
12069
12080
12141
12193
12227
12229
12231
12241
12244
12259
12287
12333
12338
12346
12366
12376
12401
12405
12429
12451
12466
12475
12510
12520
12521
12522
12541
12547
12549
12564
12572
12584
12610
12614
12637
12649
12654
12671
12683
12692
12698
12710
12716
12764
12765
12803
12806
12811
12819
12832
12834
12842
12865
12902
12908
12909
12974
12990
12998
13000
13021
13037
13045
13051
13064
13078
13081
13104
13116
13150
13164
13194
13203
13215
13218
13224
13268
13279
13323
13330
13331
13372
13389
13405
13429
13434
13441
13476
13485
13509
13543
13549
13564
13569
13613
13635
13636
13637
13690
13697
13735
13765
13774
13795
13818
13831
13891
13901
13926
13996
14014
14021
14027
14030
14036
14047
14072
14074
14116
14166
14185
14197
14215
14221
14246
14247
14362
14421
14435
14444
14478
14487
14495
14501
14522
14532
14544
14546
14548
14552
14563
14575
14576
14586
14623
14635
14643
14646
14652
14672
14689
14704
14715
14731
14767
14781
14783
14829
14837
14840
14873
14877
14902
14938
14956
14960
14988
15010
15016
15023
15025
15026
15073
15075
15076
15084
15089
15095
15110
15112
15139
15157
15200
15220
15221
15252
15262
15275
15322
15329
15332
15340
15356
15360
15367
15383
15385
15416
15429
15448
15452
15477
15478
15510
15553
15566
15569
15570
15573
15583
15600
15629
15674
15680
15691
15696
15699
15706
15748
15751
15766
15821
15834
15953
15960
15975
15991
16013
16024
16046
16054
16099
16107
16135
16151
16159
16161
16175
16189
16190
16199
16215
16238
16269
16283
16290
16356
16358
