12	36143
55	36144
61	36145
63	36146
64	36147
68	36148
78	36149
82	36150
83	36151
101	36152
107	36153
110	36154
124	36155
125	36156
138	36157
145	36158
148	36159
221	36160
276	36161
322	36162
430	36163
442	36164
447	36165
483	36166
512	36167
533	36168
534	36169
538	36170
571	36171
574	36172
578	36173
580	36174
584	36175
587	36176
588	36177
594	36178
599	36179
605	36180
608	36181
624	36182
632	36183
636	36184
647	36185
649	36186
651	36187
652	36188
656	36189
670	36190
684	36191
694	36192
699	36193
704	36194
714	36195
715	36196
725	36197
732	36198
733	36199
735	36200
738	36201
743	36202
750	36203
755	36204
766	36205
776	36206
779	36207
795	36208
806	36209
808	36210
815	36211
819	36212
836	36213
851	36214
854	36215
856	36216
859	36217
863	36218
870	36219
871	36220
872	36221
876	36222
879	36223
885	36224
888	36225
895	36226
896	36227
912	36228
928	36229
936	36230
941	36231
948	36232
953	36233
961	36234
987	36235
988	36236
997	36237
998	36238
1011	36239
1015	36240
1018	36241
1023	36242
1026	36243
1028	36244
1039	36245
1040	36246
1047	36247
1049	36248
1050	36249
1056	36250
1061	36251
1062	36252
1064	36253
1066	36254
1068	36255
1070	36256
1077	36257
1080	36258
1081	36259
1084	36260
1087	36261
1109	36262
1116	36263
1129	36264
1147	36265
1149	36266
1152	36267
1163	36268
1167	36269
1178	36270
1186	36271
1192	36272
1195	36273
1197	36274
1206	36275
1215	36276
1218	36277
1222	36278
1232	36279
1235	36280
1238	36281
1255	36282
1260	36283
1261	36284
1265	36285
1277	36286
1278	36287
1298	36288
1301	36289
1303	36290
1311	36291
1319	36292
1323	36293
1330	36294
1341	36295
1342	36296
1344	36297
1367	36298
1368	36299
1371	36300
1374	36301
1391	36302
1399	36303
1405	36304
1419	36305
1423	36306
1458	36307
1466	36308
1469	36309
1474	36310
1489	36311
1495	36312
1501	36313
1503	36314
1508	36315
1520	36316
1531	36317
1549	36318
1555	36319
1557	36320
1564	36321
1565	36322
1568	36323
1571	36324
1594	36325
1620	36326
1630	36327
1631	36328
1637	36329
1643	36330
1664	36331
1676	36332
1684	36333
1685	36334
1707	36335
1709	36336
1727	36337
1741	36338
1745	36339
1746	36340
1758	36341
1761	36342
1766	36343
1767	36344
1791	36345
1798	36346
1802	36347
1811	36348
1818	36349
1828	36350
1829	36351
1831	36352
1834	36353
1838	36354
1846	36355
1847	36356
1857	36357
1865	36358
1867	36359
1871	36360
1872	36361
1880	36362
1881	36363
1887	36364
1903	36365
1911	36366
1914	36367
1917	36368
1918	36369
1924	36370
1928	36371
1932	36372
1934	36373
1939	36374
1949	36375
1952	36376
1959	36377
1963	36378
1978	36379
2009	36380
2026	36381
2097	36382
2184	36383
2191	36384
2257	36385
2266	36386
2280	36387
2282	36388
2306	36389
2338	36390
2350	36391
2410	36392
2451	36393
2489	36394
2491	36395
2526	36396
2623	36397
2634	36398
2736	36399
2744	36400
2746	36401
2777	36402
2778	36403
2796	36404
2831	36405
2833	36406
2844	36407
2873	36408
2909	36409
2929	36410
2990	36411
3017	36412
3040	36413
3127	36414
3136	36415
3141	36416
3158	36417
3167	36418
3171	36419
3180	36420
3181	36421
3186	36422
3204	36423
3215	36424
3217	36425
3221	36426
3223	36427
3225	36428
3229	36429
3234	36430
3250	36431
3261	36432
3262	36433
3276	36434
3278	36435
3292	36436
3302	36437
3311	36438
3312	36439
3323	36440
3335	36441
3338	36442
3343	36443
3353	36444
3354	36445
3356	36446
3380	36447
3382	36448
3416	36449
3424	36450
3433	36451
3436	36452
3444	36453
3448	36454
3488	36455
3497	36456
3499	36457
3540	36458
3544	36459
3580	36460
3611	36461
3644	36462
3648	36463
3659	36464
3669	36465
3677	36466
3678	36467
3683	36468
3720	36469
3730	36470
3754	36471
3783	36472
3786	36473
3803	36474
3821	36475
3826	36476
3827	36477
3841	36478
3877	36479
3878	36480
3889	36481
3897	36482
3949	36483
3950	36484
3963	36485
3964	36486
3977	36487
3989	36488
4002	36489
4033	36490
4038	36491
4041	36492
4052	36493
4057	36494
4066	36495
4072	36496
4095	36497
4108	36498
4111	36499
4115	36500
4129	36501
4137	36502
4140	36503
4151	36504
4160	36505
4167	36506
4178	36507
4182	36508
4186	36509
4197	36510
4199	36511
4203	36512
4212	36513
4226	36514
4248	36515
4255	36516
4284	36517
4305	36518
4308	36519
4326	36520
4331	36521
4340	36522
4352	36523
4355	36524
4356	36525
4357	36526
4379	36527
4392	36528
4401	36529
4430	36530
4454	36531
4458	36532
4467	36533
4502	36534
4508	36535
4511	36536
4519	36537
4537	36538
4550	36539
4553	36540
4554	36541
4565	36542
4580	36543
4582	36544
4583	36545
4596	36546
4630	36547
4635	36548
4648	36549
4657	36550
4661	36551
4662	36552
4671	36553
4681	36554
4687	36555
4716	36556
4724	36557
4725	36558
4740	36559
4743	36560
4745	36561
4752	36562
4759	36563
4765	36564
4785	36565
4811	36566
4840	36567
4847	36568
4856	36569
4864	36570
4866	36571
4890	36572
4908	36573
4916	36574
4918	36575
4934	36576
4944	36577
4945	36578
4958	36579
4968	36580
4997	36581
5001	36582
5002	36583
5018	36584
5047	36585
5064	36586
5078	36587
5079	36588
5082	36589
5100	36590
5102	36591
5107	36592
5111	36593
5114	36594
5129	36595
5145	36596
5164	36597
5193	36598
5215	36599
5222	36600
5243	36601
5269	36602
5271	36603
5273	36604
5276	36605
5289	36606
5290	36607
5301	36608
5309	36609
5313	36610
5315	36611
5320	36612
5328	36613
5330	36614
5343	36615
5350	36616
5352	36617
5358	36618
5363	36619
5367	36620
5382	36621
5383	36622
5388	36623
5401	36624
5424	36625
5429	36626
5498	36627
5506	36628
5525	36629
5546	36630
5550	36631
5571	36632
5574	36633
5586	36634
5596	36635
5606	36636
5630	36637
5646	36638
5654	36639
5655	36640
5664	36641
5673	36642
5674	36643
5698	36644
5721	36645
5729	36646
5730	36647
5741	36648
5762	36649
5778	36650
5781	36651
5782	36652
5827	36653
5834	36654
5841	36655
5857	36656
5873	36657
5878	36658
5880	36659
5886	36660
5899	36661
5915	36662
5916	36663
5917	36664
5929	36665
5936	36666
5955	36667
5959	36668
5966	36669
5969	36670
5970	36671
5971	36672
5994	36673
5997	36674
6000	36675
6021	36676
6026	36677
6028	36678
6032	36679
6038	36680
6044	36681
6060	36682
6061	36683
6065	36684
6069	36685
6075	36686
6078	36687
6098	36688
6101	36689
6113	36690
6120	36691
6147	36692
6156	36693
6165	36694
6169	36695
6174	36696
6191	36697
6223	36698
6231	36699
6232	36700
6234	36701
6239	36702
6251	36703
6262	36704
6265	36705
6286	36706
6287	36707
6291	36708
6299	36709
6304	36710
6322	36711
6332	36712
6343	36713
6349	36714
6374	36715
6375	36716
6379	36717
6384	36718
6387	36719
6403	36720
6406	36721
6415	36722
6416	36723
6427	36724
6431	36725
6436	36726
6451	36727
6487	36728
6503	36729
6527	36730
6535	36731
6536	36732
6541	36733
6544	36734
6558	36735
6583	36736
6586	36737
6600	36738
6601	36739
6607	36740
6630	36741
6634	36742
6636	36743
6637	36744
6654	36745
6668	36746
6683	36747
6684	36748
6706	36749
6714	36750
6718	36751
6739	36752
6746	36753
6749	36754
6771	36755
6777	36756
6786	36757
6788	36758
6791	36759
6802	36760
6808	36761
6814	36762
6815	36763
6822	36764
6823	36765
6830	36766
6833	36767
6857	36768
6861	36769
6873	36770
6893	36771
6904	36772
6923	36773
6928	36774
6931	36775
6932	36776
6957	36777
6961	36778
6963	36779
6967	36780
6979	36781
6980	36782
6982	36783
6991	36784
6995	36785
7007	36786
7008	36787
7017	36788
7045	36789
7059	36790
7073	36791
7078	36792
7099	36793
7102	36794
7131	36795
7135	36796
7137	36797
7151	36798
7167	36799
7190	36800
7196	36801
7208	36802
7216	36803
7220	36804
7228	36805
7253	36806
7256	36807
7260	36808
7261	36809
7278	36810
7280	36811
7293	36812
7300	36813
7306	36814
7320	36815
7323	36816
7332	36817
7333	36818
7344	36819
7362	36820
7381	36821
7389	36822
7395	36823
7403	36824
7404	36825
7409	36826
7420	36827
7426	36828
7439	36829
7444	36830
7447	36831
7449	36832
7455	36833
7471	36834
7472	36835
7478	36836
7479	36837
7492	36838
7499	36839
7510	36840
7522	36841
7529	36842
7532	36843
7536	36844
7549	36845
7555	36846
7556	36847
7568	36848
7591	36849
7608	36850
7619	36851
7625	36852
7626	36853
7630	36854
7645	36855
7653	36856
7656	36857
7668	36858
7672	36859
7685	36860
7703	36861
7707	36862
7709	36863
7711	36864
7731	36865
7740	36866
7784	36867
7797	36868
7825	36869
7828	36870
7856	36871
7871	36872
7903	36873
7904	36874
7905	36875
7907	36876
7915	36877
7918	36878
7919	36879
7920	36880
7923	36881
7927	36882
7935	36883
7941	36884
7955	36885
7968	36886
7981	36887
7982	36888
7988	36889
7997	36890
8000	36891
8013	36892
8019	36893
8024	36894
8029	36895
8031	36896
8056	36897
8061	36898
8064	36899
8072	36900
8079	36901
8086	36902
8098	36903
8109	36904
8120	36905
8126	36906
8130	36907
8134	36908
8140	36909
8153	36910
8154	36911
8161	36912
8175	36913
8177	36914
8194	36915
8197	36916
8201	36917
8210	36918
8214	36919
8224	36920
8228	36921
8229	36922
8241	36923
8246	36924
8274	36925
8288	36926
8297	36927
8305	36928
8313	36929
8356	36930
8357	36931
8358	36932
8373	36933
8378	36934
8381	36935
8387	36936
8392	36937
8402	36938
8424	36939
8447	36940
8451	36941
8453	36942
8477	36943
8482	36944
8515	36945
8543	36946
8558	36947
8560	36948
8578	36949
8582	36950
8584	36951
8589	36952
8590	36953
8593	36954
8606	36955
8607	36956
8613	36957
8636	36958
8638	36959
8640	36960
8646	36961
8647	36962
8653	36963
8655	36964
8656	36965
8661	36966
8689	36967
8712	36968
8729	36969
8735	36970
8738	36971
8759	36972
8760	36973
8766	36974
8787	36975
8793	36976
8804	36977
8816	36978
8818	36979
8820	36980
8826	36981
8830	36982
8834	36983
8842	36984
8849	36985
8857	36986
8858	36987
8871	36988
8879	36989
8880	36990
8925	36991
8929	36992
8933	36993
8947	36994
8948	36995
8976	36996
8982	36997
8985	36998
8992	36999
9023	37000
9030	37001
9032	37002
9065	37003
9093	37004
9097	37005
9100	37006
9104	37007
9106	37008
9110	37009
9140	37010
9146	37011
9157	37012
9166	37013
9178	37014
9184	37015
9197	37016
9206	37017
9208	37018
9217	37019
9241	37020
9255	37021
9258	37022
9262	37023
9264	37024
9315	37025
9322	37026
9338	37027
9344	37028
9354	37029
9360	37030
9363	37031
9367	37032
9385	37033
9390	37034
9398	37035
9416	37036
9423	37037
9438	37038
9469	37039
9477	37040
9478	37041
9511	37042
9542	37043
9559	37044
9599	37045
9606	37046
9621	37047
9632	37048
9633	37049
9652	37050
9656	37051
9675	37052
9682	37053
9683	37054
9684	37055
9700	37056
9713	37057
9716	37058
9719	37059
9741	37060
9743	37061
9744	37062
9749	37063
9752	37064
9762	37065
9763	37066
9782	37067
9785	37068
9787	37069
9789	37070
9807	37071
9817	37072
9828	37073
9830	37074
9832	37075
9834	37076
9836	37077
9846	37078
9865	37079
9876	37080
9884	37081
9888	37082
9895	37083
9900	37084
9902	37085
9912	37086
9917	37087
9918	37088
9924	37089
9925	37090
9933	37091
9934	37092
9957	37093
9963	37094
9976	37095
9979	37096
9990	37097
9992	37098
9993	37099
9995	37100
9999	37101
10001	37102
10010	37103
10019	37104
10021	37105
10031	37106
10032	37107
10042	37108
10044	37109
10046	37110
10050	37111
10055	37112
10064	37113
10069	37114
10083	37115
10085	37116
10100	37117
10114	37118
10120	37119
10121	37120
10137	37121
10145	37122
10153	37123
10159	37124
10163	37125
10175	37126
10200	37127
10202	37128
10207	37129
10219	37130
10223	37131
10227	37132
10232	37133
10233	37134
10237	37135
10242	37136
10243	37137
10258	37138
10267	37139
10268	37140
10273	37141
10295	37142
10302	37143
10310	37144
10312	37145
10315	37146
10329	37147
10330	37148
10331	37149
10341	37150
10343	37151
10348	37152
10351	37153
10357	37154
10368	37155
10369	37156
10370	37157
10373	37158
10377	37159
10396	37160
10408	37161
10413	37162
10425	37163
10427	37164
10430	37165
10439	37166
10443	37167
10444	37168
10446	37169
10455	37170
10461	37171
10468	37172
10477	37173
10483	37174
10492	37175
10495	37176
10496	37177
10498	37178
10504	37179
10505	37180
10506	37181
10513	37182
10514	37183
10527	37184
10528	37185
10529	37186
10531	37187
10548	37188
10566	37189
10572	37190
10577	37191
10588	37192
10590	37193
10604	37194
10647	37195
10657	37196
10663	37197
10666	37198
10669	37199
10684	37200
10686	37201
10687	37202
10690	37203
10692	37204
10694	37205
10708	37206
10710	37207
10716	37208
10717	37209
10721	37210
10722	37211
10723	37212
10726	37213
10729	37214
10738	37215
10739	37216
10740	37217
10741	37218
10746	37219
10759	37220
10767	37221
10770	37222
10771	37223
10775	37224
10777	37225
10781	37226
10782	37227
10791	37228
10799	37229
10813	37230
10814	37231
10815	37232
10819	37233
10821	37234
10825	37235
10829	37236
10830	37237
10838	37238
10847	37239
10852	37240
10864	37241
10920	37242
10925	37243
10937	37244
10938	37245
10941	37246
10943	37247
10948	37248
10951	37249
10964	37250
10973	37251
10979	37252
10983	37253
10986	37254
10997	37255
11013	37256
11017	37257
11019	37258
11023	37259
11029	37260
11034	37261
11048	37262
11049	37263
11053	37264
11064	37265
11068	37266
11074	37267
11082	37268
11083	37269
11128	37270
11132	37271
11136	37272
11139	37273
11155	37274
11156	37275
11159	37276
11160	37277
11167	37278
11200	37279
11201	37280
11211	37281
11212	37282
11225	37283
11233	37284
11240	37285
11241	37286
11246	37287
11263	37288
11273	37289
11284	37290
11286	37291
11290	37292
11291	37293
11294	37294
11300	37295
11303	37296
11306	37297
11320	37298
11327	37299
11330	37300
11334	37301
11336	37302
11355	37303
11358	37304
11363	37305
11386	37306
11390	37307
11391	37308
11393	37309
11404	37310
11413	37311
11424	37312
11428	37313
11430	37314
11433	37315
11441	37316
11444	37317
11446	37318
11454	37319
11464	37320
11467	37321
11472	37322
11474	37323
11485	37324
11488	37325
11492	37326
11498	37327
11499	37328
11506	37329
11510	37330
11511	37331
11512	37332
11513	37333
11516	37334
11526	37335
11531	37336
11546	37337
11549	37338
11560	37339
11567	37340
11574	37341
11576	37342
11581	37343
11586	37344
11587	37345
11589	37346
11600	37347
11605	37348
11627	37349
11631	37350
11634	37351
11636	37352
11638	37353
11654	37354
11657	37355
11660	37356
11671	37357
11695	37358
11706	37359
11709	37360
11712	37361
11715	37362
11725	37363
11731	37364
11737	37365
11739	37366
11744	37367
11749	37368
11750	37369
11778	37370
11783	37371
11788	37372
11805	37373
11824	37374
11826	37375
11833	37376
11834	37377
11835	37378
11839	37379
11847	37380
11854	37381
11860	37382
11879	37383
11880	37384
11888	37385
11895	37386
11906	37387
11909	37388
11910	37389
11912	37390
11916	37391
11920	37392
11931	37393
11936	37394
11952	37395
11963	37396
11965	37397
11968	37398
11974	37399
11980	37400
11986	37401
11994	37402
11998	37403
12008	37404
12009	37405
12010	37406
12012	37407
12016	37408
12035	37409
12042	37410
12044	37411
12049	37412
12060	37413
12064	37414
12068	37415
12069	37416
12080	37417
12099	37418
12112	37419
12115	37420
12118	37421
12127	37422
12141	37423
12161	37424
12163	37425
12166	37426
12180	37427
12193	37428
12197	37429
12204	37430
12212	37431
12221	37432
12227	37433
12229	37434
12231	37435
12240	37436
12241	37437
12242	37438
12244	37439
12259	37440
12260	37441
12281	37442
12287	37443
12293	37444
12313	37445
12326	37446
12327	37447
12333	37448
12338	37449
12342	37450
12344	37451
12346	37452
12352	37453
12357	37454
12359	37455
12366	37456
12374	37457
12385	37458
12396	37459
12401	37460
12405	37461
12406	37462
12414	37463
12429	37464
12447	37465
12451	37466
12466	37467
12469	37468
12471	37469
12473	37470
12475	37471
12479	37472
12480	37473
12483	37474
12492	37475
12510	37476
12520	37477
12521	37478
12522	37479
12527	37480
12541	37481
12545	37482
12547	37483
12549	37484
12564	37485
12572	37486
12578	37487
12579	37488
12581	37489
12584	37490
12599	37491
12600	37492
12610	37493
12613	37494
12614	37495
12637	37496
12638	37497
12649	37498
12654	37499
12656	37500
12666	37501
12671	37502
12673	37503
12683	37504
12692	37505
12698	37506
12703	37507
12707	37508
12710	37509
12716	37510
12721	37511
12746	37512
12747	37513
12749	37514
12752	37515
12764	37516
12765	37517
12768	37518
12770	37519
12771	37520
12772	37521
12784	37522
12785	37523
12800	37524
12803	37525
12805	37526
12806	37527
12811	37528
12816	37529
12819	37530
12832	37531
12834	37532
12842	37533
12859	37534
12865	37535
12893	37536
12900	37537
12902	37538
12906	37539
12908	37540
12909	37541
12923	37542
12930	37543
12937	37544
12944	37545
12961	37546
12962	37547
12974	37548
12977	37549
12990	37550
12993	37551
12998	37552
12999	37553
13000	37554
13008	37555
13017	37556
13019	37557
13021	37558
13024	37559
13037	37560
13040	37561
13045	37562
13050	37563
13051	37564
13064	37565
13078	37566
13081	37567
13082	37568
13093	37569
13104	37570
13116	37571
13131	37572
13149	37573
13150	37574
13162	37575
13164	37576
13174	37577
13192	37578
13194	37579
13202	37580
13203	37581
13205	37582
13215	37583
13218	37584
13222	37585
13224	37586
13232	37587
13255	37588
13268	37589
13279	37590
13283	37591
13288	37592
13294	37593
13296	37594
13323	37595
13330	37596
13331	37597
13348	37598
13354	37599
13372	37600
13378	37601
13389	37602
13398	37603
13401	37604
13405	37605
13409	37606
13414	37607
13429	37608
13434	37609
13438	37610
13441	37611
13453	37612
13457	37613
13458	37614
13460	37615
13474	37616
13476	37617
13483	37618
13485	37619
13490	37620
13492	37621
13503	37622
13504	37623
13509	37624
13520	37625
13537	37626
13543	37627
13549	37628
13551	37629
13564	37630
13569	37631
13571	37632
13574	37633
13611	37634
13613	37635
13623	37636
13624	37637
13635	37638
13636	37639
13637	37640
13643	37641
13645	37642
13652	37643
13659	37644
13660	37645
13673	37646
13686	37647
13688	37648
13690	37649
13697	37650
13715	37651
13727	37652
13728	37653
13732	37654
13735	37655
13765	37656
13768	37657
13774	37658
13775	37659
13780	37660
13785	37661
13789	37662
13795	37663
13797	37664
13799	37665
13805	37666
13812	37667
13818	37668
13823	37669
13829	37670
13831	37671
13838	37672
13853	37673
13860	37674
13863	37675
13874	37676
13885	37677
13889	37678
13891	37679
13892	37680
13894	37681
13901	37682
13902	37683
13904	37684
13917	37685
13924	37686
13926	37687
13932	37688
13938	37689
13955	37690
13956	37691
13979	37692
13986	37693
13993	37694
13996	37695
14014	37696
14016	37697
14020	37698
14021	37699
14027	37700
14030	37701
14036	37702
14037	37703
14047	37704
14051	37705
14052	37706
14057	37707
14070	37708
14072	37709
14074	37710
14080	37711
14099	37712
14104	37713
14106	37714
14116	37715
14120	37716
14129	37717
14150	37718
14166	37719
14178	37720
14181	37721
14185	37722
14197	37723
14200	37724
14215	37725
14221	37726
14225	37727
14237	37728
14238	37729
14246	37730
14247	37731
14256	37732
14286	37733
14289	37734
14300	37735
14304	37736
14332	37737
14350	37738
14351	37739
14354	37740
14359	37741
14362	37742
14366	37743
14377	37744
14385	37745
14388	37746
14392	37747
14394	37748
14407	37749
14416	37750
14421	37751
14433	37752
14435	37753
14437	37754
14442	37755
14444	37756
14451	37757
14466	37758
14478	37759
14480	37760
14487	37761
14495	37762
14501	37763
14506	37764
14522	37765
14532	37766
14538	37767
14540	37768
14544	37769
14546	37770
14548	37771
14550	37772
14552	37773
14563	37774
14570	37775
14575	37776
14576	37777
14586	37778
14587	37779
14604	37780
14615	37781
14623	37782
14628	37783
14635	37784
14643	37785
14646	37786
14652	37787
14659	37788
14663	37789
14672	37790
14689	37791
14690	37792
14697	37793
14704	37794
14714	37795
14715	37796
14719	37797
14731	37798
14734	37799
14738	37800
14747	37801
14761	37802
14763	37803
14766	37804
14767	37805
14781	37806
14783	37807
14784	37808
14785	37809
14788	37810
14792	37811
14825	37812
14829	37813
14837	37814
14840	37815
14853	37816
14857	37817
14863	37818
14869	37819
14872	37820
14873	37821
14877	37822
14881	37823
14888	37824
14902	37825
14908	37826
14913	37827
14938	37828
14940	37829
14948	37830
14953	37831
14956	37832
14960	37833
14984	37834
14988	37835
15003	37836
15010	37837
15016	37838
15020	37839
15023	37840
15025	37841
15026	37842
15039	37843
15046	37844
15053	37845
15057	37846
15061	37847
15073	37848
15075	37849
15076	37850
15084	37851
15088	37852
15089	37853
15092	37854
15095	37855
15106	37856
15110	37857
15112	37858
15117	37859
15121	37860
15139	37861
15151	37862
15152	37863
15153	37864
15157	37865
15161	37866
15174	37867
15180	37868
15186	37869
15200	37870
15220	37871
15221	37872
15232	37873
15234	37874
15248	37875
15262	37876
15270	37877
15275	37878
15286	37879
15299	37880
15308	37881
15310	37882
15311	37883
15322	37884
15323	37885
15329	37886
15330	37887
15332	37888
15336	37889
15340	37890
15356	37891
15360	37892
15361	37893
15363	37894
15367	37895
15370	37896
15383	37897
15385	37898
15386	37899
15392	37900
15413	37901
15416	37902
15429	37903
15435	37904
15448	37905
15451	37906
15452	37907
15455	37908
15456	37909
15457	37910
15467	37911
15477	37912
15478	37913
15486	37914
15498	37915
15504	37916
15510	37917
15517	37918
15530	37919
15543	37920
15553	37921
15556	37922
15561	37923
15566	37924
15569	37925
15570	37926
15573	37927
15576	37928
15583	37929
15589	37930
15593	37931
15597	37932
15600	37933
15602	37934
15604	37935
15606	37936
15619	37937
15629	37938
15643	37939
15647	37940
15651	37941
15655	37942
15667	37943
15674	37944
15680	37945
15685	37946
15687	37947
15691	37948
15692	37949
15696	37950
15699	37951
15706	37952
15748	37953
15751	37954
15761	37955
15765	37956
15766	37957
15773	37958
15776	37959
15785	37960
15807	37961
15810	37962
15812	37963
15815	37964
15821	37965
15823	37966
15829	37967
15832	37968
15833	37969
15834	37970
15837	37971
15846	37972
15857	37973
15864	37974
15872	37975
15910	37976
15938	37977
15953	37978
15956	37979
15960	37980
15963	37981
15966	37982
15975	37983
15985	37984
15991	37985
16004	37986
16006	37987
16007	37988
16009	37989
16012	37990
16013	37991
16015	37992
16024	37993
16046	37994
16054	37995
16068	37996
16087	37997
16091	37998
16099	37999
16107	38000
16111	38001
16119	38002
16135	38003
16151	38004
16159	38005
16161	38006
16164	38007
16165	38008
16175	38009
16189	38010
16190	38011
16192	38012
16199	38013
16212	38014
16215	38015
16228	38016
16229	38017
16238	38018
16243	38019
16244	38020
16264	38021
16269	38022
16271	38023
16275	38024
16283	38025
16286	38026
16290	38027
16292	38028
16296	38029
16325	38030
16334	38031
16336	38032
16341	38033
16345	38034
16354	38035
16356	38036
16358	38037
16382	38038
16398	38039
16403	38040
16407	38041
16409	38042
16428	38043
16440	38044
16441	38045
16444	38046
16457	38047
16459	38048
16467	38049
16475	38050
16481	38051
16494	38052
16495	38053
16497	38054
16501	38055
16512	38056
16513	38057
16522	38058
16524	38059
16530	38060
16538	38061
16541	38062
16555	38063
16556	38064
16557	38065
16570	38066
16572	38067
16576	38068
16591	38069
16595	38070
16596	38071
16599	38072
16600	38073
16601	38074
16603	38075
16611	38076
16614	38077
16643	38078
16652	38079
16656	38080
16659	38081
16663	38082
16667	38083
16668	38084
16671	38085
16674	38086
16689	38087
16691	38088
16708	38089
16710	38090
16712	38091
16716	38092
16732	38093
16749	38094
16752	38095
16754	38096
16755	38097
16758	38098
16775	38099
16777	38100
16780	38101
16787	38102
16790	38103
16801	38104
16805	38105
16810	38106
16812	38107
16821	38108
16826	38109
16833	38110
16848	38111
16852	38112
16853	38113
16854	38114
16855	38115
16860	38116
16864	38117
16869	38118
16873	38119
16883	38120
16891	38121
16903	38122
16911	38123
16922	38124
16924	38125
16931	38126
16932	38127
16934	38128
16938	38129
16946	38130
16953	38131
16962	38132
16964	38133
16967	38134
16974	38135
16975	38136
16976	38137
16981	38138
16987	38139
16993	38140
17004	38141
17008	38142
17018	38143
17019	38144
17020	38145
17022	38146
17025	38147
17054	38148
17068	38149
17072	38150
17074	38151
17077	38152
17079	38153
17082	38154
17088	38155
17109	38156
17110	38157
17127	38158
17146	38159
17149	38160
17153	38161
17154	38162
17159	38163
17166	38164
17170	38165
17171	38166
17187	38167
17189	38168
17190	38169
17200	38170
17203	38171
17210	38172
17216	38173
17220	38174
17230	38175
17231	38176
17238	38177
17239	38178
17240	38179
17241	38180
17243	38181
17264	38182
17274	38183
17277	38184
17280	38185
17290	38186
17317	38187
17318	38188
17321	38189
17343	38190
17345	38191
17351	38192
17353	38193
17360	38194
17384	38195
17391	38196
17408	38197
17409	38198
17412	38199
17420	38200
17429	38201
17433	38202
17436	38203
17445	38204
17451	38205
17457	38206
17487	38207
17498	38208
17499	38209
17517	38210
17524	38211
17526	38212
17529	38213
17536	38214
17561	38215
17570	38216
17583	38217
17588	38218
17597	38219
17598	38220
17601	38221
17602	38222
17604	38223
17618	38224
17619	38225
17623	38226
17629	38227
17631	38228
17634	38229
17640	38230
17643	38231
17645	38232
17651	38233
17652	38234
17656	38235
17659	38236
17671	38237
17678	38238
17691	38239
17694	38240
17708	38241
17715	38242
17721	38243
17728	38244
17729	38245
17732	38246
17733	38247
17746	38248
17750	38249
17751	38250
17758	38251
17764	38252
17771	38253
17775	38254
17794	38255
17806	38256
17813	38257
17815	38258
17820	38259
17830	38260
17832	38261
17837	38262
17846	38263
17853	38264
17865	38265
17869	38266
17872	38267
17874	38268
17899	38269
17900	38270
17901	38271
17903	38272
17907	38273
17935	38274
17943	38275
17945	38276
17951	38277
17958	38278
17961	38279
17966	38280
17968	38281
17973	38282
17974	38283
17986	38284
17996	38285
18005	38286
18010	38287
18023	38288
18027	38289
18029	38290
18030	38291
18041	38292
18044	38293
18045	38294
18062	38295
18066	38296
18074	38297
18076	38298
18089	38299
18090	38300
18098	38301
18143	38302
18157	38303
18159	38304
18161	38305
18166	38306
18170	38307
18181	38308
18182	38309
18186	38310
18197	38311
18201	38312
18214	38313
18222	38314
18227	38315
18229	38316
18233	38317
18240	38318
18251	38319
18257	38320
18261	38321
18267	38322
18268	38323
18276	38324
18281	38325
18282	38326
18286	38327
18288	38328
18300	38329
18316	38330
18318	38331
18323	38332
18336	38333
18346	38334
18350	38335
18362	38336
18366	38337
18367	38338
18377	38339
18387	38340
18391	38341
18403	38342
18422	38343
18423	38344
18440	38345
18451	38346
18453	38347
18455	38348
18465	38349
18468	38350
18469	38351
18473	38352
18478	38353
18481	38354
18485	38355
18498	38356
18502	38357
18511	38358
18532	38359
18551	38360
18553	38361
18563	38362
18567	38363
18592	38364
18596	38365
18606	38366
18607	38367
18610	38368
18612	38369
18627	38370
18628	38371
18630	38372
18634	38373
18642	38374
18666	38375
18667	38376
18668	38377
18669	38378
18671	38379
18676	38380
18677	38381
18692	38382
18697	38383
18701	38384
18703	38385
18705	38386
18712	38387
18723	38388
18738	38389
18739	38390
18747	38391
18748	38392
18750	38393
18754	38394
18767	38395
18780	38396
18797	38397
18801	38398
18806	38399
18811	38400
18822	38401
18829	38402
18833	38403
18848	38404
18865	38405
18867	38406
18870	38407
18872	38408
18879	38409
18882	38410
18884	38411
18896	38412
18898	38413
18921	38414
18923	38415
18926	38416
18929	38417
18931	38418
18933	38419
18935	38420
18942	38421
18951	38422
18955	38423
18956	38424
18967	38425
18970	38426
18987	38427
18991	38428
18994	38429
19009	38430
19015	38431
19032	38432
19034	38433
19057	38434
19066	38435
19074	38436
19076	38437
19090	38438
19094	38439
19099	38440
19102	38441
19106	38442
19108	38443
19112	38444
19113	38445
19117	38446
19118	38447
19132	38448
19136	38449
19138	38450
19150	38451
19154	38452
19155	38453
19157	38454
19160	38455
19167	38456
19168	38457
19170	38458
19178	38459
19188	38460
19198	38461
19201	38462
19205	38463
19209	38464
19225	38465
19228	38466
19258	38467
19261	38468
19264	38469
19273	38470
19282	38471
19297	38472
19304	38473
19305	38474
19317	38475
19318	38476
19321	38477
19344	38478
19347	38479
19356	38480
19362	38481
19367	38482
19380	38483
19392	38484
19395	38485
19396	38486
19398	38487
19409	38488
19418	38489
19419	38490
19422	38491
19427	38492
19428	38493
19432	38494
19433	38495
19439	38496
19446	38497
19450	38498
19451	38499
19458	38500
19466	38501
19484	38502
19497	38503
19498	38504
19511	38505
19514	38506
19519	38507
19541	38508
19549	38509
19554	38510
19558	38511
19566	38512
19580	38513
19585	38514
19598	38515
19602	38516
19609	38517
19610	38518
19613	38519
19617	38520
19626	38521
19639	38522
19642	38523
19647	38524
19650	38525
19667	38526
19680	38527
19683	38528
19693	38529
19694	38530
19708	38531
19713	38532
19715	38533
19737	38534
19746	38535
19752	38536
19762	38537
19765	38538
19768	38539
20015	38540
20301	38541
20383	38542
20448	38543
20508	38544
20915	38545
21358	38546
21593	38547
21760	38548
21917	38549
22302	38550
22303	38551
22312	38552
22330	38553
22332	38554
22333	38555
22334	38556
22336	38557
22340	38558
22342	38559
22348	38560
22350	38561
22360	38562
22366	38563
22381	38564
22383	38565
22387	38566
22390	38567
22396	38568
22409	38569
22417	38570
22422	38571
22424	38572
22425	38573
22432	38574
22442	38575
22450	38576
22457	38577
22460	38578
22463	38579
22477	38580
22482	38581
22489	38582
22491	38583
22495	38584
22511	38585
22516	38586
22518	38587
22521	38588
22527	38589
22530	38590
22535	38591
22536	38592
22540	38593
22547	38594
22553	38595
22565	38596
22566	38597
