78
107
124
145
221
276
447
533
571
587
608
636
649
652
714
732
735
750
779
808
815
859
870
871
876
888
895
941
948
961
998
1018
1026
1028
1047
1061
1064
1066
1084
1087
1109
1152
1163
1178
1195
1206
1238
1260
1278
1303
1319
1323
1341
1367
1371
1374
1391
1399
1405
1458
1508
1557
1564
1571
1684
1709
1818
1828
1831
1846
1871
1881
1903
1911
1917
1949
1952
1978
2191
2266
2451
2736
2909
3017
3204
3225
3250
3276
3278
3292
3302
3335
3380
3433
3436
3448
3540
3580
3611
3648
3678
3786
3821
3877
3889
3963
4038
4041
4057
4066
4129
4140
4182
4199
4203
4212
4305
4331
4340
4401
4502
4519
4550
4565
4583
4630
4648
4657
4671
4759
4765
4811
4866
4908
4945
4958
5018
5047
5079
5082
5100
5164
5215
5222
5269
5273
5289
5367
5388
5498
5506
5571
5574
5586
5630
5655
5673
5674
5721
5729
5730
5762
5827
5834
5880
5929
5959
5971
5997
6000
6061
6065
6069
6075
6078
6113
6231
6239
6265
6286
6291
6415
6416
6527
6536
6544
6654
6683
6684
6718
6739
6749
6802
6833
6857
6931
6980
6995
7007
7008
7017
7151
7196
7216
7253
7260
7278
7293
7409
7420
7439
7444
7447
7449
7455
7492
7499
7510
7625
7626
7630
7645
7656
7668
7703
7797
7871
7918
7920
7941
7955
7997
8000
8024
8031
8056
8072
8079
8126
8134
8140
8153
8154
8161
8177
8197
8200
8228
8241
8305
8373
8378
8392
8402
8447
8451
8515
8558
8560
8578
8589
8593
8613
8640
8646
8653
8655
8689
8759
8760
8787
8830
8842
8849
8857
8871
8879
8976
8985
9030
9032
9093
9097
9110
9140
9206
9367
9416
9423
9477
9478
9559
9599
9633
9656
9713
9716
9719
9762
9836
9876
9912
9925
9934
9957
9963
9976
9990
9992
9995
9999
10019
10032
10042
10044
10046
10121
10153
10159
10207
10223
10227
10237
10242
10243
10273
10302
10312
10329
10341
10343
10370
10377
10396
10413
10444
10461
10477
10496
10505
10506
10514
10528
10531
10548
10566
10572
10588
10604
10663
10686
10687
10690
10694
10708
10721
10722
10738
10739
10740
10741
10746
10771
10819
10821
10830
10920
10938
10964
10979
10983
11013
11017
11023
11029
11064
11068
11074
11082
11212
11225
11241
11386
11390
11404
11467
11472
11474
11485
11499
11512
11546
11560
11574
11586
11589
11627
11636
11712
11731
11739
11744
11783
11788
11824
11834
11879
11880
11906
11916
11963
11986
12010
12012
12060
12069
12080
12141
12193
12227
12229
12231
12241
12244
12259
12333
12338
12401
12405
12429
12451
12466
12510
12520
12522
12541
12547
12549
12564
12572
12584
12610
12614
12637
12649
12654
12671
12683
12692
12698
12716
12764
12765
12803
12806
12811
12819
12832
12842
12865
12902
12908
12974
12990
12998
13000
13021
13037
13045
13051
13064
13078
13081
13104
13164
13203
13215
13218
13224
13279
13323
13331
13389
13405
13429
13434
13441
13476
13485
13543
13549
13564
13613
13636
13637
13690
13697
13735
13765
13774
13795
13818
13891
13901
13996
14014
14021
14027
14030
14036
14047
14072
14074
14116
14166
14185
14197
14215
14221
14247
14362
14421
14435
14444
14487
14495
14501
14522
14544
14546
14548
14552
14575
14586
14623
14635
14643
14646
14652
14672
14704
14715
14781
14783
14829
14837
14873
14877
14902
14956
14960
15010
15023
15025
15026
15075
15084
15089
15095
15110
15157
15200
15220
15221
15252
15262
15275
15322
15329
15332
15340
15360
15367
15383
15385
15416
15429
15448
15477
15478
15510
15553
15566
15569
15570
15573
15583
15600
15629
15674
15680
15691
15696
15699
15706
15751
15821
15834
15953
15975
15991
16013
16024
16054
16107
16135
16151
16159
16161
16175
16189
16190
16199
16215
16238
16269
16283
16290
16356
16358
