12	36356
55	36357
61	36358
63	36359
64	36360
68	36361
78	36362
82	36363
83	36364
101	36365
107	36366
110	36367
124	36368
125	36369
138	36370
145	36371
148	36372
221	36373
276	36374
322	36375
430	36376
442	36377
447	36378
483	36379
512	36380
533	36381
534	36382
538	36383
571	36384
574	36385
578	36386
580	36387
584	36388
587	36389
588	36390
594	36391
599	36392
605	36393
608	36394
624	36395
632	36396
636	36397
647	36398
649	36399
651	36400
652	36401
656	36402
670	36403
684	36404
694	36405
699	36406
704	36407
714	36408
715	36409
725	36410
732	36411
733	36412
735	36413
738	36414
743	36415
750	36416
755	36417
766	36418
776	36419
779	36420
795	36421
806	36422
808	36423
815	36424
819	36425
836	36426
851	36427
854	36428
856	36429
859	36430
863	36431
870	36432
871	36433
872	36434
876	36435
879	36436
885	36437
888	36438
895	36439
896	36440
912	36441
928	36442
936	36443
941	36444
948	36445
953	36446
961	36447
987	36448
988	36449
997	36450
998	36451
1011	36452
1015	36453
1018	36454
1023	36455
1026	36456
1028	36457
1039	36458
1040	36459
1047	36460
1049	36461
1050	36462
1056	36463
1061	36464
1062	36465
1064	36466
1066	36467
1068	36468
1070	36469
1077	36470
1080	36471
1081	36472
1084	36473
1087	36474
1109	36475
1116	36476
1129	36477
1147	36478
1149	36479
1152	36480
1163	36481
1167	36482
1178	36483
1186	36484
1192	36485
1195	36486
1197	36487
1206	36488
1215	36489
1218	36490
1222	36491
1232	36492
1235	36493
1238	36494
1255	36495
1260	36496
1261	36497
1265	36498
1277	36499
1278	36500
1298	36501
1301	36502
1303	36503
1311	36504
1319	36505
1323	36506
1330	36507
1341	36508
1342	36509
1344	36510
1367	36511
1368	36512
1371	36513
1374	36514
1391	36515
1399	36516
1405	36517
1419	36518
1423	36519
1458	36520
1466	36521
1469	36522
1474	36523
1489	36524
1495	36525
1501	36526
1503	36527
1508	36528
1520	36529
1531	36530
1549	36531
1555	36532
1557	36533
1564	36534
1565	36535
1568	36536
1571	36537
1594	36538
1620	36539
1630	36540
1631	36541
1637	36542
1643	36543
1664	36544
1676	36545
1684	36546
1685	36547
1707	36548
1709	36549
1727	36550
1741	36551
1745	36552
1746	36553
1758	36554
1761	36555
1766	36556
1767	36557
1791	36558
1798	36559
1802	36560
1811	36561
1818	36562
1828	36563
1829	36564
1831	36565
1834	36566
1838	36567
1846	36568
1847	36569
1857	36570
1865	36571
1867	36572
1871	36573
1872	36574
1880	36575
1881	36576
1887	36577
1903	36578
1911	36579
1914	36580
1917	36581
1918	36582
1924	36583
1928	36584
1932	36585
1934	36586
1939	36587
1949	36588
1952	36589
1959	36590
1963	36591
1978	36592
2009	36593
2026	36594
2097	36595
2184	36596
2191	36597
2257	36598
2266	36599
2280	36600
2282	36601
2306	36602
2338	36603
2350	36604
2410	36605
2451	36606
2489	36607
2491	36608
2526	36609
2623	36610
2634	36611
2736	36612
2744	36613
2746	36614
2777	36615
2778	36616
2796	36617
2831	36618
2833	36619
2844	36620
2873	36621
2909	36622
2929	36623
2990	36624
3017	36625
3040	36626
3127	36627
3136	36628
3141	36629
3158	36630
3167	36631
3171	36632
3180	36633
3181	36634
3186	36635
3204	36636
3215	36637
3217	36638
3221	36639
3223	36640
3225	36641
3229	36642
3234	36643
3250	36644
3261	36645
3262	36646
3276	36647
3278	36648
3292	36649
3302	36650
3311	36651
3312	36652
3323	36653
3335	36654
3338	36655
3343	36656
3353	36657
3354	36658
3356	36659
3380	36660
3382	36661
3416	36662
3424	36663
3433	36664
3436	36665
3444	36666
3448	36667
3488	36668
3497	36669
3499	36670
3540	36671
3544	36672
3580	36673
3611	36674
3644	36675
3648	36676
3659	36677
3669	36678
3677	36679
3678	36680
3683	36681
3720	36682
3730	36683
3754	36684
3783	36685
3786	36686
3803	36687
3821	36688
3826	36689
3827	36690
3841	36691
3877	36692
3878	36693
3889	36694
3897	36695
3949	36696
3950	36697
3963	36698
3964	36699
3977	36700
3989	36701
4002	36702
4033	36703
4038	36704
4041	36705
4052	36706
4057	36707
4066	36708
4072	36709
4095	36710
4108	36711
4111	36712
4115	36713
4129	36714
4137	36715
4140	36716
4151	36717
4160	36718
4167	36719
4178	36720
4182	36721
4186	36722
4197	36723
4199	36724
4203	36725
4212	36726
4226	36727
4248	36728
4255	36729
4284	36730
4305	36731
4308	36732
4326	36733
4331	36734
4340	36735
4352	36736
4355	36737
4356	36738
4357	36739
4379	36740
4392	36741
4401	36742
4430	36743
4454	36744
4458	36745
4467	36746
4502	36747
4508	36748
4511	36749
4519	36750
4537	36751
4550	36752
4553	36753
4554	36754
4565	36755
4580	36756
4582	36757
4583	36758
4596	36759
4630	36760
4635	36761
4648	36762
4657	36763
4661	36764
4662	36765
4671	36766
4681	36767
4687	36768
4716	36769
4724	36770
4725	36771
4740	36772
4743	36773
4745	36774
4752	36775
4759	36776
4765	36777
4785	36778
4811	36779
4840	36780
4847	36781
4856	36782
4864	36783
4866	36784
4890	36785
4908	36786
4916	36787
4918	36788
4934	36789
4944	36790
4945	36791
4958	36792
4968	36793
4997	36794
5001	36795
5002	36796
5018	36797
5047	36798
5064	36799
5078	36800
5079	36801
5082	36802
5100	36803
5102	36804
5107	36805
5111	36806
5114	36807
5129	36808
5145	36809
5164	36810
5193	36811
5215	36812
5222	36813
5243	36814
5269	36815
5271	36816
5273	36817
5276	36818
5289	36819
5290	36820
5301	36821
5309	36822
5313	36823
5315	36824
5320	36825
5328	36826
5330	36827
5343	36828
5350	36829
5352	36830
5358	36831
5363	36832
5367	36833
5382	36834
5383	36835
5388	36836
5401	36837
5424	36838
5429	36839
5498	36840
5506	36841
5525	36842
5546	36843
5550	36844
5571	36845
5574	36846
5586	36847
5596	36848
5606	36849
5630	36850
5646	36851
5654	36852
5655	36853
5664	36854
5673	36855
5674	36856
5698	36857
5721	36858
5729	36859
5730	36860
5741	36861
5762	36862
5778	36863
5781	36864
5782	36865
5827	36866
5834	36867
5841	36868
5857	36869
5873	36870
5878	36871
5880	36872
5886	36873
5899	36874
5915	36875
5916	36876
5917	36877
5929	36878
5936	36879
5955	36880
5959	36881
5966	36882
5969	36883
5970	36884
5971	36885
5994	36886
5997	36887
6000	36888
6021	36889
6026	36890
6028	36891
6032	36892
6038	36893
6044	36894
6060	36895
6061	36896
6065	36897
6069	36898
6075	36899
6078	36900
6098	36901
6101	36902
6113	36903
6120	36904
6147	36905
6156	36906
6165	36907
6169	36908
6174	36909
6191	36910
6223	36911
6231	36912
6232	36913
6234	36914
6239	36915
6251	36916
6262	36917
6265	36918
6286	36919
6287	36920
6291	36921
6299	36922
6304	36923
6322	36924
6332	36925
6343	36926
6349	36927
6374	36928
6375	36929
6379	36930
6384	36931
6387	36932
6403	36933
6406	36934
6415	36935
6416	36936
6427	36937
6431	36938
6436	36939
6451	36940
6487	36941
6503	36942
6527	36943
6535	36944
6536	36945
6541	36946
6544	36947
6558	36948
6583	36949
6586	36950
6600	36951
6601	36952
6607	36953
6630	36954
6634	36955
6636	36956
6637	36957
6654	36958
6668	36959
6683	36960
6684	36961
6706	36962
6714	36963
6718	36964
6739	36965
6746	36966
6749	36967
6771	36968
6777	36969
6786	36970
6788	36971
6791	36972
6802	36973
6808	36974
6814	36975
6815	36976
6822	36977
6823	36978
6830	36979
6833	36980
6857	36981
6861	36982
6873	36983
6893	36984
6904	36985
6923	36986
6928	36987
6931	36988
6932	36989
6957	36990
6961	36991
6963	36992
6967	36993
6979	36994
6980	36995
6982	36996
6991	36997
6995	36998
7007	36999
7008	37000
7017	37001
7045	37002
7059	37003
7073	37004
7078	37005
7099	37006
7102	37007
7131	37008
7135	37009
7137	37010
7151	37011
7167	37012
7190	37013
7196	37014
7208	37015
7216	37016
7220	37017
7228	37018
7253	37019
7256	37020
7260	37021
7261	37022
7278	37023
7280	37024
7293	37025
7300	37026
7306	37027
7320	37028
7323	37029
7332	37030
7333	37031
7344	37032
7362	37033
7381	37034
7389	37035
7395	37036
7403	37037
7404	37038
7409	37039
7420	37040
7426	37041
7439	37042
7444	37043
7447	37044
7449	37045
7455	37046
7471	37047
7472	37048
7478	37049
7479	37050
7492	37051
7499	37052
7510	37053
7522	37054
7529	37055
7532	37056
7536	37057
7549	37058
7555	37059
7556	37060
7568	37061
7591	37062
7608	37063
7619	37064
7625	37065
7626	37066
7630	37067
7645	37068
7653	37069
7656	37070
7668	37071
7672	37072
7685	37073
7703	37074
7707	37075
7709	37076
7711	37077
7731	37078
7740	37079
7784	37080
7797	37081
7825	37082
7828	37083
7856	37084
7871	37085
7903	37086
7904	37087
7905	37088
7907	37089
7915	37090
7918	37091
7919	37092
7920	37093
7923	37094
7927	37095
7935	37096
7941	37097
7955	37098
7968	37099
7981	37100
7982	37101
7988	37102
7997	37103
8000	37104
8013	37105
8019	37106
8024	37107
8029	37108
8031	37109
8056	37110
8061	37111
8064	37112
8072	37113
8079	37114
8086	37115
8098	37116
8109	37117
8120	37118
8126	37119
8130	37120
8134	37121
8140	37122
8153	37123
8154	37124
8161	37125
8175	37126
8177	37127
8194	37128
8197	37129
8201	37130
8210	37131
8214	37132
8224	37133
8228	37134
8229	37135
8241	37136
8246	37137
8274	37138
8288	37139
8297	37140
8305	37141
8313	37142
8356	37143
8357	37144
8358	37145
8373	37146
8378	37147
8381	37148
8387	37149
8392	37150
8402	37151
8424	37152
8447	37153
8451	37154
8453	37155
8477	37156
8482	37157
8515	37158
8543	37159
8558	37160
8560	37161
8578	37162
8582	37163
8584	37164
8589	37165
8590	37166
8593	37167
8606	37168
8607	37169
8613	37170
8636	37171
8638	37172
8640	37173
8646	37174
8647	37175
8653	37176
8655	37177
8656	37178
8661	37179
8689	37180
8712	37181
8729	37182
8735	37183
8738	37184
8759	37185
8760	37186
8766	37187
8787	37188
8793	37189
8804	37190
8816	37191
8818	37192
8820	37193
8826	37194
8830	37195
8834	37196
8842	37197
8849	37198
8857	37199
8858	37200
8871	37201
8879	37202
8880	37203
8925	37204
8929	37205
8933	37206
8947	37207
8948	37208
8976	37209
8982	37210
8985	37211
8992	37212
9023	37213
9030	37214
9032	37215
9065	37216
9093	37217
9097	37218
9100	37219
9104	37220
9106	37221
9110	37222
9140	37223
9146	37224
9157	37225
9166	37226
9178	37227
9184	37228
9197	37229
9206	37230
9208	37231
9217	37232
9241	37233
9255	37234
9258	37235
9262	37236
9264	37237
9315	37238
9322	37239
9338	37240
9344	37241
9354	37242
9360	37243
9363	37244
9367	37245
9385	37246
9390	37247
9398	37248
9416	37249
9423	37250
9438	37251
9469	37252
9477	37253
9478	37254
9511	37255
9542	37256
9559	37257
9599	37258
9606	37259
9621	37260
9632	37261
9633	37262
9652	37263
9656	37264
9675	37265
9682	37266
9683	37267
9684	37268
9700	37269
9713	37270
9716	37271
9719	37272
9741	37273
9743	37274
9744	37275
9749	37276
9752	37277
9762	37278
9763	37279
9782	37280
9785	37281
9787	37282
9789	37283
9807	37284
9817	37285
9828	37286
9830	37287
9832	37288
9834	37289
9836	37290
9846	37291
9865	37292
9876	37293
9884	37294
9888	37295
9895	37296
9900	37297
9902	37298
9912	37299
9917	37300
9918	37301
9924	37302
9925	37303
9933	37304
9934	37305
9957	37306
9963	37307
9976	37308
9979	37309
9990	37310
9992	37311
9993	37312
9995	37313
9999	37314
10001	37315
10010	37316
10019	37317
10021	37318
10031	37319
10032	37320
10042	37321
10044	37322
10046	37323
10050	37324
10055	37325
10064	37326
10069	37327
10083	37328
10085	37329
10100	37330
10114	37331
10120	37332
10121	37333
10137	37334
10145	37335
10153	37336
10159	37337
10163	37338
10175	37339
10200	37340
10202	37341
10207	37342
10219	37343
10223	37344
10227	37345
10232	37346
10233	37347
10237	37348
10242	37349
10243	37350
10258	37351
10267	37352
10268	37353
10273	37354
10295	37355
10302	37356
10310	37357
10312	37358
10315	37359
10329	37360
10330	37361
10331	37362
10341	37363
10343	37364
10348	37365
10351	37366
10357	37367
10368	37368
10369	37369
10370	37370
10373	37371
10377	37372
10396	37373
10408	37374
10413	37375
10425	37376
10427	37377
10430	37378
10439	37379
10443	37380
10444	37381
10446	37382
10455	37383
10461	37384
10468	37385
10477	37386
10483	37387
10492	37388
10495	37389
10496	37390
10498	37391
10504	37392
10505	37393
10506	37394
10513	37395
10514	37396
10527	37397
10528	37398
10529	37399
10531	37400
10548	37401
10566	37402
10572	37403
10577	37404
10588	37405
10590	37406
10604	37407
10647	37408
10657	37409
10663	37410
10666	37411
10669	37412
10684	37413
10686	37414
10687	37415
10690	37416
10692	37417
10694	37418
10708	37419
10710	37420
10716	37421
10717	37422
10721	37423
10722	37424
10723	37425
10726	37426
10729	37427
10738	37428
10739	37429
10740	37430
10741	37431
10746	37432
10759	37433
10767	37434
10770	37435
10771	37436
10775	37437
10777	37438
10781	37439
10782	37440
10791	37441
10799	37442
10813	37443
10814	37444
10815	37445
10819	37446
10821	37447
10825	37448
10829	37449
10830	37450
10838	37451
10847	37452
10852	37453
10864	37454
10920	37455
10925	37456
10937	37457
10938	37458
10941	37459
10943	37460
10948	37461
10951	37462
10964	37463
10973	37464
10979	37465
10983	37466
10986	37467
10997	37468
11013	37469
11017	37470
11019	37471
11023	37472
11029	37473
11034	37474
11048	37475
11049	37476
11053	37477
11064	37478
11068	37479
11074	37480
11082	37481
11083	37482
11128	37483
11132	37484
11136	37485
11139	37486
11155	37487
11156	37488
11159	37489
11160	37490
11167	37491
11200	37492
11201	37493
11211	37494
11212	37495
11225	37496
11233	37497
11240	37498
11241	37499
11246	37500
11263	37501
11273	37502
11284	37503
11286	37504
11290	37505
11291	37506
11294	37507
11300	37508
11303	37509
11306	37510
11320	37511
11327	37512
11330	37513
11334	37514
11336	37515
11355	37516
11358	37517
11363	37518
11386	37519
11390	37520
11391	37521
11393	37522
11404	37523
11413	37524
11424	37525
11428	37526
11430	37527
11433	37528
11441	37529
11444	37530
11446	37531
11454	37532
11464	37533
11467	37534
11472	37535
11474	37536
11485	37537
11488	37538
11492	37539
11498	37540
11499	37541
11506	37542
11510	37543
11511	37544
11512	37545
11513	37546
11516	37547
11526	37548
11531	37549
11546	37550
11549	37551
11560	37552
11567	37553
11574	37554
11576	37555
11581	37556
11586	37557
11587	37558
11589	37559
11600	37560
11605	37561
11627	37562
11631	37563
11634	37564
11636	37565
11638	37566
11654	37567
11657	37568
11660	37569
11671	37570
11695	37571
11706	37572
11709	37573
11712	37574
11715	37575
11725	37576
11731	37577
11737	37578
11739	37579
11744	37580
11749	37581
11750	37582
11778	37583
11783	37584
11788	37585
11805	37586
11824	37587
11826	37588
11833	37589
11834	37590
11835	37591
11839	37592
11847	37593
11854	37594
11860	37595
11879	37596
11880	37597
11888	37598
11895	37599
11906	37600
11909	37601
11910	37602
11912	37603
11916	37604
11920	37605
11931	37606
11936	37607
11952	37608
11963	37609
11965	37610
11968	37611
11974	37612
11980	37613
11986	37614
11994	37615
11998	37616
12008	37617
12009	37618
12010	37619
12012	37620
12016	37621
12035	37622
12042	37623
12044	37624
12049	37625
12060	37626
12064	37627
12068	37628
12069	37629
12080	37630
12099	37631
12112	37632
12115	37633
12118	37634
12127	37635
12141	37636
12161	37637
12163	37638
12166	37639
12180	37640
12193	37641
12197	37642
12204	37643
12212	37644
12221	37645
12227	37646
12229	37647
12231	37648
12240	37649
12241	37650
12242	37651
12244	37652
12259	37653
12260	37654
12281	37655
12287	37656
12293	37657
12313	37658
12326	37659
12327	37660
12333	37661
12338	37662
12342	37663
12344	37664
12346	37665
12352	37666
12357	37667
12359	37668
12366	37669
12374	37670
12385	37671
12396	37672
12401	37673
12405	37674
12406	37675
12414	37676
12429	37677
12447	37678
12451	37679
12466	37680
12469	37681
12471	37682
12473	37683
12475	37684
12479	37685
12480	37686
12483	37687
12492	37688
12510	37689
12520	37690
12521	37691
12522	37692
12527	37693
12541	37694
12545	37695
12547	37696
12549	37697
12564	37698
12572	37699
12578	37700
12579	37701
12581	37702
12584	37703
12599	37704
12600	37705
12610	37706
12613	37707
12614	37708
12637	37709
12638	37710
12649	37711
12654	37712
12656	37713
12666	37714
12671	37715
12673	37716
12683	37717
12692	37718
12698	37719
12703	37720
12707	37721
12710	37722
12716	37723
12721	37724
12746	37725
12747	37726
12749	37727
12752	37728
12764	37729
12765	37730
12768	37731
12770	37732
12771	37733
12772	37734
12784	37735
12785	37736
12800	37737
12803	37738
12805	37739
12806	37740
12811	37741
12816	37742
12819	37743
12832	37744
12834	37745
12842	37746
12859	37747
12865	37748
12893	37749
12900	37750
12902	37751
12906	37752
12908	37753
12909	37754
12923	37755
12930	37756
12937	37757
12944	37758
12961	37759
12962	37760
12974	37761
12977	37762
12990	37763
12993	37764
12998	37765
12999	37766
13000	37767
13008	37768
13017	37769
13019	37770
13021	37771
13024	37772
13037	37773
13040	37774
13045	37775
13050	37776
13051	37777
13064	37778
13078	37779
13081	37780
13082	37781
13093	37782
13104	37783
13116	37784
13131	37785
13149	37786
13150	37787
13162	37788
13164	37789
13174	37790
13192	37791
13194	37792
13202	37793
13203	37794
13205	37795
13215	37796
13218	37797
13222	37798
13224	37799
13232	37800
13255	37801
13268	37802
13279	37803
13283	37804
13288	37805
13294	37806
13296	37807
13323	37808
13330	37809
13331	37810
13348	37811
13354	37812
13372	37813
13378	37814
13389	37815
13398	37816
13401	37817
13405	37818
13409	37819
13414	37820
13429	37821
13434	37822
13438	37823
13441	37824
13453	37825
13457	37826
13458	37827
13460	37828
13474	37829
13476	37830
13483	37831
13485	37832
13490	37833
13492	37834
13503	37835
13504	37836
13509	37837
13520	37838
13537	37839
13543	37840
13549	37841
13551	37842
13564	37843
13569	37844
13571	37845
13574	37846
13611	37847
13613	37848
13623	37849
13624	37850
13635	37851
13636	37852
13637	37853
13643	37854
13645	37855
13652	37856
13659	37857
13660	37858
13673	37859
13686	37860
13688	37861
13690	37862
13697	37863
13715	37864
13727	37865
13728	37866
13732	37867
13735	37868
13765	37869
13768	37870
13774	37871
13775	37872
13780	37873
13785	37874
13789	37875
13795	37876
13797	37877
13799	37878
13805	37879
13812	37880
13818	37881
13823	37882
13829	37883
13831	37884
13838	37885
13853	37886
13860	37887
13863	37888
13874	37889
13885	37890
13889	37891
13891	37892
13892	37893
13894	37894
13901	37895
13902	37896
13904	37897
13917	37898
13924	37899
13926	37900
13932	37901
13938	37902
13955	37903
13956	37904
13979	37905
13986	37906
13993	37907
13996	37908
14014	37909
14016	37910
14020	37911
14021	37912
14027	37913
14030	37914
14036	37915
14037	37916
14047	37917
14051	37918
14052	37919
14057	37920
14070	37921
14072	37922
14074	37923
14080	37924
14099	37925
14104	37926
14106	37927
14116	37928
14120	37929
14129	37930
14150	37931
14166	37932
14178	37933
14181	37934
14185	37935
14197	37936
14200	37937
14215	37938
14221	37939
14225	37940
14237	37941
14238	37942
14246	37943
14247	37944
14256	37945
14286	37946
14289	37947
14300	37948
14304	37949
14332	37950
14350	37951
14351	37952
14354	37953
14359	37954
14362	37955
14366	37956
14377	37957
14385	37958
14388	37959
14392	37960
14394	37961
14407	37962
14416	37963
14421	37964
14433	37965
14435	37966
14437	37967
14442	37968
14444	37969
14451	37970
14466	37971
14478	37972
14480	37973
14487	37974
14495	37975
14501	37976
14506	37977
14522	37978
14532	37979
14538	37980
14540	37981
14544	37982
14546	37983
14548	37984
14550	37985
14552	37986
14563	37987
14570	37988
14575	37989
14576	37990
14586	37991
14587	37992
14604	37993
14615	37994
14623	37995
14628	37996
14635	37997
14643	37998
14646	37999
14652	38000
14659	38001
14663	38002
14672	38003
14689	38004
14690	38005
14697	38006
14704	38007
14714	38008
14715	38009
14719	38010
14731	38011
14734	38012
14738	38013
14747	38014
14761	38015
14763	38016
14766	38017
14767	38018
14781	38019
14783	38020
14784	38021
14785	38022
14788	38023
14792	38024
14825	38025
14829	38026
14837	38027
14840	38028
14853	38029
14857	38030
14863	38031
14869	38032
14872	38033
14873	38034
14877	38035
14881	38036
14888	38037
14902	38038
14908	38039
14913	38040
14938	38041
14940	38042
14948	38043
14953	38044
14956	38045
14960	38046
14984	38047
14988	38048
15003	38049
15010	38050
15016	38051
15020	38052
15023	38053
15025	38054
15026	38055
15039	38056
15046	38057
15053	38058
15057	38059
15061	38060
15073	38061
15075	38062
15076	38063
15084	38064
15088	38065
15089	38066
15092	38067
15095	38068
15106	38069
15110	38070
15112	38071
15117	38072
15121	38073
15139	38074
15151	38075
15152	38076
15153	38077
15157	38078
15161	38079
15174	38080
15180	38081
15186	38082
15200	38083
15220	38084
15221	38085
15232	38086
15234	38087
15248	38088
15262	38089
15270	38090
15275	38091
15286	38092
15299	38093
15308	38094
15310	38095
15311	38096
15322	38097
15323	38098
15329	38099
15330	38100
15332	38101
15336	38102
15340	38103
15356	38104
15360	38105
15361	38106
15363	38107
15367	38108
15370	38109
15383	38110
15385	38111
15386	38112
15392	38113
15413	38114
15416	38115
15429	38116
15435	38117
15448	38118
15451	38119
15452	38120
15455	38121
15456	38122
15457	38123
15467	38124
15477	38125
15478	38126
15486	38127
15498	38128
15504	38129
15510	38130
15517	38131
15530	38132
15543	38133
15553	38134
15556	38135
15561	38136
15566	38137
15569	38138
15570	38139
15573	38140
15576	38141
15583	38142
15589	38143
15593	38144
15597	38145
15600	38146
15602	38147
15604	38148
15606	38149
15619	38150
15629	38151
15643	38152
15647	38153
15651	38154
15655	38155
15667	38156
15674	38157
15680	38158
15685	38159
15687	38160
15691	38161
15692	38162
15696	38163
15699	38164
15706	38165
15748	38166
15751	38167
15761	38168
15765	38169
15766	38170
15773	38171
15776	38172
15785	38173
15807	38174
15810	38175
15812	38176
15815	38177
15821	38178
15823	38179
15829	38180
15832	38181
15833	38182
15834	38183
15837	38184
15846	38185
15857	38186
15864	38187
15872	38188
15910	38189
15938	38190
15953	38191
15956	38192
15960	38193
15963	38194
15966	38195
15975	38196
15985	38197
15991	38198
16004	38199
16006	38200
16007	38201
16009	38202
16012	38203
16013	38204
16015	38205
16024	38206
16046	38207
16054	38208
16068	38209
16087	38210
16091	38211
16099	38212
16107	38213
16111	38214
16119	38215
16135	38216
16151	38217
16159	38218
16161	38219
16164	38220
16165	38221
16175	38222
16189	38223
16190	38224
16192	38225
16199	38226
16212	38227
16215	38228
16228	38229
16229	38230
16238	38231
16243	38232
16244	38233
16264	38234
16269	38235
16271	38236
16275	38237
16283	38238
16286	38239
16290	38240
16292	38241
16296	38242
16325	38243
16334	38244
16336	38245
16341	38246
16345	38247
16354	38248
16356	38249
16358	38250
16382	38251
16398	38252
16403	38253
16407	38254
16409	38255
16428	38256
16440	38257
16441	38258
16444	38259
16457	38260
16459	38261
16467	38262
16475	38263
16481	38264
16494	38265
16495	38266
16497	38267
16501	38268
16512	38269
16513	38270
16522	38271
16524	38272
16530	38273
16538	38274
16541	38275
16555	38276
16556	38277
16557	38278
16570	38279
16572	38280
16576	38281
16591	38282
16595	38283
16596	38284
16599	38285
16600	38286
16601	38287
16603	38288
16611	38289
16614	38290
16643	38291
16652	38292
16656	38293
16659	38294
16663	38295
16667	38296
16668	38297
16671	38298
16674	38299
16689	38300
16691	38301
16708	38302
16710	38303
16712	38304
16716	38305
16732	38306
16749	38307
16752	38308
16754	38309
16755	38310
16758	38311
16775	38312
16777	38313
16780	38314
16787	38315
16790	38316
16801	38317
16805	38318
16810	38319
16812	38320
16821	38321
16826	38322
16833	38323
16848	38324
16852	38325
16853	38326
16854	38327
16855	38328
16860	38329
16864	38330
16869	38331
16873	38332
16883	38333
16891	38334
16903	38335
16911	38336
16922	38337
16924	38338
16931	38339
16932	38340
16934	38341
16938	38342
16946	38343
16953	38344
16962	38345
16964	38346
16967	38347
16974	38348
16975	38349
16976	38350
16981	38351
16987	38352
16993	38353
17004	38354
17008	38355
17018	38356
17019	38357
17020	38358
17022	38359
17025	38360
17054	38361
17068	38362
17072	38363
17074	38364
17077	38365
17079	38366
17082	38367
17088	38368
17109	38369
17110	38370
17127	38371
17146	38372
17149	38373
17153	38374
17154	38375
17159	38376
17166	38377
17170	38378
17171	38379
17187	38380
17189	38381
17190	38382
17200	38383
17203	38384
17210	38385
17216	38386
17220	38387
17230	38388
17231	38389
17238	38390
17239	38391
17240	38392
17241	38393
17243	38394
17264	38395
17274	38396
17277	38397
17280	38398
17290	38399
17317	38400
17318	38401
17321	38402
17343	38403
17345	38404
17351	38405
17353	38406
17360	38407
17384	38408
17391	38409
17408	38410
17409	38411
17412	38412
17420	38413
17429	38414
17433	38415
17436	38416
17445	38417
17451	38418
17457	38419
17487	38420
17498	38421
17499	38422
17517	38423
17524	38424
17526	38425
17529	38426
17536	38427
17561	38428
17570	38429
17583	38430
17588	38431
17597	38432
17598	38433
17601	38434
17602	38435
17604	38436
17618	38437
17619	38438
17623	38439
17629	38440
17631	38441
17634	38442
17640	38443
17643	38444
17645	38445
17651	38446
17652	38447
17656	38448
17659	38449
17671	38450
17678	38451
17691	38452
17694	38453
17708	38454
17715	38455
17721	38456
17728	38457
17729	38458
17732	38459
17733	38460
17746	38461
17750	38462
17751	38463
17758	38464
17764	38465
17771	38466
17775	38467
17794	38468
17806	38469
17813	38470
17815	38471
17820	38472
17830	38473
17832	38474
17837	38475
17846	38476
17853	38477
17865	38478
17869	38479
17872	38480
17874	38481
17899	38482
17900	38483
17901	38484
17903	38485
17907	38486
17935	38487
17943	38488
17945	38489
17951	38490
17958	38491
17961	38492
17966	38493
17968	38494
17973	38495
17974	38496
17986	38497
17996	38498
18005	38499
18010	38500
18023	38501
18027	38502
18029	38503
18030	38504
18041	38505
18044	38506
18045	38507
18062	38508
18066	38509
18074	38510
18076	38511
18089	38512
18090	38513
18098	38514
18143	38515
18157	38516
18159	38517
18161	38518
18166	38519
18170	38520
18181	38521
18182	38522
18186	38523
18197	38524
18201	38525
18214	38526
18222	38527
18227	38528
18229	38529
18233	38530
18240	38531
18251	38532
18257	38533
18261	38534
18267	38535
18268	38536
18276	38537
18281	38538
18282	38539
18286	38540
18288	38541
18300	38542
18316	38543
18318	38544
18323	38545
18336	38546
18346	38547
18350	38548
18362	38549
18366	38550
18367	38551
18377	38552
18387	38553
18391	38554
18403	38555
18422	38556
18423	38557
18440	38558
18451	38559
18453	38560
18455	38561
18465	38562
18468	38563
18469	38564
18473	38565
18478	38566
18481	38567
18485	38568
18498	38569
18502	38570
18511	38571
18532	38572
18551	38573
18553	38574
18563	38575
18567	38576
18592	38577
18596	38578
18606	38579
18607	38580
18610	38581
18612	38582
18627	38583
18628	38584
18630	38585
18634	38586
18642	38587
18666	38588
18667	38589
18668	38590
18669	38591
18671	38592
18676	38593
18677	38594
18692	38595
18697	38596
18701	38597
18703	38598
18705	38599
18712	38600
18723	38601
18738	38602
18739	38603
18747	38604
18748	38605
18750	38606
18754	38607
18767	38608
18780	38609
18797	38610
18801	38611
18806	38612
18811	38613
18822	38614
18829	38615
18833	38616
18848	38617
18865	38618
18867	38619
18870	38620
18872	38621
18879	38622
18882	38623
18884	38624
18896	38625
18898	38626
18921	38627
18923	38628
18926	38629
18929	38630
18931	38631
18933	38632
18935	38633
18942	38634
18951	38635
18955	38636
18956	38637
18967	38638
18970	38639
18987	38640
18991	38641
18994	38642
19009	38643
19015	38644
19032	38645
19034	38646
19057	38647
19066	38648
19074	38649
19076	38650
19090	38651
19094	38652
19099	38653
19102	38654
19106	38655
19108	38656
19112	38657
19113	38658
19117	38659
19118	38660
19132	38661
19136	38662
19138	38663
19150	38664
19154	38665
19155	38666
19157	38667
19160	38668
19167	38669
19168	38670
19170	38671
19178	38672
19188	38673
19198	38674
19201	38675
19205	38676
19209	38677
19225	38678
19228	38679
19258	38680
19261	38681
19264	38682
19273	38683
19282	38684
19297	38685
19304	38686
19305	38687
19317	38688
19318	38689
19321	38690
19344	38691
19347	38692
19356	38693
19362	38694
19367	38695
19380	38696
19392	38697
19395	38698
19396	38699
19398	38700
19409	38701
19418	38702
19419	38703
19422	38704
19427	38705
19428	38706
19432	38707
19433	38708
19439	38709
19446	38710
19450	38711
19451	38712
19458	38713
19466	38714
19484	38715
19497	38716
19498	38717
19511	38718
19514	38719
19519	38720
19541	38721
19549	38722
19554	38723
19558	38724
19566	38725
19580	38726
19585	38727
19598	38728
19602	38729
19609	38730
19610	38731
19613	38732
19617	38733
19626	38734
19639	38735
19642	38736
19647	38737
19650	38738
19667	38739
19680	38740
19683	38741
19693	38742
19694	38743
19708	38744
19713	38745
19715	38746
19737	38747
19746	38748
19752	38749
19762	38750
19765	38751
19768	38752
20015	38753
20301	38754
20383	38755
20448	38756
20508	38757
20915	38758
21358	38759
21593	38760
21760	38761
21917	38762
22302	38763
22303	38764
22312	38765
22330	38766
22332	38767
22333	38768
22334	38769
22336	38770
22340	38771
22342	38772
22348	38773
22350	38774
22360	38775
22366	38776
22381	38777
22383	38778
22387	38779
22390	38780
22396	38781
22409	38782
22417	38783
22422	38784
22424	38785
22425	38786
22432	38787
22442	38788
22450	38789
22457	38790
22460	38791
22463	38792
22477	38793
22482	38794
22489	38795
22491	38796
22495	38797
22511	38798
22516	38799
22518	38800
22521	38801
22527	38802
22530	38803
22535	38804
22536	38805
22540	38806
22547	38807
22553	38808
22565	38809
22566	38810
