12	35935
55	35936
64	35937
68	35938
78	35939
82	35940
83	35941
101	35942
107	35943
110	35944
125	35945
148	35946
221	35947
322	35948
442	35949
483	35950
533	35951
534	35952
538	35953
571	35954
578	35955
580	35956
584	35957
587	35958
588	35959
594	35960
599	35961
608	35962
636	35963
649	35964
651	35965
652	35966
684	35967
699	35968
704	35969
715	35970
725	35971
732	35972
733	35973
735	35974
738	35975
743	35976
750	35977
766	35978
806	35979
808	35980
836	35981
851	35982
854	35983
870	35984
872	35985
876	35986
885	35987
895	35988
896	35989
912	35990
928	35991
941	35992
961	35993
987	35994
988	35995
998	35996
1011	35997
1018	35998
1023	35999
1028	36000
1039	36001
1040	36002
1047	36003
1050	36004
1056	36005
1061	36006
1064	36007
1066	36008
1068	36009
1070	36010
1077	36011
1080	36012
1084	36013
1087	36014
1109	36015
1147	36016
1149	36017
1163	36018
1167	36019
1178	36020
1186	36021
1195	36022
1197	36023
1222	36024
1232	36025
1235	36026
1238	36027
1255	36028
1265	36029
1277	36030
1278	36031
1298	36032
1311	36033
1319	36034
1323	36035
1330	36036
1342	36037
1344	36038
1391	36039
1399	36040
1405	36041
1458	36042
1469	36043
1474	36044
1489	36045
1503	36046
1508	36047
1531	36048
1555	36049
1557	36050
1564	36051
1565	36052
1568	36053
1571	36054
1594	36055
1630	36056
1643	36057
1676	36058
1684	36059
1709	36060
1746	36061
1758	36062
1761	36063
1767	36064
1798	36065
1802	36066
1811	36067
1828	36068
1831	36069
1834	36070
1838	36071
1846	36072
1867	36073
1871	36074
1872	36075
1887	36076
1903	36077
1911	36078
1914	36079
1917	36080
1918	36081
1924	36082
1928	36083
1932	36084
1949	36085
1952	36086
1963	36087
1978	36088
2009	36089
2026	36090
2097	36091
2184	36092
2191	36093
2257	36094
2266	36095
2338	36096
2350	36097
2410	36098
2451	36099
2491	36100
2526	36101
2736	36102
2744	36103
2746	36104
2777	36105
2778	36106
2796	36107
2844	36108
2909	36109
2929	36110
2990	36111
3017	36112
3040	36113
3127	36114
3158	36115
3171	36116
3181	36117
3186	36118
3204	36119
3217	36120
3221	36121
3223	36122
3225	36123
3229	36124
3250	36125
3278	36126
3292	36127
3302	36128
3311	36129
3312	36130
3335	36131
3343	36132
3353	36133
3356	36134
3382	36135
3416	36136
3444	36137
3448	36138
3488	36139
3497	36140
3499	36141
3540	36142
3544	36143
3611	36144
3644	36145
3648	36146
3659	36147
3669	36148
3683	36149
3730	36150
3754	36151
3783	36152
3786	36153
3821	36154
3826	36155
3878	36156
3889	36157
3897	36158
3949	36159
3950	36160
3977	36161
4033	36162
4041	36163
4052	36164
4057	36165
4066	36166
4072	36167
4095	36168
4108	36169
4111	36170
4115	36171
4129	36172
4137	36173
4151	36174
4160	36175
4167	36176
4182	36177
4186	36178
4197	36179
4199	36180
4203	36181
4212	36182
4248	36183
4255	36184
4284	36185
4305	36186
4326	36187
4331	36188
4340	36189
4352	36190
4356	36191
4357	36192
4379	36193
4392	36194
4401	36195
4430	36196
4454	36197
4458	36198
4467	36199
4502	36200
4508	36201
4519	36202
4553	36203
4554	36204
4580	36205
4582	36206
4596	36207
4630	36208
4657	36209
4671	36210
4687	36211
4716	36212
4745	36213
4752	36214
4765	36215
4785	36216
4811	36217
4840	36218
4864	36219
4866	36220
4908	36221
4916	36222
4945	36223
4958	36224
4968	36225
4997	36226
5002	36227
5018	36228
5047	36229
5078	36230
5082	36231
5100	36232
5111	36233
5114	36234
5129	36235
5145	36236
5164	36237
5215	36238
5222	36239
5271	36240
5273	36241
5290	36242
5309	36243
5320	36244
5328	36245
5343	36246
5350	36247
5352	36248
5358	36249
5367	36250
5382	36251
5383	36252
5388	36253
5401	36254
5506	36255
5525	36256
5546	36257
5550	36258
5586	36259
5596	36260
5606	36261
5654	36262
5655	36263
5673	36264
5674	36265
5721	36266
5729	36267
5730	36268
5741	36269
5762	36270
5778	36271
5781	36272
5782	36273
5841	36274
5857	36275
5873	36276
5878	36277
5886	36278
5916	36279
5917	36280
5929	36281
5936	36282
5959	36283
5970	36284
5971	36285
5994	36286
5997	36287
6026	36288
6028	36289
6038	36290
6044	36291
6060	36292
6061	36293
6069	36294
6098	36295
6101	36296
6113	36297
6120	36298
6147	36299
6156	36300
6165	36301
6169	36302
6174	36303
6191	36304
6223	36305
6234	36306
6239	36307
6251	36308
6265	36309
6286	36310
6287	36311
6291	36312
6299	36313
6304	36314
6322	36315
6332	36316
6349	36317
6374	36318
6379	36319
6387	36320
6403	36321
6406	36322
6416	36323
6427	36324
6451	36325
6527	36326
6535	36327
6536	36328
6541	36329
6544	36330
6558	36331
6583	36332
6600	36333
6607	36334
6630	36335
6634	36336
6636	36337
6654	36338
6668	36339
6683	36340
6684	36341
6714	36342
6718	36343
6739	36344
6749	36345
6777	36346
6786	36347
6788	36348
6791	36349
6802	36350
6814	36351
6815	36352
6822	36353
6857	36354
6873	36355
6893	36356
6928	36357
6932	36358
6961	36359
6963	36360
6967	36361
6980	36362
6982	36363
6991	36364
6995	36365
7007	36366
7008	36367
7045	36368
7099	36369
7102	36370
7137	36371
7151	36372
7167	36373
7220	36374
7228	36375
7256	36376
7260	36377
7261	36378
7280	36379
7293	36380
7300	36381
7306	36382
7332	36383
7344	36384
7362	36385
7381	36386
7395	36387
7404	36388
7420	36389
7426	36390
7439	36391
7444	36392
7447	36393
7449	36394
7471	36395
7479	36396
7492	36397
7499	36398
7522	36399
7529	36400
7532	36401
7536	36402
7549	36403
7555	36404
7556	36405
7568	36406
7591	36407
7625	36408
7630	36409
7656	36410
7668	36411
7709	36412
7711	36413
7731	36414
7740	36415
7797	36416
7828	36417
7856	36418
7871	36419
7903	36420
7904	36421
7915	36422
7918	36423
7920	36424
7927	36425
7935	36426
7941	36427
7968	36428
7988	36429
8000	36430
8013	36431
8019	36432
8024	36433
8029	36434
8031	36435
8056	36436
8061	36437
8064	36438
8109	36439
8120	36440
8140	36441
8153	36442
8154	36443
8161	36444
8197	36445
8201	36446
8214	36447
8224	36448
8228	36449
8241	36450
8274	36451
8288	36452
8313	36453
8356	36454
8357	36455
8358	36456
8373	36457
8387	36458
8392	36459
8402	36460
8424	36461
8451	36462
8453	36463
8515	36464
8558	36465
8560	36466
8582	36467
8584	36468
8589	36469
8593	36470
8606	36471
8607	36472
8636	36473
8638	36474
8646	36475
8653	36476
8655	36477
8656	36478
8661	36479
8712	36480
8729	36481
8735	36482
8738	36483
8760	36484
8766	36485
8787	36486
8804	36487
8816	36488
8818	36489
8820	36490
8826	36491
8830	36492
8834	36493
8842	36494
8849	36495
8857	36496
8871	36497
8879	36498
8925	36499
8929	36500
8933	36501
8947	36502
8948	36503
8976	36504
9030	36505
9032	36506
9065	36507
9097	36508
9100	36509
9106	36510
9146	36511
9157	36512
9166	36513
9206	36514
9208	36515
9217	36516
9255	36517
9315	36518
9338	36519
9344	36520
9354	36521
9360	36522
9367	36523
9385	36524
9398	36525
9423	36526
9469	36527
9477	36528
9478	36529
9511	36530
9542	36531
9559	36532
9599	36533
9606	36534
9621	36535
9632	36536
9652	36537
9675	36538
9682	36539
9683	36540
9684	36541
9713	36542
9716	36543
9719	36544
9743	36545
9744	36546
9749	36547
9752	36548
9763	36549
9782	36550
9785	36551
9787	36552
9789	36553
9807	36554
9828	36555
9834	36556
9846	36557
9865	36558
9884	36559
9900	36560
9917	36561
9918	36562
9924	36563
9933	36564
9934	36565
9957	36566
9963	36567
9990	36568
9993	36569
9995	36570
9999	36571
10001	36572
10010	36573
10019	36574
10021	36575
10031	36576
10042	36577
10044	36578
10055	36579
10069	36580
10114	36581
10120	36582
10121	36583
10137	36584
10145	36585
10153	36586
10159	36587
10163	36588
10207	36589
10223	36590
10227	36591
10232	36592
10233	36593
10237	36594
10242	36595
10243	36596
10258	36597
10267	36598
10273	36599
10295	36600
10302	36601
10310	36602
10329	36603
10330	36604
10331	36605
10341	36606
10343	36607
10351	36608
10357	36609
10368	36610
10369	36611
10370	36612
10373	36613
10377	36614
10396	36615
10408	36616
10413	36617
10427	36618
10430	36619
10439	36620
10443	36621
10444	36622
10446	36623
10455	36624
10461	36625
10468	36626
10477	36627
10483	36628
10492	36629
10496	36630
10498	36631
10504	36632
10513	36633
10528	36634
10531	36635
10566	36636
10572	36637
10577	36638
10588	36639
10590	36640
10604	36641
10647	36642
10657	36643
10663	36644
10666	36645
10669	36646
10686	36647
10687	36648
10690	36649
10692	36650
10708	36651
10710	36652
10721	36653
10723	36654
10726	36655
10729	36656
10738	36657
10741	36658
10746	36659
10759	36660
10767	36661
10770	36662
10771	36663
10777	36664
10799	36665
10813	36666
10819	36667
10825	36668
10830	36669
10838	36670
10847	36671
10864	36672
10937	36673
10938	36674
10941	36675
10951	36676
10964	36677
10973	36678
10979	36679
10983	36680
10997	36681
11017	36682
11019	36683
11034	36684
11048	36685
11049	36686
11053	36687
11064	36688
11083	36689
11128	36690
11132	36691
11136	36692
11139	36693
11155	36694
11160	36695
11167	36696
11200	36697
11201	36698
11240	36699
11241	36700
11263	36701
11286	36702
11290	36703
11291	36704
11294	36705
11300	36706
11327	36707
11334	36708
11358	36709
11363	36710
11386	36711
11390	36712
11391	36713
11393	36714
11404	36715
11413	36716
11424	36717
11428	36718
11430	36719
11441	36720
11444	36721
11446	36722
11454	36723
11467	36724
11472	36725
11474	36726
11498	36727
11499	36728
11510	36729
11513	36730
11526	36731
11567	36732
11574	36733
11581	36734
11586	36735
11587	36736
11605	36737
11627	36738
11631	36739
11634	36740
11636	36741
11638	36742
11654	36743
11657	36744
11695	36745
11706	36746
11709	36747
11712	36748
11725	36749
11731	36750
11737	36751
11739	36752
11744	36753
11750	36754
11778	36755
11783	36756
11788	36757
11805	36758
11824	36759
11826	36760
11834	36761
11839	36762
11847	36763
11854	36764
11860	36765
11888	36766
11906	36767
11909	36768
11912	36769
11931	36770
11952	36771
11974	36772
11980	36773
11994	36774
11998	36775
12010	36776
12012	36777
12016	36778
12035	36779
12042	36780
12044	36781
12049	36782
12064	36783
12069	36784
12112	36785
12115	36786
12118	36787
12141	36788
12163	36789
12166	36790
12204	36791
12212	36792
12221	36793
12229	36794
12231	36795
12240	36796
12242	36797
12244	36798
12259	36799
12260	36800
12293	36801
12313	36802
12326	36803
12333	36804
12338	36805
12346	36806
12357	36807
12359	36808
12366	36809
12374	36810
12401	36811
12406	36812
12414	36813
12429	36814
12447	36815
12451	36816
12466	36817
12469	36818
12473	36819
12475	36820
12480	36821
12483	36822
12510	36823
12520	36824
12521	36825
12522	36826
12527	36827
12547	36828
12564	36829
12578	36830
12581	36831
12584	36832
12599	36833
12610	36834
12614	36835
12637	36836
12638	36837
12656	36838
12666	36839
12671	36840
12683	36841
12698	36842
12710	36843
12721	36844
12746	36845
12747	36846
12749	36847
12752	36848
12764	36849
12770	36850
12772	36851
12784	36852
12785	36853
12805	36854
12806	36855
12811	36856
12816	36857
12819	36858
12832	36859
12834	36860
12842	36861
12859	36862
12865	36863
12893	36864
12902	36865
12909	36866
12923	36867
12937	36868
12944	36869
12961	36870
12962	36871
12990	36872
13000	36873
13008	36874
13017	36875
13019	36876
13021	36877
13024	36878
13037	36879
13045	36880
13050	36881
13051	36882
13064	36883
13081	36884
13082	36885
13093	36886
13104	36887
13116	36888
13150	36889
13162	36890
13164	36891
13174	36892
13192	36893
13202	36894
13203	36895
13215	36896
13218	36897
13222	36898
13224	36899
13232	36900
13268	36901
13279	36902
13283	36903
13288	36904
13294	36905
13296	36906
13330	36907
13331	36908
13348	36909
13354	36910
13378	36911
13401	36912
13405	36913
13414	36914
13429	36915
13438	36916
13441	36917
13453	36918
13457	36919
13458	36920
13460	36921
13474	36922
13490	36923
13492	36924
13504	36925
13509	36926
13520	36927
13537	36928
13543	36929
13549	36930
13551	36931
13569	36932
13571	36933
13611	36934
13623	36935
13624	36936
13635	36937
13637	36938
13652	36939
13660	36940
13673	36941
13688	36942
13690	36943
13697	36944
13715	36945
13727	36946
13732	36947
13735	36948
13765	36949
13768	36950
13774	36951
13775	36952
13780	36953
13785	36954
13789	36955
13797	36956
13805	36957
13812	36958
13823	36959
13829	36960
13831	36961
13838	36962
13853	36963
13860	36964
13863	36965
13874	36966
13885	36967
13889	36968
13891	36969
13892	36970
13901	36971
13902	36972
13904	36973
13924	36974
13938	36975
13956	36976
13979	36977
13986	36978
13996	36979
14014	36980
14016	36981
14027	36982
14030	36983
14036	36984
14037	36985
14052	36986
14074	36987
14080	36988
14104	36989
14116	36990
14120	36991
14129	36992
14150	36993
14178	36994
14181	36995
14185	36996
14197	36997
14215	36998
14221	36999
14225	37000
14246	37001
14247	37002
14256	37003
14286	37004
14289	37005
14300	37006
14350	37007
14351	37008
14359	37009
14362	37010
14366	37011
14377	37012
14388	37013
14392	37014
14394	37015
14416	37016
14421	37017
14433	37018
14435	37019
14437	37020
14442	37021
14466	37022
14487	37023
14501	37024
14506	37025
14522	37026
14538	37027
14540	37028
14544	37029
14546	37030
14548	37031
14550	37032
14552	37033
14563	37034
14570	37035
14604	37036
14615	37037
14635	37038
14643	37039
14646	37040
14659	37041
14663	37042
14689	37043
14690	37044
14697	37045
14719	37046
14731	37047
14734	37048
14747	37049
14761	37050
14763	37051
14767	37052
14781	37053
14783	37054
14788	37055
14829	37056
14837	37057
14840	37058
14853	37059
14857	37060
14863	37061
14869	37062
14873	37063
14877	37064
14881	37065
14902	37066
14908	37067
14913	37068
14940	37069
14948	37070
14960	37071
14984	37072
14988	37073
15010	37074
15026	37075
15039	37076
15046	37077
15053	37078
15057	37079
15061	37080
15073	37081
15088	37082
15089	37083
15095	37084
15106	37085
15110	37086
15112	37087
15117	37088
15151	37089
15152	37090
15153	37091
15157	37092
15161	37093
15186	37094
15200	37095
15220	37096
15221	37097
15232	37098
15234	37099
15248	37100
15275	37101
15299	37102
15310	37103
15329	37104
15330	37105
15340	37106
15360	37107
15361	37108
15363	37109
15367	37110
15370	37111
15383	37112
15385	37113
15386	37114
15392	37115
15416	37116
15429	37117
15435	37118
15451	37119
15455	37120
15456	37121
15457	37122
15467	37123
15486	37124
15498	37125
15504	37126
15517	37127
15553	37128
15561	37129
15569	37130
15570	37131
15573	37132
15576	37133
15583	37134
15600	37135
15602	37136
15643	37137
15651	37138
15655	37139
15667	37140
15680	37141
15685	37142
15687	37143
15691	37144
15692	37145
15696	37146
15699	37147
15706	37148
15751	37149
15761	37150
15765	37151
15766	37152
15776	37153
15785	37154
15807	37155
15810	37156
15812	37157
15829	37158
15832	37159
15837	37160
15846	37161
15857	37162
15864	37163
15872	37164
15910	37165
15938	37166
15953	37167
15956	37168
15960	37169
15975	37170
15991	37171
16004	37172
16006	37173
16007	37174
16009	37175
16012	37176
16015	37177
16024	37178
16046	37179
16054	37180
16091	37181
16099	37182
16111	37183
16119	37184
16151	37185
16159	37186
16161	37187
16165	37188
16175	37189
16189	37190
16190	37191
16192	37192
16199	37193
16212	37194
16215	37195
16229	37196
16238	37197
16269	37198
16271	37199
16286	37200
16290	37201
16292	37202
16325	37203
16336	37204
16354	37205
16356	37206
16358	37207
16382	37208
16398	37209
16403	37210
16407	37211
16457	37212
16467	37213
16475	37214
16481	37215
16494	37216
16495	37217
16497	37218
16501	37219
16513	37220
16522	37221
16530	37222
16538	37223
16541	37224
16555	37225
16556	37226
16557	37227
16570	37228
16595	37229
16596	37230
16599	37231
16600	37232
16603	37233
16614	37234
16643	37235
16652	37236
16656	37237
16659	37238
16663	37239
16667	37240
16668	37241
16671	37242
16732	37243
16752	37244
16754	37245
16775	37246
16780	37247
16801	37248
16805	37249
16810	37250
16812	37251
16821	37252
16833	37253
16848	37254
16852	37255
16853	37256
16854	37257
16855	37258
16873	37259
16891	37260
16911	37261
16931	37262
16932	37263
16934	37264
16946	37265
16953	37266
16962	37267
16964	37268
16967	37269
16974	37270
16975	37271
16987	37272
16993	37273
17004	37274
17008	37275
17022	37276
17054	37277
17072	37278
17074	37279
17077	37280
17110	37281
17127	37282
17146	37283
17149	37284
17153	37285
17159	37286
17170	37287
17171	37288
17189	37289
17190	37290
17200	37291
17203	37292
17210	37293
17216	37294
17220	37295
17231	37296
17240	37297
17241	37298
17280	37299
17317	37300
17318	37301
17343	37302
17345	37303
17391	37304
17408	37305
17409	37306
17429	37307
17445	37308
17451	37309
17457	37310
17487	37311
17498	37312
17499	37313
17524	37314
17526	37315
17529	37316
17570	37317
17583	37318
17597	37319
17601	37320
17602	37321
17604	37322
17618	37323
17619	37324
17629	37325
17631	37326
17634	37327
17640	37328
17651	37329
17656	37330
17671	37331
17708	37332
17715	37333
17721	37334
17728	37335
17729	37336
17732	37337
17750	37338
17758	37339
17794	37340
17806	37341
17813	37342
17815	37343
17830	37344
17832	37345
17846	37346
17865	37347
17869	37348
17872	37349
17874	37350
17899	37351
17900	37352
17901	37353
17907	37354
17943	37355
17951	37356
17966	37357
17968	37358
17973	37359
17974	37360
17986	37361
17996	37362
18010	37363
18023	37364
18027	37365
18030	37366
18041	37367
18044	37368
18062	37369
18066	37370
18074	37371
18076	37372
18090	37373
18098	37374
18157	37375
18159	37376
18170	37377
18181	37378
18182	37379
18186	37380
18197	37381
18201	37382
18214	37383
18222	37384
18227	37385
18229	37386
18251	37387
18257	37388
18261	37389
18268	37390
18276	37391
18281	37392
18282	37393
18286	37394
18288	37395
18316	37396
18323	37397
18336	37398
18346	37399
18350	37400
18366	37401
18367	37402
18377	37403
18387	37404
18403	37405
18423	37406
18440	37407
18451	37408
18453	37409
18455	37410
18465	37411
18468	37412
18478	37413
18481	37414
18485	37415
18498	37416
18502	37417
18511	37418
18551	37419
18553	37420
18563	37421
18596	37422
18606	37423
18607	37424
18610	37425
18627	37426
18628	37427
18630	37428
18667	37429
18669	37430
18671	37431
18676	37432
18697	37433
18703	37434
18712	37435
18723	37436
18747	37437
18748	37438
18780	37439
18806	37440
18822	37441
18833	37442
18865	37443
18867	37444
18870	37445
18872	37446
18879	37447
18882	37448
18884	37449
18898	37450
18921	37451
18926	37452
18931	37453
18933	37454
18935	37455
18951	37456
18955	37457
18967	37458
18970	37459
18994	37460
19009	37461
19032	37462
19034	37463
19057	37464
19074	37465
19076	37466
19090	37467
19094	37468
19102	37469
19106	37470
19108	37471
19112	37472
19113	37473
19117	37474
19132	37475
19136	37476
19138	37477
19150	37478
19154	37479
19160	37480
19167	37481
19168	37482
19170	37483
19178	37484
19188	37485
19198	37486
19201	37487
19228	37488
19258	37489
19261	37490
19264	37491
19282	37492
19317	37493
19318	37494
19321	37495
19356	37496
19362	37497
19367	37498
19395	37499
19418	37500
19419	37501
19422	37502
19433	37503
19439	37504
19446	37505
19451	37506
19466	37507
19484	37508
19498	37509
19511	37510
19514	37511
19541	37512
19554	37513
19580	37514
19585	37515
19598	37516
19610	37517
19613	37518
19617	37519
19626	37520
19639	37521
19642	37522
19647	37523
19650	37524
19680	37525
19683	37526
19693	37527
19694	37528
19708	37529
19765	37530
19768	37531
20301	37532
20508	37533
20915	37534
21593	37535
21760	37536
21917	37537
22302	37538
22303	37539
22312	37540
22330	37541
22332	37542
22334	37543
22340	37544
22348	37545
22350	37546
22366	37547
22381	37548
22390	37549
22396	37550
22409	37551
22417	37552
22422	37553
22424	37554
22432	37555
22442	37556
22450	37557
22463	37558
22477	37559
22482	37560
22489	37561
22495	37562
22511	37563
22516	37564
22518	37565
22527	37566
22535	37567
22540	37568
22547	37569
22565	37570
22566	37571
