5
52
78
83
101
107
110
122
124
145
148
221
276
391
430
442
447
533
546
552
571
587
592
594
608
629
636
638
649
652
669
678
702
704
714
719
732
735
737
750
761
766
769
779
790
808
809
815
847
856
857
858
859
870
871
876
879
880
888
895
912
913
928
941
948
961
973
988
998
1018
1022
1026
1028
1047
1056
1061
1064
1066
1083
1084
1087
1094
1099
1109
1116
1129
1130
1131
1147
1152
1156
1159
1163
1167
1178
1179
1186
1195
1197
1206
1208
1213
1226
1234
1238
1258
1260
1261
1270
1277
1278
1283
1303
1319
1323
1328
1330
1339
1341
1342
1347
1355
1367
1371
1374
1391
1399
1405
1437
1439
1453
1458
1465
1466
1474
1489
1508
1520
1523
1557
1564
1571
1601
1680
1684
1692
1704
1707
1709
1732
1752
1769
1776
1797
1798
1818
1821
1828
1831
1833
1842
1844
1846
1847
1871
1881
1895
1901
1903
1911
1917
1918
1928
1944
1947
1949
1952
1978
2016
2034
2141
2171
2184
2191
2224
2266
2282
2405
2451
2634
2641
2693
2713
2727
2736
2746
2777
2796
2829
2909
2929
3017
3140
3187
3191
3204
3211
3223
3225
3240
3249
3250
3270
3276
3278
3292
3295
3299
3302
3308
3327
3335
3353
3356
3380
3420
3436
3448
3465
3466
3471
3521
3540
3554
3562
3567
3571
3580
3598
3611
3638
3643
3644
3648
3676
3678
3683
3704
3734
3765
3786
3787
3821
3827
3830
3834
3842
3877
3878
3889
3891
3905
3963
3984
4038
4041
4057
4066
4076
4089
4090
4095
4110
4140
4171
4182
4197
4203
4212
4222
4232
4240
4242
4250
4293
4305
4331
4340
4372
4373
4401
4416
4434
4452
4461
4502
4506
4517
4519
4550
4553
4565
4580
4583
4590
4592
4595
4617
4630
4648
4657
4661
4668
4671
4685
4726
4731
4759
4765
4811
4847
4861
4864
4866
4908
4944
4945
4958
4974
4975
4989
4997
5018
5024
5047
5079
5082
5100
5164
5183
5189
5210
5215
5222
5260
5269
5270
5271
5273
5277
5289
5318
5327
5331
5343
5348
5358
5359
5363
5367
5382
5388
5392
5403
5410
5433
5498
5506
5523
5526
5539
5550
5552
5556
5571
5573
5574
5586
5599
5630
5655
5660
5664
5665
5673
5674
5712
5713
5721
5729
5730
5762
5799
5800
5827
5834
5851
5873
5876
5880
5886
5929
5959
5971
5997
6000
6018
6021
6026
6054
6061
6065
6068
6069
6075
6078
6098
6101
6113
6134
6147
6149
6169
6199
6209
6231
6239
6245
6250
6262
6265
6286
6291
6358
6360
6374
6384
6400
6403
6406
6407
6412
6415
6416
6427
6446
6492
6527
6536
6544
6552
6630
6654
6683
6684
6707
6718
6719
6739
6748
6749
6750
6767
6777
6800
6802
6815
6821
6833
6849
6857
6873
6893
6930
6931
6957
6979
6980
6995
7007
7008
7011
7017
7025
7051
7057
7073
7076
7102
7103
7121
7151
7196
7201
7216
7229
7231
7253
7260
7261
7265
7278
7280
7293
7306
7323
7333
7344
7362
7370
7381
7398
7409
7420
7430
7439
7444
7447
7449
7455
7459
7460
7482
7492
7499
7510
7520
7529
7535
7536
7543
7553
7556
7568
7581
7591
7608
7618
7625
7626
7630
7645
7653
7656
7668
7682
7690
7703
7740
7752
7777
7797
7839
7846
7852
7871
7877
7918
7920
7927
7941
7955
7968
7988
7997
8000
8014
8024
8029
8030
8031
8047
8056
8072
8075
8079
8119
8122
8126
8134
8140
8151
8153
8154
8161
8177
8196
8197
8199
8200
8220
8228
8241
8297
8305
8309
8353
8373
8378
8392
8402
8438
8440
8444
8445
8447
8451
8496
8515
8558
8560
8563
8578
8589
8593
8613
8630
8636
8640
8646
8653
8655
8678
8689
8702
8729
8753
8759
8760
8787
8796
8816
8822
8826
8830
8842
8849
8857
8858
8871
8879
8881
8890
8942
8976
8985
9009
9011
9027
9030
9032
9056
9093
9097
9104
9105
9110
9121
9140
9146
9151
9206
9216
9241
9247
9255
9261
9262
9264
9309
9326
9363
9367
9410
9416
9423
9454
9477
9478
9483
9531
9559
9599
9631
9633
9644
9653
9656
9663
9671
9687
9695
9705
9713
9716
9717
9719
9723
9725
9741
9754
9756
9762
9766
9767
9774
9776
9779
9790
9795
9807
9832
9835
9836
9838
9846
9850
9859
9870
9874
9876
9884
9892
9893
9912
9914
9918
9924
9925
9934
9935
9947
9957
9963
9969
9970
9976
9982
9986
9990
9992
9993
9995
9999
10001
10019
10024
10026
10032
10042
10043
10044
10046
10050
10055
10067
10090
10096
10097
10101
10106
10121
10145
10147
10148
10152
10153
10159
10177
10206
10207
10223
10227
10237
10242
10243
10264
10273
10282
10283
10284
10295
10301
10302
10312
10329
10330
10331
10341
10343
10347
10370
10377
10382
10393
10396
10413
10443
10444
10447
10451
10455
10461
10466
10477
10492
10496
10505
10506
10508
10509
10514
10527
10528
10531
10532
10546
10548
10566
10572
10575
10588
10590
10604
10608
10623
10630
10647
10657
10663
10669
10672
10676
10684
10686
10687
10690
10694
10708
10721
10722
10725
10730
10738
10739
10740
10741
10745
10746
10770
10771
10782
10789
10810
10815
10819
10821
10830
10864
10874
10877
10920
10932
10934
10938
10943
10964
10968
10973
10978
10979
10981
10983
10997
11013
11017
11023
11029
11064
11065
11068
11074
11082
11083
11123
11128
11132
11148
11157
11164
11174
11191
11205
11210
11212
11220
11225
11229
11241
11243
11250
11256
11259
11261
11272
11278
11327
11334
11338
11363
11377
11386
11390
11404
11413
11429
11433
11439
11441
11453
11454
11456
11467
11472
11473
11474
11485
11488
11489
11495
11498
11499
11507
11510
11512
11531
11546
11560
11567
11569
11574
11576
11585
11586
11588
11589
11627
11631
11636
11649
11652
11660
11708
11712
11713
11715
11725
11731
11739
11744
11760
11761
11778
11783
11784
11786
11788
11790
11819
11822
11824
11834
11840
11850
11854
11879
11880
11886
11891
11895
11906
11916
11920
11923
11952
11963
11980
11985
11986
12010
12012
12018
12022
12042
12057
12060
12069
12080
12084
12106
12107
12133
12141
12193
12194
12227
12229
12231
12237
12241
12244
12247
12259
12266
12267
12287
12297
12300
12307
12333
12338
12339
12346
12351
12363
12366
12376
12387
12396
12400
12401
12405
12429
12451
12466
12475
12510
12520
12521
12522
12541
12547
12549
12555
12564
12572
12579
12581
12584
12585
12586
12610
12613
12614
12626
12631
12637
12639
12640
12649
12654
12659
12666
12671
12673
12683
12692
12698
12705
12710
12716
12721
12727
12732
12734
12735
12764
12765
12783
12796
12803
12806
12811
12819
12822
12827
12832
12834
12842
12852
12859
12865
12884
12894
12898
12900
12902
12903
12908
12909
12927
12974
12980
12981
12990
12994
12998
13000
13009
13016
13018
13021
13037
13040
13045
13051
13064
13078
13081
13088
13093
13104
13111
13115
13117
13141
13150
13153
13158
13162
13164
13174
13190
13194
13203
13204
13207
13215
13218
13222
13224
13240
13263
13264
13268
13279
13294
13323
13330
13331
13333
13336
13337
13362
13372
13389
13396
13398
13405
13408
13409
13416
13429
13434
13438
13441
13468
13476
13480
13485
13487
13490
13493
13503
13508
13520
13536
13543
13549
13564
13566
13567
13569
13611
13613
13616
13626
13635
13636
13637
13640
13641
13648
13649
13678
13690
13697
13731
13732
13735
13752
13753
13765
13774
13780
13787
13795
13797
13812
13818
13822
13826
13831
13841
13868
13891
13897
13899
13900
13901
13926
13929
13934
13955
13987
13996
13997
14014
14021
14027
14030
14036
14037
14047
14051
14053
14055
14072
14074
14115
14116
14144
14150
14154
14165
14166
14185
14197
14215
14218
14221
14227
14246
14247
14260
14268
14283
14285
14294
14301
14316
14317
14359
14362
14374
14377
14385
14390
14392
14421
14424
14435
14444
14471
14486
14487
14495
14501
14521
14522
14532
14544
14546
14548
14552
14563
14575
14576
14583
14586
14613
14623
14635
14643
14646
14652
14653
14672
14678
14679
14689
14704
14707
14715
14717
14719
14727
14731
14734
14742
14762
14767
14781
14783
14785
14809
14815
14825
14827
14829
14837
14840
14849
14854
14857
14873
14877
14902
14920
14923
14924
14932
14933
14938
14939
14956
14960
14966
14971
14972
14979
14988
14997
15005
15007
15010
15016
15023
15025
15026
15073
15075
15076
15084
15088
15089
15093
15095
15107
15109
15110
15112
15116
15139
15157
15173
15200
15220
15221
15239
15240
15247
15252
15262
15275
15285
15322
15329
15332
15333
15340
15356
15360
15367
15383
15385
15396
15403
15416
15420
15429
15435
15446
15448
15452
15477
15478
15486
15510
15517
15537
15553
15566
15569
15570
15573
15583
15600
15604
15629
15632
15651
15657
15674
15675
15680
15691
15696
15699
15704
15706
15733
15736
15748
15751
15755
15762
15766
15775
15779
15783
15821
15834
15840
15849
15864
15879
15907
15916
15953
15960
15962
15966
15975
15982
15990
15991
16005
16013
16024
16033
16035
16046
16054
16073
16082
16099
16107
16114
16135
16138
16151
16159
16161
16175
16180
16189
16190
16197
16199
16215
16221
16237
16238
16254
16261
16264
16269
16283
16290
16296
16311
16312
16334
16354
16356
16358
