5	36143
12	36144
18	36145
52	36146
55	36147
61	36148
63	36149
64	36150
68	36151
78	36152
82	36153
83	36154
86	36155
97	36156
101	36157
104	36158
107	36159
110	36160
120	36161
122	36162
124	36163
125	36164
138	36165
145	36166
148	36167
221	36168
240	36169
276	36170
322	36171
363	36172
391	36173
430	36174
442	36175
447	36176
483	36177
512	36178
533	36179
534	36180
538	36181
542	36182
546	36183
552	36184
568	36185
571	36186
574	36187
578	36188
580	36189
584	36190
587	36191
588	36192
592	36193
594	36194
596	36195
599	36196
605	36197
608	36198
621	36199
624	36200
629	36201
632	36202
636	36203
638	36204
646	36205
647	36206
649	36207
651	36208
652	36209
656	36210
669	36211
670	36212
673	36213
683	36214
684	36215
694	36216
699	36217
702	36218
704	36219
707	36220
708	36221
711	36222
714	36223
715	36224
719	36225
720	36226
725	36227
732	36228
733	36229
735	36230
737	36231
738	36232
743	36233
750	36234
755	36235
756	36236
759	36237
761	36238
766	36239
769	36240
776	36241
779	36242
781	36243
790	36244
794	36245
795	36246
806	36247
808	36248
809	36249
815	36250
819	36251
836	36252
845	36253
847	36254
851	36255
854	36256
855	36257
856	36258
857	36259
858	36260
859	36261
863	36262
870	36263
871	36264
872	36265
876	36266
879	36267
880	36268
885	36269
888	36270
894	36271
895	36272
896	36273
898	36274
902	36275
912	36276
913	36277
928	36278
936	36279
939	36280
941	36281
948	36282
953	36283
958	36284
961	36285
962	36286
964	36287
973	36288
976	36289
982	36290
987	36291
988	36292
997	36293
998	36294
1011	36295
1015	36296
1018	36297
1022	36298
1023	36299
1026	36300
1028	36301
1035	36302
1039	36303
1040	36304
1047	36305
1049	36306
1050	36307
1056	36308
1058	36309
1061	36310
1062	36311
1064	36312
1066	36313
1068	36314
1070	36315
1077	36316
1080	36317
1081	36318
1083	36319
1084	36320
1087	36321
1094	36322
1097	36323
1098	36324
1099	36325
1109	36326
1116	36327
1122	36328
1129	36329
1130	36330
1131	36331
1134	36332
1141	36333
1147	36334
1149	36335
1152	36336
1154	36337
1156	36338
1159	36339
1163	36340
1167	36341
1178	36342
1179	36343
1184	36344
1185	36345
1186	36346
1192	36347
1195	36348
1197	36349
1206	36350
1208	36351
1213	36352
1215	36353
1218	36354
1222	36355
1226	36356
1232	36357
1234	36358
1235	36359
1238	36360
1247	36361
1250	36362
1253	36363
1255	36364
1258	36365
1260	36366
1261	36367
1265	36368
1270	36369
1277	36370
1278	36371
1282	36372
1283	36373
1284	36374
1298	36375
1301	36376
1303	36377
1311	36378
1313	36379
1319	36380
1323	36381
1328	36382
1330	36383
1332	36384
1337	36385
1339	36386
1341	36387
1342	36388
1344	36389
1346	36390
1347	36391
1351	36392
1355	36393
1364	36394
1367	36395
1368	36396
1371	36397
1374	36398
1381	36399
1385	36400
1391	36401
1398	36402
1399	36403
1405	36404
1415	36405
1419	36406
1423	36407
1424	36408
1429	36409
1437	36410
1439	36411
1453	36412
1454	36413
1458	36414
1465	36415
1466	36416
1469	36417
1474	36418
1482	36419
1485	36420
1489	36421
1495	36422
1501	36423
1503	36424
1506	36425
1508	36426
1520	36427
1523	36428
1528	36429
1531	36430
1533	36431
1549	36432
1555	36433
1557	36434
1564	36435
1565	36436
1567	36437
1568	36438
1571	36439
1583	36440
1594	36441
1601	36442
1604	36443
1605	36444
1620	36445
1629	36446
1630	36447
1631	36448
1637	36449
1638	36450
1641	36451
1643	36452
1646	36453
1650	36454
1664	36455
1676	36456
1680	36457
1682	36458
1684	36459
1685	36460
1689	36461
1692	36462
1702	36463
1704	36464
1707	36465
1709	36466
1722	36467
1724	36468
1727	36469
1732	36470
1738	36471
1741	36472
1745	36473
1746	36474
1749	36475
1752	36476
1757	36477
1758	36478
1760	36479
1761	36480
1766	36481
1767	36482
1769	36483
1776	36484
1779	36485
1791	36486
1797	36487
1798	36488
1802	36489
1803	36490
1811	36491
1818	36492
1821	36493
1828	36494
1829	36495
1831	36496
1833	36497
1834	36498
1836	36499
1838	36500
1842	36501
1844	36502
1846	36503
1847	36504
1857	36505
1865	36506
1866	36507
1867	36508
1871	36509
1872	36510
1880	36511
1881	36512
1887	36513
1895	36514
1899	36515
1901	36516
1903	36517
1906	36518
1911	36519
1914	36520
1917	36521
1918	36522
1924	36523
1928	36524
1932	36525
1934	36526
1939	36527
1944	36528
1947	36529
1949	36530
1952	36531
1954	36532
1957	36533
1959	36534
1963	36535
1978	36536
2000	36537
2009	36538
2016	36539
2026	36540
2034	36541
2047	36542
2097	36543
2113	36544
2132	36545
2141	36546
2184	36547
2191	36548
2209	36549
2224	36550
2257	36551
2266	36552
2280	36553
2282	36554
2306	36555
2338	36556
2350	36557
2396	36558
2405	36559
2410	36560
2451	36561
2489	36562
2491	36563
2507	36564
2526	36565
2592	36566
2623	36567
2634	36568
2641	36569
2686	36570
2693	36571
2713	36572
2727	36573
2736	36574
2744	36575
2746	36576
2777	36577
2778	36578
2796	36579
2829	36580
2831	36581
2833	36582
2844	36583
2845	36584
2848	36585
2873	36586
2909	36587
2929	36588
2990	36589
3013	36590
3017	36591
3040	36592
3127	36593
3136	36594
3140	36595
3141	36596
3158	36597
3167	36598
3171	36599
3176	36600
3180	36601
3181	36602
3186	36603
3187	36604
3191	36605
3203	36606
3204	36607
3211	36608
3215	36609
3217	36610
3221	36611
3223	36612
3225	36613
3226	36614
3229	36615
3234	36616
3239	36617
3240	36618
3249	36619
3250	36620
3261	36621
3262	36622
3270	36623
3276	36624
3278	36625
3284	36626
3292	36627
3295	36628
3299	36629
3302	36630
3308	36631
3311	36632
3312	36633
3314	36634
3323	36635
3327	36636
3335	36637
3338	36638
3342	36639
3343	36640
3345	36641
3349	36642
3353	36643
3354	36644
3356	36645
3358	36646
3360	36647
3367	36648
3380	36649
3382	36650
3416	36651
3420	36652
3424	36653
3425	36654
3433	36655
3436	36656
3444	36657
3448	36658
3465	36659
3466	36660
3471	36661
3481	36662
3488	36663
3497	36664
3499	36665
3511	36666
3534	36667
3540	36668
3544	36669
3554	36670
3562	36671
3567	36672
3571	36673
3574	36674
3580	36675
3598	36676
3600	36677
3604	36678
3611	36679
3638	36680
3642	36681
3643	36682
3644	36683
3648	36684
3657	36685
3659	36686
3669	36687
3670	36688
3676	36689
3677	36690
3678	36691
3683	36692
3697	36693
3704	36694
3705	36695
3712	36696
3720	36697
3730	36698
3734	36699
3748	36700
3754	36701
3761	36702
3765	36703
3766	36704
3783	36705
3786	36706
3787	36707
3802	36708
3803	36709
3821	36710
3823	36711
3826	36712
3827	36713
3830	36714
3834	36715
3841	36716
3842	36717
3869	36718
3877	36719
3878	36720
3889	36721
3891	36722
3897	36723
3905	36724
3919	36725
3949	36726
3950	36727
3963	36728
3964	36729
3973	36730
3976	36731
3977	36732
3984	36733
3989	36734
4002	36735
4018	36736
4033	36737
4038	36738
4041	36739
4052	36740
4057	36741
4066	36742
4067	36743
4072	36744
4076	36745
4089	36746
4090	36747
4095	36748
4101	36749
4108	36750
4110	36751
4111	36752
4115	36753
4125	36754
4129	36755
4137	36756
4140	36757
4151	36758
4160	36759
4167	36760
4171	36761
4174	36762
4178	36763
4182	36764
4186	36765
4190	36766
4195	36767
4197	36768
4199	36769
4203	36770
4212	36771
4222	36772
4226	36773
4232	36774
4240	36775
4242	36776
4248	36777
4250	36778
4254	36779
4255	36780
4256	36781
4261	36782
4284	36783
4293	36784
4305	36785
4308	36786
4326	36787
4331	36788
4333	36789
4340	36790
4352	36791
4355	36792
4356	36793
4357	36794
4372	36795
4373	36796
4376	36797
4379	36798
4392	36799
4401	36800
4416	36801
4425	36802
4430	36803
4434	36804
4440	36805
4451	36806
4452	36807
4454	36808
4457	36809
4458	36810
4461	36811
4467	36812
4494	36813
4502	36814
4506	36815
4508	36816
4511	36817
4517	36818
4519	36819
4537	36820
4550	36821
4553	36822
4554	36823
4565	36824
4574	36825
4580	36826
4581	36827
4582	36828
4583	36829
4590	36830
4592	36831
4595	36832
4596	36833
4617	36834
4621	36835
4630	36836
4635	36837
4648	36838
4657	36839
4661	36840
4662	36841
4668	36842
4669	36843
4671	36844
4681	36845
4685	36846
4687	36847
4716	36848
4720	36849
4722	36850
4723	36851
4724	36852
4725	36853
4726	36854
4731	36855
4740	36856
4743	36857
4745	36858
4752	36859
4755	36860
4759	36861
4765	36862
4785	36863
4802	36864
4811	36865
4836	36866
4840	36867
4847	36868
4856	36869
4861	36870
4864	36871
4865	36872
4866	36873
4876	36874
4890	36875
4908	36876
4916	36877
4918	36878
4934	36879
4944	36880
4945	36881
4958	36882
4968	36883
4974	36884
4975	36885
4989	36886
4996	36887
4997	36888
5001	36889
5002	36890
5015	36891
5018	36892
5024	36893
5035	36894
5047	36895
5064	36896
5078	36897
5079	36898
5082	36899
5100	36900
5102	36901
5106	36902
5107	36903
5111	36904
5114	36905
5129	36906
5145	36907
5152	36908
5164	36909
5183	36910
5189	36911
5193	36912
5197	36913
5210	36914
5215	36915
5221	36916
5222	36917
5234	36918
5239	36919
5243	36920
5255	36921
5260	36922
5269	36923
5270	36924
5271	36925
5273	36926
5276	36927
5277	36928
5286	36929
5289	36930
5290	36931
5301	36932
5303	36933
5309	36934
5313	36935
5315	36936
5318	36937
5320	36938
5327	36939
5328	36940
5330	36941
5331	36942
5343	36943
5348	36944
5350	36945
5352	36946
5358	36947
5359	36948
5363	36949
5367	36950
5378	36951
5382	36952
5383	36953
5388	36954
5392	36955
5401	36956
5403	36957
5410	36958
5412	36959
5424	36960
5429	36961
5433	36962
5448	36963
5460	36964
5491	36965
5495	36966
5496	36967
5498	36968
5505	36969
5506	36970
5521	36971
5523	36972
5524	36973
5525	36974
5526	36975
5539	36976
5546	36977
5550	36978
5552	36979
5556	36980
5571	36981
5573	36982
5574	36983
5586	36984
5596	36985
5599	36986
5604	36987
5606	36988
5630	36989
5646	36990
5654	36991
5655	36992
5660	36993
5664	36994
5665	36995
5673	36996
5674	36997
5698	36998
5712	36999
5713	37000
5721	37001
5729	37002
5730	37003
5741	37004
5762	37005
5778	37006
5781	37007
5782	37008
5799	37009
5800	37010
5803	37011
5813	37012
5827	37013
5834	37014
5841	37015
5851	37016
5857	37017
5873	37018
5876	37019
5878	37020
5880	37021
5881	37022
5886	37023
5899	37024
5901	37025
5915	37026
5916	37027
5917	37028
5929	37029
5936	37030
5955	37031
5959	37032
5966	37033
5969	37034
5970	37035
5971	37036
5994	37037
5997	37038
6000	37039
6018	37040
6021	37041
6026	37042
6028	37043
6032	37044
6034	37045
6038	37046
6044	37047
6046	37048
6054	37049
6060	37050
6061	37051
6065	37052
6068	37053
6069	37054
6075	37055
6078	37056
6098	37057
6101	37058
6113	37059
6120	37060
6128	37061
6134	37062
6147	37063
6149	37064
6156	37065
6165	37066
6169	37067
6174	37068
6181	37069
6191	37070
6199	37071
6209	37072
6223	37073
6231	37074
6232	37075
6234	37076
6239	37077
6245	37078
6250	37079
6251	37080
6262	37081
6265	37082
6266	37083
6286	37084
6287	37085
6291	37086
6296	37087
6299	37088
6304	37089
6322	37090
6332	37091
6339	37092
6343	37093
6349	37094
6358	37095
6360	37096
6374	37097
6375	37098
6379	37099
6380	37100
6384	37101
6387	37102
6394	37103
6400	37104
6403	37105
6406	37106
6414	37107
6415	37108
6416	37109
6427	37110
6431	37111
6434	37112
6436	37113
6446	37114
6451	37115
6453	37116
6487	37117
6488	37118
6492	37119
6499	37120
6503	37121
6527	37122
6531	37123
6535	37124
6536	37125
6541	37126
6544	37127
6552	37128
6558	37129
6583	37130
6586	37131
6600	37132
6601	37133
6607	37134
6609	37135
6619	37136
6630	37137
6634	37138
6636	37139
6637	37140
6654	37141
6666	37142
6668	37143
6683	37144
6684	37145
6689	37146
6706	37147
6707	37148
6714	37149
6718	37150
6719	37151
6720	37152
6739	37153
6746	37154
6748	37155
6749	37156
6750	37157
6760	37158
6767	37159
6771	37160
6777	37161
6786	37162
6788	37163
6791	37164
6800	37165
6802	37166
6808	37167
6814	37168
6815	37169
6821	37170
6822	37171
6823	37172
6830	37173
6833	37174
6849	37175
6857	37176
6861	37177
6873	37178
6881	37179
6893	37180
6904	37181
6923	37182
6928	37183
6930	37184
6931	37185
6932	37186
6957	37187
6961	37188
6963	37189
6967	37190
6971	37191
6979	37192
6980	37193
6982	37194
6991	37195
6995	37196
7007	37197
7008	37198
7011	37199
7017	37200
7025	37201
7041	37202
7045	37203
7057	37204
7059	37205
7071	37206
7073	37207
7076	37208
7078	37209
7081	37210
7086	37211
7099	37212
7102	37213
7103	37214
7110	37215
7121	37216
7131	37217
7135	37218
7137	37219
7151	37220
7159	37221
7167	37222
7178	37223
7189	37224
7190	37225
7196	37226
7201	37227
7208	37228
7216	37229
7220	37230
7228	37231
7229	37232
7231	37233
7253	37234
7256	37235
7258	37236
7260	37237
7261	37238
7265	37239
7278	37240
7280	37241
7293	37242
7300	37243
7306	37244
7320	37245
7323	37246
7332	37247
7333	37248
7344	37249
7362	37250
7369	37251
7370	37252
7380	37253
7381	37254
7383	37255
7389	37256
7395	37257
7398	37258
7403	37259
7404	37260
7406	37261
7409	37262
7420	37263
7426	37264
7427	37265
7439	37266
7440	37267
7444	37268
7447	37269
7449	37270
7455	37271
7459	37272
7460	37273
7471	37274
7472	37275
7478	37276
7479	37277
7482	37278
7492	37279
7499	37280
7504	37281
7510	37282
7515	37283
7520	37284
7522	37285
7529	37286
7532	37287
7535	37288
7536	37289
7540	37290
7543	37291
7549	37292
7553	37293
7555	37294
7556	37295
7568	37296
7573	37297
7580	37298
7581	37299
7591	37300
7608	37301
7618	37302
7619	37303
7625	37304
7626	37305
7630	37306
7640	37307
7645	37308
7653	37309
7656	37310
7668	37311
7672	37312
7681	37313
7682	37314
7685	37315
7690	37316
7703	37317
7707	37318
7708	37319
7709	37320
7711	37321
7721	37322
7731	37323
7740	37324
7742	37325
7752	37326
7755	37327
7777	37328
7782	37329
7784	37330
7797	37331
7825	37332
7828	37333
7839	37334
7846	37335
7852	37336
7856	37337
7871	37338
7877	37339
7903	37340
7904	37341
7905	37342
7907	37343
7915	37344
7918	37345
7919	37346
7920	37347
7923	37348
7927	37349
7935	37350
7941	37351
7955	37352
7968	37353
7981	37354
7982	37355
7988	37356
7997	37357
8000	37358
8013	37359
8014	37360
8019	37361
8024	37362
8027	37363
8029	37364
8030	37365
8031	37366
8056	37367
8061	37368
8064	37369
8072	37370
8075	37371
8079	37372
8086	37373
8098	37374
8109	37375
8119	37376
8120	37377
8126	37378
8130	37379
8134	37380
8140	37381
8142	37382
8143	37383
8145	37384
8151	37385
8153	37386
8154	37387
8161	37388
8175	37389
8177	37390
8181	37391
8182	37392
8194	37393
8197	37394
8201	37395
8210	37396
8214	37397
8220	37398
8224	37399
8228	37400
8229	37401
8241	37402
8246	37403
8274	37404
8278	37405
8288	37406
8297	37407
8305	37408
8309	37409
8313	37410
8322	37411
8340	37412
8353	37413
8356	37414
8357	37415
8358	37416
8373	37417
8378	37418
8381	37419
8387	37420
8392	37421
8402	37422
8424	37423
8438	37424
8440	37425
8444	37426
8445	37427
8447	37428
8449	37429
8451	37430
8453	37431
8463	37432
8477	37433
8482	37434
8488	37435
8496	37436
8497	37437
8501	37438
8515	37439
8529	37440
8543	37441
8558	37442
8560	37443
8563	37444
8564	37445
8578	37446
8579	37447
8582	37448
8584	37449
8589	37450
8590	37451
8593	37452
8599	37453
8606	37454
8607	37455
8613	37456
8630	37457
8636	37458
8638	37459
8640	37460
8641	37461
8646	37462
8647	37463
8652	37464
8653	37465
8655	37466
8656	37467
8661	37468
8678	37469
8680	37470
8689	37471
8695	37472
8702	37473
8712	37474
8725	37475
8729	37476
8735	37477
8738	37478
8748	37479
8753	37480
8759	37481
8760	37482
8766	37483
8783	37484
8787	37485
8793	37486
8796	37487
8804	37488
8811	37489
8816	37490
8818	37491
8819	37492
8820	37493
8826	37494
8830	37495
8833	37496
8834	37497
8842	37498
8849	37499
8857	37500
8858	37501
8871	37502
8879	37503
8880	37504
8881	37505
8890	37506
8899	37507
8924	37508
8925	37509
8929	37510
8933	37511
8942	37512
8947	37513
8948	37514
8956	37515
8958	37516
8976	37517
8981	37518
8982	37519
8985	37520
8992	37521
8996	37522
9009	37523
9011	37524
9013	37525
9023	37526
9027	37527
9030	37528
9032	37529
9044	37530
9056	37531
9065	37532
9076	37533
9093	37534
9096	37535
9097	37536
9100	37537
9104	37538
9105	37539
9106	37540
9110	37541
9112	37542
9121	37543
9140	37544
9146	37545
9157	37546
9166	37547
9178	37548
9180	37549
9184	37550
9197	37551
9201	37552
9206	37553
9208	37554
9216	37555
9217	37556
9241	37557
9247	37558
9255	37559
9258	37560
9261	37561
9262	37562
9264	37563
9289	37564
9305	37565
9309	37566
9310	37567
9314	37568
9315	37569
9322	37570
9326	37571
9338	37572
9344	37573
9346	37574
9347	37575
9354	37576
9360	37577
9363	37578
9367	37579
9376	37580
9385	37581
9390	37582
9398	37583
9409	37584
9410	37585
9412	37586
9416	37587
9423	37588
9438	37589
9440	37590
9454	37591
9457	37592
9469	37593
9477	37594
9478	37595
9479	37596
9483	37597
9501	37598
9511	37599
9531	37600
9542	37601
9559	37602
9599	37603
9606	37604
9621	37605
9631	37606
9632	37607
9633	37608
9644	37609
9652	37610
9653	37611
9656	37612
9660	37613
9663	37614
9667	37615
9671	37616
9674	37617
9675	37618
9682	37619
9683	37620
9684	37621
9687	37622
9695	37623
9696	37624
9700	37625
9705	37626
9706	37627
9708	37628
9713	37629
9716	37630
9717	37631
9719	37632
9721	37633
9723	37634
9725	37635
9741	37636
9743	37637
9744	37638
9749	37639
9750	37640
9752	37641
9753	37642
9754	37643
9756	37644
9760	37645
9762	37646
9763	37647
9764	37648
9766	37649
9767	37650
9768	37651
9774	37652
9776	37653
9779	37654
9781	37655
9782	37656
9785	37657
9787	37658
9789	37659
9790	37660
9807	37661
9810	37662
9817	37663
9828	37664
9830	37665
9831	37666
9832	37667
9834	37668
9835	37669
9836	37670
9838	37671
9844	37672
9846	37673
9849	37674
9850	37675
9859	37676
9864	37677
9865	37678
9870	37679
9874	37680
9876	37681
9882	37682
9884	37683
9888	37684
9892	37685
9893	37686
9895	37687
9900	37688
9902	37689
9912	37690
9913	37691
9914	37692
9917	37693
9918	37694
9922	37695
9924	37696
9925	37697
9926	37698
9932	37699
9933	37700
9934	37701
9935	37702
9947	37703
9957	37704
9963	37705
9969	37706
9970	37707
9976	37708
9979	37709
9982	37710
9986	37711
9988	37712
9989	37713
9990	37714
9991	37715
9992	37716
9993	37717
9995	37718
9997	37719
9999	37720
10001	37721
10006	37722
10007	37723
10010	37724
10019	37725
10021	37726
10024	37727
10026	37728
10031	37729
10032	37730
10042	37731
10044	37732
10046	37733
10050	37734
10055	37735
10057	37736
10064	37737
10067	37738
10069	37739
10076	37740
10083	37741
10085	37742
10090	37743
10093	37744
10096	37745
10097	37746
10100	37747
10101	37748
10105	37749
10106	37750
10112	37751
10114	37752
10120	37753
10121	37754
10123	37755
10128	37756
10137	37757
10139	37758
10145	37759
10147	37760
10148	37761
10152	37762
10153	37763
10159	37764
10161	37765
10163	37766
10175	37767
10177	37768
10181	37769
10186	37770
10200	37771
10202	37772
10206	37773
10207	37774
10219	37775
10223	37776
10227	37777
10232	37778
10233	37779
10236	37780
10237	37781
10242	37782
10243	37783
10254	37784
10257	37785
10258	37786
10264	37787
10267	37788
10268	37789
10273	37790
10279	37791
10282	37792
10283	37793
10284	37794
10295	37795
10301	37796
10302	37797
10310	37798
10312	37799
10315	37800
10329	37801
10330	37802
10331	37803
10341	37804
10343	37805
10347	37806
10348	37807
10351	37808
10352	37809
10357	37810
10359	37811
10368	37812
10369	37813
10370	37814
10372	37815
10373	37816
10374	37817
10375	37818
10377	37819
10382	37820
10391	37821
10393	37822
10396	37823
10402	37824
10408	37825
10413	37826
10425	37827
10427	37828
10430	37829
10439	37830
10443	37831
10444	37832
10446	37833
10447	37834
10451	37835
10452	37836
10455	37837
10461	37838
10462	37839
10466	37840
10468	37841
10469	37842
10477	37843
10479	37844
10483	37845
10492	37846
10495	37847
10496	37848
10498	37849
10501	37850
10504	37851
10505	37852
10506	37853
10508	37854
10509	37855
10513	37856
10514	37857
10522	37858
10527	37859
10528	37860
10529	37861
10531	37862
10532	37863
10534	37864
10546	37865
10548	37866
10550	37867
10566	37868
10572	37869
10575	37870
10577	37871
10588	37872
10590	37873
10602	37874
10604	37875
10608	37876
10623	37877
10628	37878
10629	37879
10630	37880
10645	37881
10646	37882
10647	37883
10657	37884
10658	37885
10662	37886
10663	37887
10666	37888
10668	37889
10669	37890
10672	37891
10676	37892
10680	37893
10684	37894
10686	37895
10687	37896
10689	37897
10690	37898
10692	37899
10694	37900
10696	37901
10698	37902
10707	37903
10708	37904
10710	37905
10716	37906
10717	37907
10721	37908
10722	37909
10723	37910
10725	37911
10726	37912
10729	37913
10730	37914
10733	37915
10738	37916
10739	37917
10740	37918
10741	37919
10745	37920
10746	37921
10752	37922
10759	37923
10767	37924
10770	37925
10771	37926
10775	37927
10777	37928
10781	37929
10782	37930
10784	37931
10787	37932
10789	37933
10791	37934
10799	37935
10810	37936
10813	37937
10814	37938
10815	37939
10819	37940
10821	37941
10825	37942
10829	37943
10830	37944
10832	37945
10834	37946
10838	37947
10847	37948
10852	37949
10864	37950
10867	37951
10869	37952
10870	37953
10873	37954
10874	37955
10877	37956
10898	37957
10911	37958
10920	37959
10925	37960
10928	37961
10930	37962
10932	37963
10934	37964
10937	37965
10938	37966
10941	37967
10943	37968
10948	37969
10951	37970
10964	37971
10965	37972
10968	37973
10972	37974
10973	37975
10974	37976
10978	37977
10979	37978
10981	37979
10983	37980
10986	37981
10997	37982
11013	37983
11017	37984
11019	37985
11023	37986
11029	37987
11034	37988
11047	37989
11048	37990
11049	37991
11053	37992
11060	37993
11064	37994
11065	37995
11068	37996
11074	37997
11082	37998
11083	37999
11094	38000
11096	38001
11099	38002
11123	38003
11124	38004
11125	38005
11126	38006
11127	38007
11128	38008
11132	38009
11136	38010
11139	38011
11144	38012
11148	38013
11153	38014
11155	38015
11156	38016
11157	38017
11159	38018
11160	38019
11164	38020
11167	38021
11174	38022
11178	38023
11182	38024
11184	38025
11186	38026
11191	38027
11200	38028
11201	38029
11205	38030
11210	38031
11211	38032
11212	38033
11225	38034
11229	38035
11231	38036
11233	38037
11240	38038
11241	38039
11246	38040
11250	38041
11256	38042
11259	38043
11261	38044
11262	38045
11263	38046
11269	38047
11272	38048
11273	38049
11278	38050
11283	38051
11284	38052
11286	38053
11290	38054
11291	38055
11292	38056
11294	38057
11300	38058
11303	38059
11306	38060
11311	38061
11320	38062
11327	38063
11330	38064
11334	38065
11336	38066
11338	38067
11355	38068
11358	38069
11363	38070
11373	38071
11377	38072
11378	38073
11386	38074
11390	38075
11391	38076
11393	38077
11399	38078
11404	38079
11409	38080
11413	38081
11421	38082
11424	38083
11428	38084
11429	38085
11430	38086
11433	38087
11439	38088
11441	38089
11444	38090
11446	38091
11453	38092
11454	38093
11456	38094
11463	38095
11464	38096
11467	38097
11472	38098
11473	38099
11474	38100
11478	38101
11485	38102
11486	38103
11488	38104
11489	38105
11492	38106
11495	38107
11498	38108
11499	38109
11502	38110
11506	38111
11507	38112
11510	38113
11511	38114
11512	38115
11513	38116
11514	38117
11516	38118
11526	38119
11531	38120
11546	38121
11549	38122
11560	38123
11564	38124
11567	38125
11569	38126
11574	38127
11576	38128
11577	38129
11581	38130
11585	38131
11586	38132
11587	38133
11588	38134
11589	38135
11594	38136
11600	38137
11605	38138
11627	38139
11631	38140
11634	38141
11636	38142
11638	38143
11648	38144
11649	38145
11652	38146
11654	38147
11657	38148
11660	38149
11669	38150
11671	38151
11686	38152
11690	38153
11692	38154
11695	38155
11701	38156
11706	38157
11707	38158
11708	38159
11709	38160
11712	38161
11713	38162
11715	38163
11719	38164
11721	38165
11725	38166
11727	38167
11731	38168
11737	38169
11739	38170
11741	38171
11744	38172
11749	38173
11750	38174
11760	38175
11761	38176
11778	38177
11782	38178
11783	38179
11784	38180
11786	38181
11788	38182
11790	38183
11793	38184
11799	38185
11803	38186
11805	38187
11816	38188
11819	38189
11820	38190
11822	38191
11824	38192
11826	38193
11833	38194
11834	38195
11835	38196
11839	38197
11840	38198
11847	38199
11850	38200
11854	38201
11860	38202
11864	38203
11866	38204
11868	38205
11879	38206
11880	38207
11886	38208
11888	38209
11891	38210
11895	38211
11896	38212
11906	38213
11909	38214
11910	38215
11912	38216
11916	38217
11920	38218
11923	38219
11931	38220
11936	38221
11952	38222
11954	38223
11963	38224
11965	38225
11968	38226
11974	38227
11980	38228
11983	38229
11985	38230
11986	38231
11992	38232
11994	38233
11998	38234
12008	38235
12009	38236
12010	38237
12012	38238
12016	38239
12018	38240
12020	38241
12022	38242
12024	38243
12035	38244
12042	38245
12044	38246
12049	38247
12057	38248
12060	38249
12064	38250
12065	38251
12068	38252
12069	38253
12070	38254
12080	38255
12084	38256
12099	38257
12106	38258
12107	38259
12112	38260
12115	38261
12118	38262
12127	38263
12129	38264
12132	38265
12133	38266
12137	38267
12141	38268
12146	38269
12157	38270
12160	38271
12161	38272
12163	38273
12166	38274
12174	38275
12180	38276
12185	38277
12193	38278
12194	38279
12197	38280
12204	38281
12212	38282
12220	38283
12221	38284
12227	38285
12229	38286
12231	38287
12236	38288
12237	38289
12240	38290
12241	38291
12242	38292
12244	38293
12247	38294
12249	38295
12253	38296
12255	38297
12259	38298
12260	38299
12266	38300
12267	38301
12276	38302
12281	38303
12287	38304
12293	38305
12297	38306
12300	38307
12301	38308
12307	38309
12310	38310
12313	38311
12318	38312
12326	38313
12327	38314
12333	38315
12338	38316
12339	38317
12342	38318
12344	38319
12346	38320
12351	38321
12352	38322
12357	38323
12359	38324
12360	38325
12363	38326
12366	38327
12374	38328
12385	38329
12387	38330
12396	38331
12400	38332
12401	38333
12405	38334
12406	38335
12409	38336
12414	38337
12424	38338
12429	38339
12437	38340
12447	38341
12451	38342
12466	38343
12469	38344
12471	38345
12473	38346
12475	38347
12479	38348
12480	38349
12483	38350
12487	38351
12489	38352
12492	38353
12510	38354
12520	38355
12521	38356
12522	38357
12527	38358
12530	38359
12539	38360
12541	38361
12542	38362
12543	38363
12545	38364
12547	38365
12548	38366
12549	38367
12555	38368
12564	38369
12572	38370
12578	38371
12579	38372
12581	38373
12584	38374
12585	38375
12586	38376
12599	38377
12600	38378
12610	38379
12612	38380
12613	38381
12614	38382
12626	38383
12631	38384
12637	38385
12638	38386
12639	38387
12640	38388
12645	38389
12649	38390
12654	38391
12656	38392
12659	38393
12666	38394
12671	38395
12673	38396
12683	38397
12692	38398
12698	38399
12700	38400
12703	38401
12705	38402
12707	38403
12710	38404
12712	38405
12716	38406
12721	38407
12727	38408
12732	38409
12734	38410
12735	38411
12746	38412
12747	38413
12749	38414
12752	38415
12762	38416
12764	38417
12765	38418
12768	38419
12770	38420
12771	38421
12772	38422
12778	38423
12783	38424
12784	38425
12785	38426
12796	38427
12798	38428
12800	38429
12803	38430
12805	38431
12806	38432
12811	38433
12816	38434
12818	38435
12819	38436
12822	38437
12827	38438
12832	38439
12834	38440
12842	38441
12852	38442
12855	38443
12859	38444
12865	38445
12867	38446
12880	38447
12883	38448
12884	38449
12893	38450
12894	38451
12900	38452
12902	38453
12903	38454
12906	38455
12907	38456
12908	38457
12909	38458
12923	38459
12927	38460
12930	38461
12934	38462
12937	38463
12944	38464
12961	38465
12962	38466
12972	38467
12974	38468
12977	38469
12980	38470
12981	38471
12984	38472
12989	38473
12990	38474
12993	38475
12994	38476
12998	38477
12999	38478
13000	38479
13008	38480
13009	38481
13016	38482
13017	38483
13018	38484
13019	38485
13021	38486
13024	38487
13030	38488
13037	38489
13038	38490
13040	38491
13045	38492
13050	38493
13051	38494
13064	38495
13078	38496
13081	38497
13082	38498
13088	38499
13093	38500
13104	38501
13111	38502
13115	38503
13116	38504
13117	38505
13122	38506
13131	38507
13138	38508
13140	38509
13141	38510
13145	38511
13146	38512
13149	38513
13150	38514
13151	38515
13153	38516
13158	38517
13162	38518
13163	38519
13164	38520
13168	38521
13174	38522
13181	38523
13190	38524
13192	38525
13194	38526
13202	38527
13203	38528
13204	38529
13205	38530
13207	38531
13215	38532
13218	38533
13222	38534
13224	38535
13232	38536
13240	38537
13251	38538
13255	38539
13261	38540
13262	38541
13263	38542
13264	38543
13268	38544
13271	38545
13273	38546
13275	38547
13279	38548
13280	38549
13281	38550
13283	38551
13288	38552
13292	38553
13294	38554
13296	38555
13300	38556
13323	38557
13330	38558
13331	38559
13333	38560
13336	38561
13337	38562
13348	38563
13354	38564
13362	38565
13372	38566
13378	38567
13389	38568
13391	38569
13396	38570
13398	38571
13401	38572
13405	38573
13408	38574
13409	38575
13414	38576
13416	38577
13420	38578
13427	38579
13429	38580
13434	38581
13438	38582
13441	38583
13453	38584
13457	38585
13458	38586
13460	38587
13468	38588
13470	38589
13474	38590
13475	38591
13476	38592
13480	38593
13483	38594
13485	38595
13487	38596
13490	38597
13492	38598
13493	38599
13503	38600
13504	38601
13509	38602
13520	38603
13535	38604
13536	38605
13537	38606
13543	38607
13549	38608
13551	38609
13564	38610
13566	38611
13567	38612
13569	38613
13571	38614
13574	38615
13578	38616
13579	38617
13588	38618
13595	38619
13608	38620
13611	38621
13613	38622
13616	38623
13619	38624
13623	38625
13624	38626
13625	38627
13626	38628
13635	38629
13636	38630
13637	38631
13640	38632
13641	38633
13643	38634
13645	38635
13648	38636
13649	38637
13652	38638
13659	38639
13660	38640
13673	38641
13678	38642
13686	38643
13688	38644
13690	38645
13697	38646
13704	38647
13715	38648
13716	38649
13721	38650
13727	38651
13728	38652
13729	38653
13731	38654
13732	38655
13735	38656
13752	38657
13753	38658
13764	38659
13765	38660
13768	38661
13774	38662
13775	38663
13780	38664
13785	38665
13786	38666
13787	38667
13789	38668
13795	38669
13797	38670
13799	38671
13805	38672
13812	38673
13817	38674
13818	38675
13822	38676
13823	38677
13826	38678
13829	38679
13831	38680
13838	38681
13841	38682
13853	38683
13860	38684
13862	38685
13863	38686
13868	38687
13874	38688
13878	38689
13885	38690
13889	38691
13891	38692
13892	38693
13894	38694
13897	38695
13899	38696
13900	38697
13901	38698
13902	38699
13904	38700
13909	38701
13917	38702
13924	38703
13926	38704
13928	38705
13929	38706
13932	38707
13934	38708
13938	38709
13955	38710
13956	38711
13979	38712
13986	38713
13987	38714
13993	38715
13996	38716
13997	38717
14000	38718
14011	38719
14014	38720
14016	38721
14020	38722
14021	38723
14022	38724
14027	38725
14030	38726
14032	38727
14034	38728
14036	38729
14037	38730
14043	38731
14047	38732
14051	38733
14052	38734
14053	38735
14055	38736
14057	38737
14070	38738
14072	38739
14074	38740
14077	38741
14080	38742
14087	38743
14088	38744
14099	38745
14104	38746
14106	38747
14109	38748
14115	38749
14116	38750
14120	38751
14129	38752
14131	38753
14135	38754
14144	38755
14148	38756
14150	38757
14154	38758
14156	38759
14165	38760
14166	38761
14178	38762
14179	38763
14181	38764
14185	38765
14197	38766
14200	38767
14203	38768
14215	38769
14216	38770
14218	38771
14221	38772
14225	38773
14227	38774
14237	38775
14238	38776
14246	38777
14247	38778
14256	38779
14259	38780
14260	38781
14262	38782
14268	38783
14270	38784
14278	38785
14285	38786
14286	38787
14287	38788
14289	38789
14291	38790
14294	38791
14300	38792
14301	38793
14304	38794
14314	38795
14316	38796
14317	38797
14331	38798
14332	38799
14337	38800
14350	38801
14351	38802
14354	38803
14358	38804
14359	38805
14362	38806
14366	38807
14374	38808
14376	38809
14377	38810
14383	38811
14385	38812
14388	38813
14390	38814
14391	38815
14392	38816
14394	38817
14407	38818
14416	38819
14421	38820
14424	38821
14433	38822
14435	38823
14437	38824
14442	38825
14444	38826
14451	38827
14454	38828
14455	38829
14457	38830
14466	38831
14470	38832
14471	38833
14478	38834
14480	38835
14486	38836
14487	38837
14493	38838
14495	38839
14501	38840
14506	38841
14521	38842
14522	38843
14527	38844
14532	38845
14538	38846
14539	38847
14540	38848
14544	38849
14546	38850
14548	38851
14550	38852
14552	38853
14563	38854
14570	38855
14575	38856
14576	38857
14583	38858
14586	38859
14587	38860
14604	38861
14613	38862
14615	38863
14621	38864
14623	38865
14628	38866
14632	38867
14634	38868
14635	38869
14643	38870
14646	38871
14647	38872
14652	38873
14653	38874
14655	38875
14659	38876
14662	38877
14663	38878
14668	38879
14669	38880
14672	38881
14678	38882
14679	38883
14689	38884
14690	38885
14697	38886
14704	38887
14707	38888
14714	38889
14715	38890
14717	38891
14719	38892
14727	38893
14731	38894
14734	38895
14738	38896
14742	38897
14747	38898
14761	38899
14762	38900
14763	38901
14766	38902
14767	38903
14771	38904
14781	38905
14783	38906
14784	38907
14785	38908
14788	38909
14792	38910
14799	38911
14808	38912
14809	38913
14815	38914
14825	38915
14827	38916
14829	38917
14837	38918
14839	38919
14840	38920
14844	38921
14849	38922
14852	38923
14853	38924
14854	38925
14856	38926
14857	38927
14863	38928
14869	38929
14870	38930
14872	38931
14873	38932
14877	38933
14879	38934
14881	38935
14886	38936
14888	38937
14894	38938
14898	38939
14902	38940
14908	38941
14911	38942
14913	38943
14919	38944
14920	38945
14923	38946
14924	38947
14931	38948
14932	38949
14933	38950
14936	38951
14938	38952
14939	38953
14940	38954
14941	38955
14944	38956
14948	38957
14953	38958
14956	38959
14958	38960
14960	38961
14966	38962
14971	38963
14972	38964
14976	38965
14979	38966
14984	38967
14988	38968
14991	38969
14997	38970
15003	38971
15005	38972
15007	38973
15010	38974
15014	38975
15016	38976
15020	38977
15023	38978
15025	38979
15026	38980
15039	38981
15046	38982
15050	38983
15052	38984
15053	38985
15057	38986
15061	38987
15068	38988
15073	38989
15075	38990
15076	38991
15084	38992
15088	38993
15089	38994
15092	38995
15093	38996
15095	38997
15106	38998
15107	38999
15109	39000
15110	39001
15112	39002
15116	39003
15117	39004
15121	39005
15123	39006
15126	39007
15135	39008
15139	39009
15141	39010
15142	39011
15151	39012
15152	39013
15153	39014
15157	39015
15161	39016
15165	39017
15173	39018
15174	39019
15180	39020
15186	39021
15189	39022
15190	39023
15200	39024
15201	39025
15204	39026
15220	39027
15221	39028
15227	39029
15232	39030
15234	39031
15239	39032
15240	39033
15247	39034
15248	39035
15262	39036
15267	39037
15270	39038
15275	39039
15281	39040
15285	39041
15286	39042
15292	39043
15299	39044
15305	39045
15308	39046
15310	39047
15311	39048
15322	39049
15323	39050
15329	39051
15330	39052
15332	39053
15333	39054
15336	39055
15340	39056
15356	39057
15360	39058
15361	39059
15363	39060
15367	39061
15370	39062
15371	39063
15383	39064
15385	39065
15386	39066
15390	39067
15392	39068
15396	39069
15403	39070
15407	39071
15410	39072
15413	39073
15416	39074
15420	39075
15429	39076
15435	39077
15446	39078
15448	39079
15451	39080
15452	39081
15455	39082
15456	39083
15457	39084
15467	39085
15477	39086
15478	39087
15485	39088
15486	39089
15496	39090
15498	39091
15504	39092
15507	39093
15510	39094
15511	39095
15512	39096
15517	39097
15525	39098
15526	39099
15530	39100
15537	39101
15543	39102
15553	39103
15556	39104
15561	39105
15566	39106
15569	39107
15570	39108
15572	39109
15573	39110
15576	39111
15583	39112
15585	39113
15589	39114
15593	39115
15597	39116
15600	39117
15602	39118
15604	39119
15606	39120
15618	39121
15619	39122
15629	39123
15632	39124
15643	39125
15647	39126
15651	39127
15653	39128
15655	39129
15657	39130
15667	39131
15674	39132
15675	39133
15679	39134
15680	39135
15685	39136
15687	39137
15691	39138
15692	39139
15695	39140
15696	39141
15699	39142
15704	39143
15706	39144
15715	39145
15716	39146
15719	39147
15732	39148
15733	39149
15736	39150
15745	39151
15748	39152
15751	39153
15755	39154
15759	39155
15761	39156
15762	39157
15764	39158
15765	39159
15766	39160
15773	39161
15775	39162
15776	39163
15779	39164
15781	39165
15783	39166
15785	39167
15807	39168
15810	39169
15812	39170
15815	39171
15817	39172
15819	39173
15821	39174
15823	39175
15829	39176
15831	39177
15832	39178
15833	39179
15834	39180
15837	39181
15840	39182
15846	39183
15849	39184
15857	39185
15862	39186
15863	39187
15864	39188
15872	39189
15879	39190
15893	39191
15907	39192
15908	39193
15910	39194
15916	39195
15935	39196
15938	39197
15953	39198
15956	39199
15960	39200
15962	39201
15963	39202
15966	39203
15975	39204
15979	39205
15980	39206
15982	39207
15985	39208
15990	39209
15991	39210
16004	39211
16006	39212
16007	39213
16009	39214
16012	39215
16013	39216
16015	39217
16016	39218
16018	39219
16024	39220
16029	39221
16033	39222
16035	39223
16046	39224
16048	39225
16053	39226
16054	39227
16061	39228
16064	39229
16066	39230
16068	39231
16073	39232
16082	39233
16087	39234
16090	39235
16091	39236
16097	39237
16099	39238
16102	39239
16107	39240
16111	39241
16114	39242
16119	39243
16130	39244
16135	39245
16138	39246
16145	39247
16150	39248
16151	39249
16155	39250
16159	39251
16161	39252
16164	39253
16165	39254
16175	39255
16180	39256
16189	39257
16190	39258
16192	39259
16197	39260
16199	39261
16212	39262
16215	39263
16221	39264
16228	39265
16229	39266
16237	39267
16238	39268
16243	39269
16244	39270
16254	39271
16261	39272
16262	39273
16264	39274
16269	39275
16271	39276
16275	39277
16283	39278
16286	39279
16290	39280
16292	39281
16296	39282
16311	39283
16312	39284
16313	39285
16325	39286
16329	39287
16334	39288
16336	39289
16341	39290
16345	39291
16354	39292
16356	39293
16358	39294
16369	39295
16382	39296
16398	39297
16403	39298
16407	39299
16409	39300
16415	39301
16428	39302
16436	39303
16440	39304
16441	39305
16444	39306
16448	39307
16457	39308
16459	39309
16463	39310
16467	39311
16471	39312
16475	39313
16481	39314
16484	39315
16494	39316
16495	39317
16497	39318
16501	39319
16506	39320
16512	39321
16513	39322
16522	39323
16523	39324
16524	39325
16530	39326
16538	39327
16539	39328
16541	39329
16547	39330
16555	39331
16556	39332
16557	39333
16558	39334
16570	39335
16572	39336
16574	39337
16576	39338
16589	39339
16591	39340
16595	39341
16596	39342
16599	39343
16600	39344
16601	39345
16603	39346
16606	39347
16611	39348
16614	39349
16618	39350
16620	39351
16622	39352
16625	39353
16627	39354
16643	39355
16652	39356
16654	39357
16655	39358
16656	39359
16659	39360
16660	39361
16661	39362
16662	39363
16663	39364
16667	39365
16668	39366
16671	39367
16674	39368
16681	39369
16689	39370
16691	39371
16700	39372
16705	39373
16708	39374
16710	39375
16712	39376
16716	39377
16732	39378
16738	39379
16745	39380
16749	39381
16752	39382
16754	39383
16755	39384
16756	39385
16758	39386
16767	39387
16769	39388
16770	39389
16774	39390
16775	39391
16777	39392
16779	39393
16780	39394
16787	39395
16790	39396
16801	39397
16805	39398
16810	39399
16812	39400
16821	39401
16826	39402
16833	39403
16835	39404
16843	39405
16848	39406
16852	39407
16853	39408
16854	39409
16855	39410
16860	39411
16861	39412
16864	39413
16869	39414
16873	39415
16877	39416
16883	39417
16887	39418
16891	39419
16900	39420
16903	39421
16905	39422
16908	39423
16911	39424
16922	39425
16924	39426
16926	39427
16931	39428
16932	39429
16934	39430
16936	39431
16937	39432
16938	39433
16939	39434
16946	39435
16953	39436
16954	39437
16961	39438
16962	39439
16964	39440
16967	39441
16974	39442
16975	39443
16976	39444
16977	39445
16981	39446
16987	39447
16993	39448
17004	39449
17008	39450
17011	39451
17018	39452
17019	39453
17020	39454
17022	39455
17025	39456
17035	39457
17044	39458
17049	39459
17054	39460
17057	39461
17058	39462
17061	39463
17064	39464
17068	39465
17072	39466
17074	39467
17077	39468
17079	39469
17082	39470
17086	39471
17088	39472
17096	39473
17102	39474
17109	39475
17110	39476
17127	39477
17146	39478
17149	39479
17153	39480
17154	39481
17159	39482
17160	39483
17165	39484
17166	39485
17167	39486
17170	39487
17171	39488
17187	39489
17189	39490
17190	39491
17198	39492
17200	39493
17203	39494
17210	39495
17216	39496
17220	39497
17224	39498
17225	39499
17226	39500
17229	39501
17230	39502
17231	39503
17233	39504
17234	39505
17238	39506
17239	39507
17240	39508
17241	39509
17243	39510
17246	39511
17251	39512
17253	39513
17255	39514
17259	39515
17264	39516
17268	39517
17274	39518
17275	39519
17277	39520
17278	39521
17280	39522
17282	39523
17284	39524
17289	39525
17290	39526
17294	39527
17295	39528
17308	39529
17311	39530
17317	39531
17318	39532
17321	39533
17333	39534
17343	39535
17345	39536
17351	39537
17353	39538
17357	39539
17360	39540
17384	39541
17387	39542
17391	39543
17392	39544
17408	39545
17409	39546
17412	39547
17420	39548
17428	39549
17429	39550
17431	39551
17433	39552
17436	39553
17437	39554
17442	39555
17445	39556
17451	39557
17457	39558
17466	39559
17479	39560
17483	39561
17487	39562
17498	39563
17499	39564
17507	39565
17508	39566
17517	39567
17524	39568
17526	39569
17529	39570
17533	39571
17535	39572
17536	39573
17543	39574
17547	39575
17561	39576
17566	39577
17568	39578
17570	39579
17573	39580
17581	39581
17583	39582
17588	39583
17589	39584
17590	39585
17592	39586
17597	39587
17598	39588
17601	39589
17602	39590
17604	39591
17609	39592
17611	39593
17618	39594
17619	39595
17623	39596
17629	39597
17631	39598
17633	39599
17634	39600
17640	39601
17643	39602
17645	39603
17651	39604
17652	39605
17654	39606
17656	39607
17659	39608
17663	39609
17666	39610
17671	39611
17675	39612
17678	39613
17687	39614
17691	39615
17694	39616
17698	39617
17707	39618
17708	39619
17715	39620
17721	39621
17726	39622
17728	39623
17729	39624
17732	39625
17733	39626
17740	39627
17741	39628
17746	39629
17750	39630
17751	39631
17755	39632
17758	39633
17760	39634
17764	39635
17769	39636
17771	39637
17775	39638
17777	39639
17781	39640
17790	39641
17794	39642
17799	39643
17806	39644
17808	39645
17813	39646
17815	39647
17820	39648
17826	39649
17827	39650
17830	39651
17832	39652
17835	39653
17836	39654
17837	39655
17844	39656
17846	39657
17851	39658
17852	39659
17853	39660
17865	39661
17869	39662
17870	39663
17872	39664
17874	39665
17882	39666
17894	39667
17899	39668
17900	39669
17901	39670
17902	39671
17903	39672
17907	39673
17912	39674
17913	39675
17915	39676
17931	39677
17934	39678
17935	39679
17943	39680
17945	39681
17947	39682
17951	39683
17958	39684
17961	39685
17963	39686
17966	39687
17968	39688
17973	39689
17974	39690
17975	39691
17977	39692
17978	39693
17982	39694
17983	39695
17986	39696
17988	39697
17996	39698
18005	39699
18008	39700
18010	39701
18014	39702
18017	39703
18022	39704
18023	39705
18027	39706
18029	39707
18030	39708
18036	39709
18039	39710
18040	39711
18041	39712
18043	39713
18044	39714
18045	39715
18050	39716
18057	39717
18062	39718
18065	39719
18066	39720
18071	39721
18073	39722
18074	39723
18076	39724
18089	39725
18090	39726
18098	39727
18099	39728
18120	39729
18121	39730
18127	39731
18128	39732
18130	39733
18134	39734
18135	39735
18138	39736
18139	39737
18140	39738
18143	39739
18157	39740
18159	39741
18161	39742
18164	39743
18166	39744
18169	39745
18170	39746
18175	39747
18181	39748
18182	39749
18186	39750
18187	39751
18194	39752
18197	39753
18201	39754
18205	39755
18210	39756
18213	39757
18214	39758
18222	39759
18227	39760
18229	39761
18230	39762
18233	39763
18240	39764
18251	39765
18255	39766
18257	39767
18260	39768
18261	39769
18267	39770
18268	39771
18276	39772
18278	39773
18281	39774
18282	39775
18286	39776
18288	39777
18299	39778
18300	39779
18303	39780
18305	39781
18316	39782
18318	39783
18321	39784
18323	39785
18326	39786
18336	39787
18337	39788
18343	39789
18345	39790
18346	39791
18350	39792
18359	39793
18362	39794
18366	39795
18367	39796
18368	39797
18377	39798
18386	39799
18387	39800
18391	39801
18396	39802
18399	39803
18402	39804
18403	39805
18415	39806
18422	39807
18423	39808
18434	39809
18436	39810
18438	39811
18440	39812
18449	39813
18451	39814
18453	39815
18455	39816
18465	39817
18468	39818
18469	39819
18473	39820
18478	39821
18481	39822
18485	39823
18498	39824
18500	39825
18502	39826
18510	39827
18511	39828
18514	39829
18519	39830
18529	39831
18532	39832
18533	39833
18535	39834
18536	39835
18541	39836
18549	39837
18551	39838
18553	39839
18558	39840
18560	39841
18563	39842
18567	39843
18574	39844
18592	39845
18596	39846
18598	39847
18606	39848
18607	39849
18610	39850
18611	39851
18612	39852
18614	39853
18627	39854
18628	39855
18630	39856
18632	39857
18634	39858
18639	39859
18641	39860
18642	39861
18650	39862
18661	39863
18665	39864
18666	39865
18667	39866
18668	39867
18669	39868
18671	39869
18676	39870
18677	39871
18692	39872
18696	39873
18697	39874
18698	39875
18701	39876
18703	39877
18705	39878
18706	39879
18712	39880
18718	39881
18721	39882
18722	39883
18723	39884
18725	39885
18730	39886
18738	39887
18739	39888
18741	39889
18747	39890
18748	39891
18750	39892
18754	39893
18755	39894
18760	39895
18762	39896
18767	39897
18776	39898
18780	39899
18788	39900
18789	39901
18797	39902
18798	39903
18801	39904
18804	39905
18806	39906
18810	39907
18811	39908
18822	39909
18827	39910
18828	39911
18829	39912
18833	39913
18841	39914
18843	39915
18848	39916
18865	39917
18867	39918
18870	39919
18872	39920
18876	39921
18879	39922
18881	39923
18882	39924
18884	39925
18885	39926
18886	39927
18896	39928
18897	39929
18898	39930
18909	39931
18917	39932
18921	39933
18922	39934
18923	39935
18926	39936
18927	39937
18929	39938
18931	39939
18933	39940
18935	39941
18942	39942
18948	39943
18951	39944
18955	39945
18956	39946
18967	39947
18970	39948
18987	39949
18991	39950
18994	39951
19002	39952
19004	39953
19009	39954
19014	39955
19015	39956
19016	39957
19029	39958
19032	39959
19034	39960
19035	39961
19038	39962
19054	39963
19057	39964
19060	39965
19066	39966
19074	39967
19076	39968
19081	39969
19083	39970
19090	39971
19092	39972
19094	39973
19099	39974
19102	39975
19103	39976
19106	39977
19108	39978
19112	39979
19113	39980
19117	39981
19118	39982
19121	39983
19123	39984
19129	39985
19132	39986
19136	39987
19138	39988
19140	39989
19141	39990
19150	39991
19154	39992
19155	39993
19157	39994
19160	39995
19163	39996
19167	39997
19168	39998
19170	39999
19171	40000
19174	40001
19177	40002
19178	40003
19186	40004
19188	40005
19198	40006
19201	40007
19203	40008
19205	40009
19209	40010
19211	40011
19218	40012
19225	40013
19228	40014
19235	40015
19258	40016
19261	40017
19262	40018
19263	40019
19264	40020
19267	40021
19270	40022
19272	40023
19273	40024
19282	40025
19297	40026
19304	40027
19305	40028
19316	40029
19317	40030
19318	40031
19320	40032
19321	40033
19330	40034
19331	40035
19333	40036
19335	40037
19344	40038
19347	40039
19356	40040
19362	40041
19363	40042
19367	40043
19370	40044
19380	40045
19381	40046
19386	40047
19387	40048
19392	40049
19395	40050
19396	40051
19398	40052
19401	40053
19409	40054
19415	40055
19416	40056
19418	40057
19419	40058
19422	40059
19424	40060
19427	40061
19428	40062
19432	40063
19433	40064
19437	40065
19439	40066
19441	40067
19446	40068
19450	40069
19451	40070
19458	40071
19464	40072
19466	40073
19483	40074
19484	40075
19497	40076
19498	40077
19507	40078
19509	40079
19511	40080
19514	40081
19519	40082
19529	40083
19536	40084
19541	40085
19543	40086
19549	40087
19554	40088
19558	40089
19559	40090
19562	40091
19565	40092
19566	40093
19575	40094
19580	40095
19581	40096
19585	40097
19587	40098
19594	40099
19596	40100
19598	40101
19602	40102
19607	40103
19609	40104
19610	40105
19613	40106
19617	40107
19619	40108
19626	40109
19638	40110
19639	40111
19642	40112
19647	40113
19648	40114
19650	40115
19653	40116
19657	40117
19667	40118
19676	40119
19680	40120
19683	40121
19686	40122
19693	40123
19694	40124
19699	40125
19708	40126
19710	40127
19712	40128
19713	40129
19715	40130
19721	40131
19724	40132
19733	40133
19737	40134
19746	40135
19747	40136
19751	40137
19752	40138
19759	40139
19761	40140
19762	40141
19765	40142
19768	40143
20015	40144
20050	40145
20301	40146
20320	40147
20383	40148
20448	40149
20467	40150
20508	40151
20763	40152
20915	40153
21307	40154
21358	40155
21593	40156
21622	40157
21740	40158
21760	40159
21801	40160
21917	40161
22296	40162
22302	40163
22303	40164
22312	40165
22326	40166
22330	40167
22332	40168
22333	40169
22334	40170
22336	40171
22340	40172
22342	40173
22344	40174
22348	40175
22350	40176
22352	40177
22360	40178
22362	40179
22363	40180
22366	40181
22381	40182
22383	40183
22387	40184
22389	40185
22390	40186
22396	40187
22403	40188
22404	40189
22406	40190
22409	40191
22417	40192
22421	40193
22422	40194
22424	40195
22425	40196
22432	40197
22439	40198
22442	40199
22444	40200
22448	40201
22450	40202
22456	40203
22457	40204
22460	40205
22463	40206
22470	40207
22477	40208
22482	40209
22486	40210
22489	40211
22491	40212
22494	40213
22495	40214
22510	40215
22511	40216
22516	40217
22518	40218
22521	40219
22527	40220
22530	40221
22533	40222
22534	40223
22535	40224
22536	40225
22540	40226
22546	40227
22547	40228
22553	40229
22554	40230
22558	40231
22565	40232
22566	40233
