29888
29889
29890
29893
29895
29897
29898
29901
29903
29905
29907
29910
29912
29914
29920
29921
29925
29927
29928
29931
29932
29933
29934
29935
29936
29944
29945
29951
29958
29961
29962
29964
29965
29973
29975
29976
29979
29984
29985
29988
29989
29990
29994
29995
29998
30004
30006
30008
30010
30013
30016
30017
30018
30019
30020
30021
30024
30026
30028
30031
30035
30037
30038
30041
30042
30048
30049
30052
30053
30056
30057
30058
30059
30060
30063
30073
30074
30075
30085
30087
30090
30093
30098
30100
30102
30109
30116
30118
30124
30125
30127
30128
30129
30130
30134
30137
30141
30149
30150
30154
30155
30157
30161
30164
30168
30171
30175
30178
30179
30180
30181
30182
30183
30185
30189
30194
30195
30197
30198
30199
30201
30209
30212
30217
30219
30220
30221
30222
30225
30227
30228
30230
30231
30232
30234
30235
30238
30240
30245
30246
30249
30250
30251
30253
30262
30265
30267
30270
30273
30278
30280
30281
30282
30286
30287
30294
30296
30299
30301
30302
30305
30308
30310
30318
30319
30320
30322
30325
30329
30330
30333
30334
30338
30343
30344
30345
30347
30349
30351
30353
30355
30356
30357
30360
30362
30365
30374
30375
30377
30379
30386
30389
30390
30391
30396
30399
30400
30402
30404
30405
30407
30412
30413
30416
30417
30419
30420
30422
30426
30433
30434
30435
30439
30440
30441
30446
30448
30450
30452
30453
30454
30461
30463
30464
30465
30467
30473
30477
30482
30487
30488
30489
30493
30495
30496
30499
30500
30501
30502
30504
30512
30515
30516
30520
30525
30528
30529
30530
30531
30533
30540
30543
30546
30547
30548
30549
30550
30551
30553
30558
30560
30563
30567
30568
30570
30573
30574
30575
30576
30579
30582
30583
30584
30585
30587
30591
30592
30594
30595
30598
30600
30606
30608
30611
30612
30617
30619
30620
30630
30635
30637
30641
30642
30643
30644
30646
30651
30653
30656
30660
30662
30668
30678
30679
30681
30683
30684
30685
30692
30694
30699
30703
30704
30707
30709
30715
30722
30723
30728
30730
30733
30736
30737
30738
30740
30742
30743
30746
30747
30751
30760
30763
30768
30770
30771
30772
30773
30774
30775
30777
30778
30779
30780
30781
30784
30785
30787
30788
30790
30791
30795
30797
30803
30804
30805
30806
30807
30810
30814
30819
30820
30821
30822
30823
30825
30827
30828
30834
30836
30838
30839
30844
30849
30850
30851
30854
30856
30861
30864
30865
30866
30873
30875
30881
30887
30888
30892
30893
30895
30897
30898
30901
30902
30906
30909
30912
30914
30916
30919
30921
30922
30923
30932
30941
30950
30951
30964
30965
30966
30973
30974
30976
30977
30984
30990
30992
30993
30995
30997
30999
31002
31003
31004
31009
31010
31012
31018
31020
31023
31029
31032
31033
31036
31044
31045
31052
31053
31055
31057
31062
31063
31064
31066
31068
31071
31072
31073
31074
31076
31077
31078
31080
31084
31085
31089
31092
31094
31096
31098
31100
31102
31103
31105
31106
31109
31110
31112
31113
31114
31117
31118
31119
31125
31131
31132
31134
31138
31139
31140
31149
31158
31161
31162
31164
31165
31167
31169
31171
31172
31173
31175
31176
31177
31178
31179
31180
31181
31184
31185
31186
31187
31193
31194
31196
31199
31202
31203
31207
31208
31209
31210
31215
31216
31217
31225
31227
31229
31230
31233
31235
31237
31239
31244
31249
31257
31260
31261
31262
31264
31266
31271
31273
31275
31277
31279
31286
31289
31291
31293
31297
31300
31301
31302
31305
31311
31312
31314
31318
31323
31324
31326
31327
31334
31336
31345
31350
31353
31356
31359
31361
31366
31368
31369
31370
31373
31374
31375
31379
31381
31383
31384
31389
31393
31394
31395
31396
31397
31401
31402
31408
31415
31418
31421
31422
31425
31426
31427
31429
31433
31434
31435
31439
31442
31447
31448
31453
31458
31462
31464
31465
31468
31473
31478
31480
31485
31489
31491
31499
31500
31501
31509
31513
31514
31516
31520
31522
31524
31526
31529
31530
31532
31535
31536
31537
31538
31541
31542
31551
31552
31555
31556
31558
31559
31563
31568
31571
31573
31575
31580
31585
31587
31591
31592
31599
31600
31604
31605
31606
31608
31616
31618
31620
31623
31624
31626
31627
31631
31634
31643
31644
31645
31647
31648
31649
31654
31655
31658
31659
31665
31667
31669
31683
31685
31690
31692
31693
31694
31695
31697
31700
31701
31705
31706
31707
31709
31718
31724
31725
31729
31731
31734
31735
31736
31737
31742
31747
31750
31758
31765
31766
31772
31773
31774
31776
31782
31783
31786
31788
31789
31791
31793
31802
31803
31807
31808
31811
31812
31814
31816
31819
31824
31827
31829
31832
31835
31842
31846
31849
31850
31852
31853
31854
31856
31859
31864
31866
31867
31879
31881
31883
31884
31886
31888
31889
31891
31892
31893
31894
31895
31903
31906
31909
31913
31914
31917
31919
31922
31924
31928
31931
31933
31935
31937
31938
31940
31941
31942
31945
31946
31947
31949
31954
31959
31960
31962
31963
31968
31972
31973
31975
31978
31979
31980
31982
31983
31984
31986
31993
31998
31999
32006
32012
32013
32016
32017
32018
32022
32023
32030
32033
32041
32047
32051
32054
32055
32056
32059
32060
32062
32065
32071
32076
32081
32082
32083
32085
32089
32092
32098
32100
32103
32104
32105
32107
32108
32109
32110
32116
32117
32122
32124
32127
32135
32141
32150
32160
32161
32162
32165
32166
32168
32170
32171
32173
32177
32178
32180
32184
32192
32193
32194
32196
32199
32202
32203
32205
32206
32209
32210
32213
32216
32218
32220
32221
32225
32226
32229
32236
32237
32240
32243
32245
32247
32248
32249
32252
32254
32256
32261
32262
32263
32269
32273
32274
32275
32277
32278
32280
32288
32289
32290
32295
32296
32300
32308
32311
32312
32318
32320
32321
32323
32324
32325
32326
32329
32332
32339
32340
32347
32348
32349
32350
32353
32358
32360
32364
32366
32368
32369
32370
32371
32372
32377
32381
32382
32383
32384
32388
32389
32390
32392
32395
32396
32398
32400
32401
32404
32407
32410
32412
32414
32415
32417
32420
32423
32425
32426
32431
32433
32434
32435
32438
32441
32442
32445
32450
32456
32459
32461
32462
32463
32474
32482
32483
32488
32491
32492
32495
32496
32498
32504
32505
32514
32519
32522
32523
32524
32525
32526
32527
32529
32530
32531
32544
32545
32546
32547
32548
32549
32550
32551
32556
32560
32562
32564
32565
32568
32575
32581
32585
32586
32591
32592
32593
32597
32601
32602
32603
32606
32612
32621
32624
32628
32633
32634
32639
32640
32641
32644
32645
32647
32650
32651
32656
32657
32660
32661
32664
32669
32671
32674
32677
32678
32683
32684
32686
32687
32689
32690
32694
32702
32703
32709
32710
32712
32717
32718
32719
32721
32722
32724
32725
32728
32730
32737
32738
32741
32742
32743
32748
32751
32752
32754
32758
32759
32761
32762
32764
32765
32768
32771
32773
32777
32778
32780
32781
32783
32784
32789
32790
32791
32794
32795
32801
32802
32803
32804
32807
32809
32811
32815
32816
32821
32822
32823
32824
32826
32831
32833
32836
32839
32841
32842
32844
32847
32848
32849
32853
32856
32857
32861
32862
32874
32875
32876
32878
32879
32881
32884
32885
32886
32887
32892
32893
32896
32898
32899
32900
32901
32902
32904
32905
32908
32911
32913
32915
32916
32917
32919
32921
32922
32924
32925
32932
32937
32939
32942
32948
32950
32953
32954
32955
32958
32960
32961
32964
32967
32968
32971
32974
32980
32983
32988
32999
33003
33007
33010
33011
33016
33019
33020
33023
33025
33026
33027
33032
33033
33034
33036
33039
33041
33042
33044
33046
33048
33049
33050
33051
33054
33056
33057
33059
33060
33062
33063
33064
33068
33069
33070
33072
33074
33076
33080
33082
33086
33088
33090
33094
33095
33097
33098
33099
33103
33105
33118
33122
33123
33124
33125
33134
33135
33136
33137
33138
33139
33140
33144
33145
33148
33149
33150
33151
33154
33155
33161
33166
33168
33169
33172
33174
33176
33181
33185
33190
33194
33196
33202
33207
33211
33212
33218
33221
33222
33225
33226
33227
33236
33237
33241
33243
33246
33248
33249
33254
33258
33260
33265
33272
33276
33279
33284
33287
33288
33290
33294
33295
33296
33298
33303
33309
33313
33314
33319
33320
33321
33323
33327
33328
33331
33333
33335
33336
33338
33339
33344
33347
33352
33353
33354
33356
33357
33359
33367
33369
33370
33371
33375
33378
33380
33381
33383
33386
33387
33393
33395
33404
33406
33408
33409
33413
33416
33418
33420
33421
33424
33430
33431
33432
33434
33435
33436
33438
33440
33442
33444
33445
33451
33452
33453
33455
33459
33460
33461
33465
33468
33469
33470
33472
33477
33480
33484
33486
33487
33488
33489
33492
33495
33496
33506
33507
33513
33515
33519
33524
33526
33529
33530
33535
33540
33543
33546
33548
33549
33554
33555
33557
33561
33562
33565
33568
33570
33571
33575
33581
33587
33588
33590
33593
33599
33602
33604
33606
33608
33610
33614
33617
33619
33621
33626
33629
33631
33634
33635
33638
33639
33641
33644
33647
33648
33649
33652
33655
33656
33657
33660
33663
33667
33668
33670
33673
33674
33680
33684
33686
33688
33689
33690
33691
33692
33693
33695
33696
33699
33700
33713
33714
33716
33717
33720
33721
33725
33726
33731
33732
33743
33747
33748
33749
33751
33752
33754
33759
33760
33761
33762
33764
33765
33766
33774
33779
33781
33782
33785
33787
33790
33793
33794
33796
33798
33801
33802
33803
33807
33809
33814
33817
33821
33822
33823
33824
33825
33827
33829
33831
33833
33835
33838
33841
33842
33843
33847
33849
33850
33854
33856
33857
33862
33863
33865
33869
33875
33876
33880
33883
33888
33890
33893
33894
33895
33901
33907
33909
33913
33920
33922
33925
33926
33927
33930
33931
33932
33933
33941
33942
33943
33950
33951
33952
33954
33955
33958
33960
33962
33964
33966
33967
33972
33974
33976
33979
33980
33989
33990
33991
33995
33996
34004
34010
34012
34013
34014
34015
34016
34018
34024
34026
34030
34031
34032
34033
34037
34041
34042
34044
34046
34048
34051
34052
34056
34057
34058
34060
34061
34066
34068
34069
34073
34074
34076
34078
34081
34083
34084
34087
34088
34089
34091
34092
34094
34095
34098
34099
34100
34102
34103
34104
34108
34109
34113
34115
34116
34118
34125
34127
34131
34132
34133
34138
34139
34142
34144
34146
34148
34150
34153
34155
34157
34158
34161
34163
34165
34166
34172
34173
34175
34176
34179
34180
34181
34182
34183
34184
34185
34188
34189
34190
34192
34196
34197
34198
34199
34206
34208
34213
34214
34216
34217
34218
34220
34221
34225
34230
34232
34236
34238
34239
34241
34242
34243
34244
34250
34251
34252
34256
34257
34258
34268
34269
34271
34273
34280
34285
34286
34290
34294
34297
34299
34302
34304
34305
34308
34314
34316
34318
34320
34328
34332
34334
34335
34339
34343
34347
34348
34349
34350
34352
34353
34357
34364
34366
34370
34375
34376
34380
34385
34398
34408
34413
34416
34418
34421
34426
34427
34430
34432
34441
34443
34446
34447
34448
34449
34451
34453
34454
34455
34458
34460
34461
34463
34464
34466
34467
34468
34469
34470
34471
34472
34473
34474
34475
34476
34477
34478
34479
34480
34481
34482
34483
34484
34485
34486
34487
34488
34490
34492
34493
34495
34496
34497
34498
34499
34501
34503
34504
34505
34506
34507
34508
34509
34510
34511
34512
34513
34514
34515
34517
34518
34521
34522
34523
34524
34527
34528
34529
34530
34531
34532
34534
34535
34536
34537
34538
34539
34540
34541
34542
34543
34545
34546
34547
34548
34549
34550
34551
34553
34554
34556
34557
34558
34559
34560
34562
34563
34564
34565
34567
34568
34569
34570
34571
34574
34576
34577
34578
34579
34580
34581
34584
34585
34586
34587
34588
34589
34590
34591
34592
34593
34594
34595
34596
34597
34598
34599
34601
34602
34603
34604
34605
34606
34607
34608
34611
34612
34615
34617
34618
34620
34621
34623
34624
34625
34626
34627
34628
34629
34630
34631
34632
34633
34634
34636
34637
34638
34639
34641
34642
34643
34644
34645
34646
34647
34649
34650
34651
34652
34653
34654
34655
34656
34657
34658
34659
34660
34661
34662
34663
34664
34665
34667
34668
34669
34670
34671
34672
34674
34675
34676
34677
34678
34679
34680
34681
34682
34683
34684
34685
34686
34687
34688
34691
34692
34693
34694
34695
34697
34698
34699
34700
34701
34703
34704
34706
34707
34708
34709
34710
34711
34712
34713
34714
34716
34717
34718
34719
34720
34722
34723
34724
34725
34726
34727
34728
34729
34732
34733
34735
34736
34737
34738
34739
34742
34743
34744
34745
34746
34747
34748
34749
34751
34752
34753
34757
34758
34759
34760
34761
34762
34763
34764
34765
34766
34767
34768
34769
34770
34771
34772
34773
34774
34775
34776
34777
34778
34779
34780
34781
34782
34783
34784
34785
34786
34787
34788
34789
34790
34791
34792
34793
34795
34796
34797
34798
34799
34800
34801
34802
34803
34805
34806
34807
34808
34809
34810
34811
34812
34813
34816
34817
34819
34821
34822
34823
34824
34825
34826
34827
34828
34829
34830
34831
34832
34833
34834
34835
34836
34837
34839
34840
34841
34842
34843
34844
34845
34846
34847
34848
34849
34850
34851
34852
34853
34854
34855
34856
34857
34858
34859
34860
34862
34863
34864
34865
34866
34868
34869
34870
34871
34872
34873
34874
34875
34876
34877
34878
34879
34880
34882
34883
34884
34885
34886
34887
34888
34889
34890
34891
34893
34895
34896
34897
34898
34899
34900
34901
34903
34904
34905
34906
34907
34908
34909
34910
34911
34912
34913
34914
34915
34916
34918
34919
34920
34921
34922
34923
34924
34927
34928
34929
34930
34931
34933
34934
34936
34937
34938
34939
34940
34941
34942
34943
34944
34945
34946
34947
34948
34949
34950
34951
34952
34953
34954
34955
34956
34957
34959
34960
34961
34962
34963
34964
34966
34967
34968
34969
34970
34972
34973
34974
34975
34976
34977
34978
34980
34981
34982
34984
34986
34987
34988
34989
34990
34991
34993
34994
34995
34997
34998
34999
35000
35001
35002
35003
35004
35005
35006
35007
35008
35010
35012
35013
35014
35015
35016
35017
35018
35019
35020
35021
35023
35024
35025
35026
35027
35028
35029
35030
35031
35032
35033
35034
35038
35039
35040
35041
35042
35043
35045
35046
35048
35049
35050
35051
35052
35053
35054
35055
35056
35057
35058
35059
35060
35061
35062
35063
35066
35067
35068
35069
35071
35072
35073
35074
35075
35076
35077
35078
35079
35080
35081
35082
35085
35086
35087
35088
35089
35090
35091
35092
35094
35095
35096
35097
35099
35101
35102
35104
35105
35106
35107
35108
35109
35111
35112
35113
35114
35115
35116
35118
35119
35120
35121
35123
35124
35125
35126
35127
35128
35129
35130
35131
35132
35134
35136
35138
35139
35140
35141
35142
35143
35144
35145
35146
35147
35148
35150
35151
35152
35153
35154
35155
35156
35157
35158
35159
35160
35161
35162
35163
35164
35165
35166
35167
35168
35169
35170
35171
35173
35174
35175
35178
35179
35180
35181
35182
35183
35184
35185
35186
35187
35188
35189
35190
35191
35192
35193
35196
35197
35199
35200
35202
35203
35205
35206
35207
35209
35210
35211
35212
35213
35214
35215
35216
35218
35220
35222
35223
35225
35226
35227
35228
35229
35230
35232
35233
35234
35236
35237
35238
35239
35240
35241
35242
35243
35244
35245
35246
35247
35248
35250
35251
35252
35253
35254
35255
35256
35257
35258
35259
35261
35262
35263
35264
35265
35266
35267
35268
35269
35270
35271
35273
35274
35275
35276
35277
35279
35280
35281
35284
35285
35287
35288
35289
35290
35291
35292
35294
35295
35296
35297
35298
35300
35301
35302
35303
35304
35305
35306
35308
35309
35310
35311
35312
35313
35314
35315
35316
35317
35318
35319
35320
35322
35323
35324
35325
35326
35327
35328
35329
35330
35331
35332
35335
35336
35337
35338
35339
35340
35341
35342
35343
35344
35345
35346
35347
35348
35350
35351
35352
35353
35354
35355
35356
35357
35358
35360
35361
35362
35363
35364
35365
35366
35367
35368
35370
35371
35372
35373
35374
35375
35376
35377
35378
35379
35380
35381
35384
35385
35386
35387
35388
35390
35391
35392
35393
35394
35395
35396
35397
35398
35400
35401
35402
35403
35404
35405
35406
35407
35408
35409
35410
35411
35412
35413
35414
35415
35416
35417
35418
35419
35420
35421
35423
35425
35426
35427
35429
35430
35431
35432
35433
35435
35436
35437
35440
35441
35442
35443
35444
35445
35446
35447
35448
35449
35450
35451
35452
35453
35454
35455
35456
35458
35459
35460
35461
35462
35463
35464
35465
35466
35467
35468
35470
35473
35474
35475
35476
35477
35478
35479
35480
35481
35482
35483
35485
35486
35487
35488
35489
35490
35491
35492
35494
35495
35496
35497
35499
35500
35501
35502
35503
35504
35505
35506
35507
35508
35509
35510
35511
35512
35513
35514
35516
35517
35518
35519
35520
35521
35522
35523
35524
35525
35526
35528
35529
35530
35531
35535
35536
35537
35539
35540
35542
35543
35544
35545
35547
35548
35549
35550
35551
35552
35553
35556
35557
35558
35559
35560
35561
35563
35564
35565
35566
35567
35568
35569
35570
35571
35572
35573
35574
35575
35576
35578
35579
35582
35583
35584
35585
35586
35588
35589
35590
35592
35594
35595
35596
35597
35599
35600
35601
35602
35603
35604
35605
35606
35607
35608
35609
35610
35611
35612
35613
35614
35616
35617
35618
35619
35620
35621
35622
35623
35624
35625
35626
35627
35628
35630
35631
35634
35636
35638
35639
35640
35641
35642
35643
35644
35645
35646
35647
35648
35649
35650
35651
35652
35653
35654
35655
35656
35657
35658
35659
35660
35661
35664
35666
35667
35669
35670
35671
35672
35673
35674
35676
35677
35678
35679
35680
35681
35682
35684
35686
35687
35688
35689
35690
35691
35692
35695
35696
35697
35698
35699
35700
35701
35702
35703
35704
35706
35707
35708
35709
35710
35711
35712
35714
35716
35717
35718
35719
35720
35721
35722
35723
35725
35727
35728
35729
35730
35731
35732
35733
35734
35735
35737
35738
35739
35740
35741
35743
35744
35745
35749
35750
35751
35752
35753
35754
35755
35756
35757
35758
35759
35760
35761
35762
35763
35764
35765
35766
35767
35768
35770
35771
35772
35773
35777
35778
35779
35780
35781
35782
35783
35784
35785
35786
35787
35788
35789
35790
35791
35792
35793
35794
35795
35796
35797
35798
35799
35800
35801
35802
35803
35804
35805
35808
35809
35810
35811
35812
35813
35814
35816
35817
35818
35819
35820
35821
35823
35827
35828
35829
35831
35832
35833
35835
35836
35837
35839
35840
35841
35842
35843
35845
35846
35847
35849
35852
35853
35854
35855
35856
35857
35858
35859
35860
35861
35862
35863
35864
35866
35867
35869
35870
35871
35873
35874
35875
35876
35877
35878
35879
35880
35881
35882
35883
35885
35886
35888
35889
35890
35891
35892
35893
35894
35895
35896
35897
35898
35899
35901
35902
35903
35904
35905
35906
35908
35909
35911
35913
35914
35915
35917
35918
35919
35921
35922
35924
35925
35926
35927
35928
35929
35930
35931
35932
35933
35934
35935
35936
35938
35939
35940
35941
35942
35943
35944
35947
35950
35951
35952
35953
35954
35955
35956
35957
35959
35960
35962
35963
35964
35965
35966
35967
35968
35970
35972
35974
35975
35976
35977
35978
35979
35980
35981
35982
35983
35984
35985
35986
35987
35988
35989
35990
35991
35992
35995
35996
35997
35998
35999
36000
36001
36002
36003
36004
36005
36006
36007
36008
36009
36010
36011
36012
36013
36014
36015
36016
36017
36018
36019
36020
36021
36025
36026
36027
36028
36029
36030
36031
36032
36033
36034
36036
36037
36038
36039
36040
36041
36042
36043
36044
36045
36046
36047
36048
36051
36052
36053
36054
36055
36056
36057
36058
36060
36061
36063
36065
36066
36067
36068
36069
36070
36071
36072
36073
36074
36075
36076
36077
36078
36079
36080
36081
36082
36083
36084
36085
36086
36087
36088
36089
36090
36091
36092
36093
36094
36095
36096
36097
36098
36099
36100
36101
36102
36103
36104
36105
36107
36109
36111
36112
36113
36114
36116
36117
36118
36120
36121
36122
36123
36125
36126
36128
36129
36130
36131
36133
36134
36135
36136
36138
36139
36140
36141
36142
36143
36144
36145
36147
36148
36149
36150
36151
36152
36153
36155
36156
36158
36159
36160
36161
36162
36164
36165
36167
36168
36169
36170
36171
36172
36173
36174
36175
36176
36177
36178
36179
36180
36181
36182
36183
36184
36185
36186
36187
36188
36190
36191
36192
36193
36194
36195
36196
36197
36198
36199
36200
36201
36202
36203
36204
36205
36207
36208
36209
36210
36212
36213
36214
36215
36216
36217
36218
36219
36220
36222
36223
36224
36225
36226
36228
36229
36230
36231
36232
36233
36234
36235
36236
36237
36238
36239
36240
36241
36242
36243
36244
36245
36247
36248
36249
36251
36253
36254
36255
36256
36257
36258
36261
36262
36264
36265
36266
36267
36269
36270
36271
36273
36275
36277
36278
36280
36281
36282
36283
36284
36286
36288
36289
36290
36291
36292
36295
36296
36297
36298
36299
36300
36302
36303
36304
36305
36306
36307
36308
36309
36311
36312
36313
36314
36315
36316
36317
36318
36319
36320
36321
36323
36324
36325
36326
36327
36329
36330
36331
36332
36333
36334
36335
36336
36337
36338
36340
36341
36342
36343
36344
36346
36348
36349
36350
36351
36352
36353
36354
36355
36356
36357
36358
36359
36360
36361
36362
36363
36364
36365
36366
36367
36368
36370
36371
36372
36373
36374
36375
36376
36377
36378
36379
36380
36381
36382
36383
36384
36386
36387
36388
36389
36390
36391
36392
36396
36397
36398
36400
36401
36402
36403
36404
36405
36406
36407
36408
36409
36410
36411
36412
36413
36414
36415
36416
36418
36419
36420
36421
36423
36424
36425
36427
36428
36430
36431
36432
36434
36435
36436
36437
36440
36441
36442
36443
36444
36445
36446
36447
36448
36449
36450
36453
36454
36455
36456
36457
36459
36461
36462
36463
36464
36465
36467
36468
36469
36470
36471
36472
36473
36475
36476
36477
36478
36479
36480
36481
36482
36483
36484
36485
36486
36487
36488
36489
36490
36491
36492
36493
36494
36495
36498
36499
36500
36501
36503
36504
36505
36506
36507
36508
36510
36511
36512
36513
36514
36515
36516
36517
36518
36524
36525
36526
36527
36528
36529
36530
36531
36532
36533
36534
36535
36536
36538
36539
36540
36541
36542
36543
36544
36545
36546
36547
36548
36549
36551
36552
36553
36554
36555
36556
36558
36559
36561
36562
36565
36566
36568
36569
36570
36571
36572
36573
36574
36575
36576
36577
36578
36579
36580
36581
36582
36583
36584
36585
36586
36588
36589
36590
36591
36593
36594
36595
36596
36597
36598
36599
36600
36602
36605
36606
36607
36608
36609
36610
36611
36612
36614
36615
36616
36617
36618
36619
36620
36621
36622
36623
36624
36626
36627
36628
36629
36630
36631
36632
36633
36634
36635
36639
36640
36641
36642
36643
36644
36645
36646
36647
36648
36652
36653
36654
36655
36656
36657
36658
36659
36660
36661
36662
36663
36664
36665
36666
36667
36668
36669
36670
36671
36673
36674
36675
36676
36677
36678
36679
36680
36681
36684
36686
36687
36688
36689
36691
36692
36693
36694
36695
36696
36697
36698
36701
36702
36703
36705
36706
36707
36708
36709
36710
36711
36712
36713
36714
36716
36717
36718
36719
36720
36721
36722
36723
36724
36725
36726
36728
36729
36730
36731
36732
36733
36734
36735
36736
36737
36738
36739
36740
36741
36742
36743
36745
36746
36747
36750
36751
36752
36753
36754
36755
36756
36757
36758
36760
36761
36762
36763
36764
36765
36766
36767
36769
36770
36772
36773
36774
36775
36776
36777
36778
36780
36781
36782
36783
36784
36785
36786
36787
36788
36789
36790
36791
36792
36793
36794
36796
36797
36798
36799
36800
36801
36802
36803
36805
36806
36807
36808
36809
36810
36811
36812
36813
36816
36817
36818
36819
36820
36821
36822
36823
36825
36826
36827
36828
36829
36830
36831
36832
36833
36834
36835
36836
36837
36838
36839
36840
36841
36842
36843
36844
36845
36846
36847
36848
36849
36850
36852
36853
36854
36855
36856
36857
36858
36859
36860
36862
36863
36865
36866
36867
36868
36870
36871
36872
36873
36874
36875
36876
36877
36878
36879
36880
36881
36882
36883
36884
36885
36887
36888
36889
36890
36891
36892
36893
36897
36899
36900
36901
36902
36903
36905
36907
36908
36909
36910
36912
36913
36914
36915
36916
36917
36918
36919
36920
36922
36923
36925
36926
36927
36928
36929
36930
36932
36933
36934
36935
36936
36937
36938
36940
36941
36943
36944
36945
36947
36948
36949
36950
36951
36952
36953
36955
36956
36957
36958
36959
36960
36961
36962
36964
36965
36966
36967
36968
36969
36970
36973
36974
36975
36976
36977
36978
36979
36981
36982
36983
36985
36986
36987
36988
36989
36990
36991
36992
36993
36994
36995
36996
36998
36999
37000
37002
37005
37006
37007
37008
37009
37010
37011
37012
37013
37014
37015
37016
37017
37020
37021
37022
37023
37024
37026
37027
37028
37030
37031
37032
37033
37034
37035
37036
37037
37038
37039
37040
37041
37042
37043
37045
37046
37047
37048
37049
37050
37051
37052
37054
37055
37056
37058
37059
37060
37061
37062
37063
37064
37065
37067
37068
37069
37070
37071
37072
37073
37075
37076
37077
37078
37079
37080
37081
37082
37083
37084
37085
37086
37087
37088
37089
37090
37091
37092
37093
37094
37095
37096
37097
37098
37099
37100
37101
37102
37103
37105
37106
37107
37108
37109
37110
37111
37113
37114
37115
37116
37117
37119
37120
37121
37122
37123
37124
37126
37128
37129
37131
37132
37133
37135
37136
37137
37138
37139
37140
37141
37143
37145
37146
37147
37148
37149
37150
37151
37152
37153
37154
37155
37157
37161
37162
37163
37164
37165
37167
37168
37169
37170
37171
37172
37173
37174
37175
37176
37177
37178
37179
37180
37181
37182
37183
37184
37185
37186
37187
37188
37189
37190
37191
37192
37193
37194
37195
37196
37197
37198
37200
37201
37202
37203
37204
37207
37208
37209
37210
37211
37212
37214
37215
37216
37217
37219
37220
37221
37223
37224
37225
37226
37227
37228
37230
37231
37234
37235
37237
37238
37239
37240
37241
37242
37243
37245
37246
37248
37249
37250
37252
37253
37254
37256
37257
37258
37259
37260
37261
37262
37263
37264
37265
37266
37267
37269
37270
37271
37272
37274
37275
37276
37277
37278
37279
37282
37283
37284
37285
37286
37287
37288
37289
37290
37291
37292
37293
37294
37296
37297
37298
37299
37300
37302
37303
37304
37305
37306
37307
37308
37309
37310
37312
37313
37316
37318
37319
37320
37321
37322
37323
37324
37325
37326
37327
37328
37329
37331
37333
37335
37336
37337
37338
37339
37340
37341
37342
37343
37344
37345
37346
37348
37349
37350
37351
37353
37354
37355
37356
37358
37359
37360
37361
37362
37363
37364
37365
37366
37367
37368
37370
37371
37372
37373
37375
37376
37377
37378
37379
37381
37382
37384
37385
37386
37387
37389
37391
37392
37393
37395
37396
37397
37398
37399
37400
37401
37402
37403
37404
37405
37406
37407
37408
37409
37410
37411
37412
37413
37414
37415
37417
37419
37420
37421
37422
37425
37426
37427
37428
37429
37430
37431
37432
37433
37434
37435
37437
37438
37439
37440
37443
37444
37446
37447
37448
37449
37451
37452
37453
37454
37455
37457
37458
37460
37461
37462
37463
37464
37465
37466
37468
37470
37471
37472
37473
37474
37475
37477
37479
37480
37481
37482
37485
37486
37487
37488
37489
37491
37493
37494
37495
37496
37497
37498
37499
37500
37501
37502
37503
37504
37505
37506
37508
37509
37510
37511
37513
37514
37515
37517
37518
37519
37520
37522
37524
37525
37527
37528
37529
37530
37531
37532
37533
37534
37535
37537
37538
37540
37541
37542
37544
37545
37546
37548
37549
37550
37551
37552
37553
37554
37555
37556
37557
37558
37559
37560
37561
37562
37563
37564
37566
37567
37568
37569
37570
37571
37574
37575
37577
37578
37580
37581
37583
37584
37585
37586
37587
37588
37589
37590
37591
37592
37593
37594
37595
37596
37598
37599
37600
37601
37602
37604
37605
37606
37607
37608
37611
37612
37614
37615
37617
37618
37619
37620
37621
37622
37623
37624
37625
37626
37627
37628
37629
37630
37631
37632
37633
37635
37636
37637
37638
37639
37640
37641
37642
37643
37644
37646
37647
37648
37649
37650
37652
37653
37654
37655
37656
37657
37658
37659
37661
37662
37663
37664
37665
37666
37667
37668
37669
37670
37671
37672
37675
37676
37677
37678
37679
37680
37681
37682
37685
37686
37687
37688
37689
37691
37693
37694
37695
37696
37697
37698
37699
37700
37701
37702
37703
37704
37705
37706
37707
37708
37710
37711
37712
37713
37714
37715
37716
37717
37718
37719
37720
37721
37722
37723
37724
37725
37729
37730
37732
37733
37734
37735
37736
37738
37739
37741
37742
37743
37744
37747
37748
37749
37750
37752
37753
37755
37756
37759
37760
37761
37763
37764
37765
37766
37767
37768
37769
37770
37771
37772
37773
37774
37775
37776
37777
37778
37779
37780
37781
37782
37783
37784
37785
37786
37787
37788
37789
37790
37791
37792
37793
37794
37796
37797
37799
37800
37801
37803
37804
37805
37806
37808
37809
37810
37811
37812
37813
37817
37819
37820
37821
37822
37824
37826
37827
37828
37829
37830
37831
37832
37833
37834
37835
37837
37839
37840
37841
37842
37844
37845
37846
37847
37848
37849
37851
37852
37853
37854
37856
37857
37859
37860
37861
37862
37863
37865
37866
37867
37868
37869
37870
37871
37873
37874
37875
37876
37878
37880
37881
37882
37883
37884
37885
37886
37887
37888
37889
37891
37892
37893
37894
37895
37896
37897
37899
37901
37902
37903
37904
37905
37906
37907
37908
37909
37911
37912
37913
37914
37917
37918
37919
37920
37921
37922
37923
37925
37926
37927
37928
37929
37930
37931
37932
37933
37934
37935
37938
37939
37940
37941
37942
37943
37945
37946
37947
37948
37949
37950
37951
37952
37953
37954
37956
37957
37958
37959
37962
37963
37964
37965
37966
37967
37968
37969
37970
37973
37974
37975
37976
37977
37978
37979
37980
37982
37983
37984
37985
37987
37988
37990
37991
37992
37993
37994
37995
37996
37997
37999
38000
38001
38002
38003
38004
38006
38007
38008
38009
38010
38011
38013
38014
38015
38017
38018
38019
38020
38021
38023
38024
38025
38026
38027
38028
38029
38030
38031
38033
38034
38035
38036
38037
38038
38040
38041
38042
38043
38044
38045
38046
38048
38049
38050
38051
38052
38054
38055
38056
38057
38058
38059
38060
38062
38063
38064
38065
38066
38067
38068
38069
38070
38071
38072
38073
38074
38075
38076
38077
38078
38079
38080
38081
38082
38083
38084
38085
38086
38088
38089
38090
38092
38093
38095
38096
38097
38098
38099
38100
38101
38103
38104
38105
38106
38107
38108
38110
38112
38113
38114
38115
38116
38117
38118
38119
38121
38122
38126
38127
38128
38129
38130
38131
38132
38134
38135
38136
38137
38138
38139
38140
38142
38143
38145
38146
38147
38148
38149
38150
38151
38152
38154
38155
38156
38157
38158
38159
38160
38161
38162
38163
38165
38166
38167
38168
38169
38170
38171
38172
38173
38174
38176
38177
38178
38179
38180
38181
38182
38184
38185
38186
38187
38188
38189
38190
38191
38192
38193
38195
38196
38197
38198
38199
38200
38202
38203
38204
38205
38206
38207
38208
38209
38211
38212
38213
38215
38216
38217
38218
38219
38222
38223
38225
38226
38227
38228
38231
38233
38234
38235
38236
38237
38239
38240
38241
38242
38243
38244
38245
38246
38247
38248
38249
38250
38251
38252
38256
38258
38259
38260
38262
38263
38265
38266
38267
38268
38269
38270
38271
38272
38274
38277
38278
38279
38280
38281
38282
38283
38284
38285
38286
38288
38291
38292
38293
38294
38295
38296
38297
38298
38300
38305
38306
38307
38308
38309
38310
38311
38312
38313
38314
38315
38316
38317
38318
38319
38320
38321
38322
38323
38324
38325
38326
38327
38328
38329
38330
38331
38333
38334
38335
38337
38338
38340
38341
38342
38343
38344
38345
38346
38347
38348
38349
38350
38352
38353
38354
38355
38357
38358
38359
38360
38361
38363
38364
38365
38366
38367
38368
38369
38370
38372
38373
38374
38378
38379
38380
38384
38385
38386
38388
38393
38394
38395
38396
38397
38398
38399
38400
38401
38402
38403
38404
38406
38407
38409
38410
38411
38413
38414
38415
38416
38417
38418
38419
38420
38423
38424
38425
38426
38427
38428
38429
38430
38431
38432
38433
38434
38435
38436
38437
38438
38439
38440
38441
38442
38444
38445
38446
38452
38453
38454
38455
38456
38458
38460
38461
38462
38463
38464
38465
38466
38467
38469
38470
38471
38473
38475
38476
38478
38479
38481
38482
38483
38484
38485
38486
38487
38488
38489
38491
38492
38493
38494
38495
38497
38498
38503
38504
38505
38506
38507
38508
38509
38510
38511
38512
38513
38514
38515
38516
38517
38518
38519
38520
38521
38522
38523
38524
38525
38526
38529
38530
38531
38532
38533
38534
38535
38536
38537
38538
38539
38540
38541
38542
38543
38546
38547
38548
38549
38550
38551
38552
38553
38554
38555
38556
38557
38559
38560
38561
38564
38565
38566
38567
38568
38570
38571
38572
38574
38575
38577
38578
38579
38580
38581
38582
38583
38584
38585
38586
38587
38588
38589
38590
38591
38592
38593
38594
38595
38596
38597
38598
38599
38600
38601
38602
38603
38604
38605
38606
38607
38608
38609
38610
38611
38612
38613
38614
38615
38616
38618
38619
38620
38621
38622
38624
38625
38626
38627
38628
38629
38630
38631
38632
38633
38634
38635
38636
38637
38638
38639
38640
38642
38643
38644
38645
38647
38649
38650
38652
38654
38655
38656
38658
38659
38660
38661
38662
38663
38664
38666
38667
38668
38669
38670
38671
38672
38675
38676
38677
38679
38680
38682
38683
38684
38685
38686
38687
38689
38690
38691
38692
38693
38694
38695
38696
38697
38698
38699
38700
38701
38704
38705
38707
38709
38712
38714
38715
38716
38717
38718
38719
38720
38721
38722
38723
38724
38725
38726
38728
38730
38731
38732
38734
38735
38736
38737
38738
38740
38741
38744
38747
38748
38749
38751
38752
38753
38755
38756
38757
38758
38760
38761
38764
38765
38767
38769
38770
38771
38772
38774
38775
38776
38780
38781
38782
38784
38785
38787
38788
38789
38790
38791
38792
38793
38796
38797
38799
38801
38802
38803
38804
38805
38806
38808
38809
38810
38811
38814
38816
38817
38818
38819
38822
38823
38825
38826
38827
38828
38830
38831
38832
38833
38834
38835
38836
38838
38839
38840
38841
38842
38843
38844
38845
38846
38847
38848
38849
38850
38851
38852
38853
38855
38856
38857
38858
38859
38860
38861
38862
38863
38864
38865
38866
38867
38869
38874
38875
38876
38877
38878
38881
38882
38884
38885
38886
38887
38888
38889
38890
38891
38893
38895
38896
38898
38899
38900
38901
38902
38903
38904
38906
38907
38908
38910
38911
38912
38913
38915
38916
38918
38920
38921
38922
38923
38924
38926
38927
38931
38932
38934
38935
38936
38937
38938
38940
38941
38942
38943
38944
38945
38946
38948
38949
38951
38956
38957
38959
