12	36356
55	36357
64	36358
68	36359
78	36360
82	36361
83	36362
101	36363
107	36364
110	36365
125	36366
148	36367
221	36368
322	36369
442	36370
483	36371
533	36372
534	36373
538	36374
571	36375
578	36376
580	36377
584	36378
587	36379
588	36380
594	36381
599	36382
608	36383
636	36384
649	36385
651	36386
652	36387
684	36388
699	36389
704	36390
715	36391
725	36392
732	36393
733	36394
735	36395
738	36396
743	36397
750	36398
766	36399
806	36400
808	36401
836	36402
851	36403
854	36404
870	36405
872	36406
876	36407
885	36408
895	36409
896	36410
912	36411
928	36412
941	36413
961	36414
987	36415
988	36416
998	36417
1011	36418
1018	36419
1023	36420
1028	36421
1039	36422
1040	36423
1047	36424
1050	36425
1056	36426
1061	36427
1064	36428
1066	36429
1068	36430
1070	36431
1077	36432
1080	36433
1084	36434
1087	36435
1109	36436
1147	36437
1149	36438
1163	36439
1167	36440
1178	36441
1186	36442
1195	36443
1197	36444
1222	36445
1232	36446
1235	36447
1238	36448
1255	36449
1265	36450
1277	36451
1278	36452
1298	36453
1311	36454
1319	36455
1323	36456
1330	36457
1342	36458
1344	36459
1391	36460
1399	36461
1405	36462
1458	36463
1469	36464
1474	36465
1489	36466
1503	36467
1508	36468
1531	36469
1555	36470
1557	36471
1564	36472
1565	36473
1568	36474
1571	36475
1594	36476
1630	36477
1643	36478
1676	36479
1684	36480
1709	36481
1746	36482
1758	36483
1761	36484
1767	36485
1798	36486
1802	36487
1811	36488
1828	36489
1831	36490
1834	36491
1838	36492
1846	36493
1867	36494
1871	36495
1872	36496
1887	36497
1903	36498
1911	36499
1914	36500
1917	36501
1918	36502
1924	36503
1928	36504
1932	36505
1949	36506
1952	36507
1963	36508
1978	36509
2009	36510
2026	36511
2097	36512
2184	36513
2191	36514
2257	36515
2266	36516
2338	36517
2350	36518
2410	36519
2451	36520
2491	36521
2526	36522
2736	36523
2744	36524
2746	36525
2777	36526
2778	36527
2796	36528
2844	36529
2909	36530
2929	36531
2990	36532
3017	36533
3040	36534
3127	36535
3158	36536
3171	36537
3181	36538
3186	36539
3204	36540
3217	36541
3221	36542
3223	36543
3225	36544
3229	36545
3250	36546
3278	36547
3292	36548
3302	36549
3311	36550
3312	36551
3335	36552
3343	36553
3353	36554
3356	36555
3382	36556
3416	36557
3444	36558
3448	36559
3488	36560
3497	36561
3499	36562
3540	36563
3544	36564
3611	36565
3644	36566
3648	36567
3659	36568
3669	36569
3683	36570
3730	36571
3754	36572
3783	36573
3786	36574
3821	36575
3826	36576
3878	36577
3889	36578
3897	36579
3949	36580
3950	36581
3977	36582
4033	36583
4041	36584
4052	36585
4057	36586
4066	36587
4072	36588
4095	36589
4108	36590
4111	36591
4115	36592
4129	36593
4137	36594
4151	36595
4160	36596
4167	36597
4182	36598
4186	36599
4197	36600
4199	36601
4203	36602
4212	36603
4248	36604
4255	36605
4284	36606
4305	36607
4326	36608
4331	36609
4340	36610
4352	36611
4356	36612
4357	36613
4379	36614
4392	36615
4401	36616
4430	36617
4454	36618
4458	36619
4467	36620
4502	36621
4508	36622
4519	36623
4553	36624
4554	36625
4580	36626
4582	36627
4596	36628
4630	36629
4657	36630
4671	36631
4687	36632
4716	36633
4745	36634
4752	36635
4765	36636
4785	36637
4811	36638
4840	36639
4864	36640
4866	36641
4908	36642
4916	36643
4945	36644
4958	36645
4968	36646
4997	36647
5002	36648
5018	36649
5047	36650
5078	36651
5082	36652
5100	36653
5111	36654
5114	36655
5129	36656
5145	36657
5164	36658
5215	36659
5222	36660
5271	36661
5273	36662
5290	36663
5309	36664
5320	36665
5328	36666
5343	36667
5350	36668
5352	36669
5358	36670
5367	36671
5382	36672
5383	36673
5388	36674
5401	36675
5506	36676
5525	36677
5546	36678
5550	36679
5586	36680
5596	36681
5606	36682
5654	36683
5655	36684
5673	36685
5674	36686
5721	36687
5729	36688
5730	36689
5741	36690
5762	36691
5778	36692
5781	36693
5782	36694
5841	36695
5857	36696
5873	36697
5878	36698
5886	36699
5916	36700
5917	36701
5929	36702
5936	36703
5959	36704
5970	36705
5971	36706
5994	36707
5997	36708
6026	36709
6028	36710
6038	36711
6044	36712
6060	36713
6061	36714
6069	36715
6098	36716
6101	36717
6113	36718
6120	36719
6147	36720
6156	36721
6165	36722
6169	36723
6174	36724
6191	36725
6223	36726
6234	36727
6239	36728
6251	36729
6265	36730
6286	36731
6287	36732
6291	36733
6299	36734
6304	36735
6322	36736
6332	36737
6349	36738
6374	36739
6379	36740
6387	36741
6403	36742
6406	36743
6416	36744
6427	36745
6451	36746
6527	36747
6535	36748
6536	36749
6541	36750
6544	36751
6558	36752
6583	36753
6600	36754
6607	36755
6630	36756
6634	36757
6636	36758
6654	36759
6668	36760
6683	36761
6684	36762
6714	36763
6718	36764
6739	36765
6749	36766
6777	36767
6786	36768
6788	36769
6791	36770
6802	36771
6814	36772
6815	36773
6822	36774
6857	36775
6873	36776
6893	36777
6928	36778
6932	36779
6961	36780
6963	36781
6967	36782
6980	36783
6982	36784
6991	36785
6995	36786
7007	36787
7008	36788
7045	36789
7099	36790
7102	36791
7137	36792
7151	36793
7167	36794
7220	36795
7228	36796
7256	36797
7260	36798
7261	36799
7280	36800
7293	36801
7300	36802
7306	36803
7332	36804
7344	36805
7362	36806
7381	36807
7395	36808
7404	36809
7420	36810
7426	36811
7439	36812
7444	36813
7447	36814
7449	36815
7471	36816
7479	36817
7492	36818
7499	36819
7522	36820
7529	36821
7532	36822
7536	36823
7549	36824
7555	36825
7556	36826
7568	36827
7591	36828
7625	36829
7630	36830
7656	36831
7668	36832
7709	36833
7711	36834
7731	36835
7740	36836
7797	36837
7828	36838
7856	36839
7871	36840
7903	36841
7904	36842
7915	36843
7918	36844
7920	36845
7927	36846
7935	36847
7941	36848
7968	36849
7988	36850
8000	36851
8013	36852
8019	36853
8024	36854
8029	36855
8031	36856
8056	36857
8061	36858
8064	36859
8109	36860
8120	36861
8140	36862
8153	36863
8154	36864
8161	36865
8197	36866
8201	36867
8214	36868
8224	36869
8228	36870
8241	36871
8274	36872
8288	36873
8313	36874
8356	36875
8357	36876
8358	36877
8373	36878
8387	36879
8392	36880
8402	36881
8424	36882
8451	36883
8453	36884
8515	36885
8558	36886
8560	36887
8582	36888
8584	36889
8589	36890
8593	36891
8606	36892
8607	36893
8636	36894
8638	36895
8646	36896
8653	36897
8655	36898
8656	36899
8661	36900
8712	36901
8729	36902
8735	36903
8738	36904
8760	36905
8766	36906
8787	36907
8804	36908
8816	36909
8818	36910
8820	36911
8826	36912
8830	36913
8834	36914
8842	36915
8849	36916
8857	36917
8871	36918
8879	36919
8925	36920
8929	36921
8933	36922
8947	36923
8948	36924
8976	36925
9030	36926
9032	36927
9065	36928
9097	36929
9100	36930
9106	36931
9146	36932
9157	36933
9166	36934
9206	36935
9208	36936
9217	36937
9255	36938
9315	36939
9338	36940
9344	36941
9354	36942
9360	36943
9367	36944
9385	36945
9398	36946
9423	36947
9469	36948
9477	36949
9478	36950
9511	36951
9542	36952
9559	36953
9599	36954
9606	36955
9621	36956
9632	36957
9652	36958
9675	36959
9682	36960
9683	36961
9684	36962
9713	36963
9716	36964
9719	36965
9743	36966
9744	36967
9749	36968
9752	36969
9763	36970
9782	36971
9785	36972
9787	36973
9789	36974
9807	36975
9828	36976
9834	36977
9846	36978
9865	36979
9884	36980
9900	36981
9917	36982
9918	36983
9924	36984
9933	36985
9934	36986
9957	36987
9963	36988
9990	36989
9993	36990
9995	36991
9999	36992
10001	36993
10010	36994
10019	36995
10021	36996
10031	36997
10042	36998
10044	36999
10055	37000
10069	37001
10114	37002
10120	37003
10121	37004
10137	37005
10145	37006
10153	37007
10159	37008
10163	37009
10207	37010
10223	37011
10227	37012
10232	37013
10233	37014
10237	37015
10242	37016
10243	37017
10258	37018
10267	37019
10273	37020
10295	37021
10302	37022
10310	37023
10329	37024
10330	37025
10331	37026
10341	37027
10343	37028
10351	37029
10357	37030
10368	37031
10369	37032
10370	37033
10373	37034
10377	37035
10396	37036
10408	37037
10413	37038
10427	37039
10430	37040
10439	37041
10443	37042
10444	37043
10446	37044
10455	37045
10461	37046
10468	37047
10477	37048
10483	37049
10492	37050
10496	37051
10498	37052
10504	37053
10513	37054
10528	37055
10531	37056
10566	37057
10572	37058
10577	37059
10588	37060
10590	37061
10604	37062
10647	37063
10657	37064
10663	37065
10666	37066
10669	37067
10686	37068
10687	37069
10690	37070
10692	37071
10708	37072
10710	37073
10721	37074
10723	37075
10726	37076
10729	37077
10738	37078
10741	37079
10746	37080
10759	37081
10767	37082
10770	37083
10771	37084
10777	37085
10799	37086
10813	37087
10819	37088
10825	37089
10830	37090
10838	37091
10847	37092
10864	37093
10937	37094
10938	37095
10941	37096
10951	37097
10964	37098
10973	37099
10979	37100
10983	37101
10997	37102
11017	37103
11019	37104
11034	37105
11048	37106
11049	37107
11053	37108
11064	37109
11083	37110
11128	37111
11132	37112
11136	37113
11139	37114
11155	37115
11160	37116
11167	37117
11200	37118
11201	37119
11240	37120
11241	37121
11263	37122
11286	37123
11290	37124
11291	37125
11294	37126
11300	37127
11327	37128
11334	37129
11358	37130
11363	37131
11386	37132
11390	37133
11391	37134
11393	37135
11404	37136
11413	37137
11424	37138
11428	37139
11430	37140
11441	37141
11444	37142
11446	37143
11454	37144
11467	37145
11472	37146
11474	37147
11498	37148
11499	37149
11510	37150
11513	37151
11526	37152
11567	37153
11574	37154
11581	37155
11586	37156
11587	37157
11605	37158
11627	37159
11631	37160
11634	37161
11636	37162
11638	37163
11654	37164
11657	37165
11695	37166
11706	37167
11709	37168
11712	37169
11725	37170
11731	37171
11737	37172
11739	37173
11744	37174
11750	37175
11778	37176
11783	37177
11788	37178
11805	37179
11824	37180
11826	37181
11834	37182
11839	37183
11847	37184
11854	37185
11860	37186
11888	37187
11906	37188
11909	37189
11912	37190
11931	37191
11952	37192
11974	37193
11980	37194
11994	37195
11998	37196
12010	37197
12012	37198
12016	37199
12035	37200
12042	37201
12044	37202
12049	37203
12064	37204
12069	37205
12112	37206
12115	37207
12118	37208
12141	37209
12163	37210
12166	37211
12204	37212
12212	37213
12221	37214
12229	37215
12231	37216
12240	37217
12242	37218
12244	37219
12259	37220
12260	37221
12293	37222
12313	37223
12326	37224
12333	37225
12338	37226
12346	37227
12357	37228
12359	37229
12366	37230
12374	37231
12401	37232
12406	37233
12414	37234
12429	37235
12447	37236
12451	37237
12466	37238
12469	37239
12473	37240
12475	37241
12480	37242
12483	37243
12510	37244
12520	37245
12521	37246
12522	37247
12527	37248
12547	37249
12564	37250
12578	37251
12581	37252
12584	37253
12599	37254
12610	37255
12614	37256
12637	37257
12638	37258
12656	37259
12666	37260
12671	37261
12683	37262
12698	37263
12710	37264
12721	37265
12746	37266
12747	37267
12749	37268
12752	37269
12764	37270
12770	37271
12772	37272
12784	37273
12785	37274
12805	37275
12806	37276
12811	37277
12816	37278
12819	37279
12832	37280
12834	37281
12842	37282
12859	37283
12865	37284
12893	37285
12902	37286
12909	37287
12923	37288
12937	37289
12944	37290
12961	37291
12962	37292
12990	37293
13000	37294
13008	37295
13017	37296
13019	37297
13021	37298
13024	37299
13037	37300
13045	37301
13050	37302
13051	37303
13064	37304
13081	37305
13082	37306
13093	37307
13104	37308
13116	37309
13150	37310
13162	37311
13164	37312
13174	37313
13192	37314
13202	37315
13203	37316
13215	37317
13218	37318
13222	37319
13224	37320
13232	37321
13268	37322
13279	37323
13283	37324
13288	37325
13294	37326
13296	37327
13330	37328
13331	37329
13348	37330
13354	37331
13378	37332
13401	37333
13405	37334
13414	37335
13429	37336
13438	37337
13441	37338
13453	37339
13457	37340
13458	37341
13460	37342
13474	37343
13490	37344
13492	37345
13504	37346
13509	37347
13520	37348
13537	37349
13543	37350
13549	37351
13551	37352
13569	37353
13571	37354
13611	37355
13623	37356
13624	37357
13635	37358
13637	37359
13652	37360
13660	37361
13673	37362
13688	37363
13690	37364
13697	37365
13715	37366
13727	37367
13732	37368
13735	37369
13765	37370
13768	37371
13774	37372
13775	37373
13780	37374
13785	37375
13789	37376
13797	37377
13805	37378
13812	37379
13823	37380
13829	37381
13831	37382
13838	37383
13853	37384
13860	37385
13863	37386
13874	37387
13885	37388
13889	37389
13891	37390
13892	37391
13901	37392
13902	37393
13904	37394
13924	37395
13938	37396
13956	37397
13979	37398
13986	37399
13996	37400
14014	37401
14016	37402
14027	37403
14030	37404
14036	37405
14037	37406
14052	37407
14074	37408
14080	37409
14104	37410
14116	37411
14120	37412
14129	37413
14150	37414
14178	37415
14181	37416
14185	37417
14197	37418
14215	37419
14221	37420
14225	37421
14246	37422
14247	37423
14256	37424
14286	37425
14289	37426
14300	37427
14350	37428
14351	37429
14359	37430
14362	37431
14366	37432
14377	37433
14388	37434
14392	37435
14394	37436
14416	37437
14421	37438
14433	37439
14435	37440
14437	37441
14442	37442
14466	37443
14487	37444
14501	37445
14506	37446
14522	37447
14538	37448
14540	37449
14544	37450
14546	37451
14548	37452
14550	37453
14552	37454
14563	37455
14570	37456
14604	37457
14615	37458
14635	37459
14643	37460
14646	37461
14659	37462
14663	37463
14689	37464
14690	37465
14697	37466
14719	37467
14731	37468
14734	37469
14747	37470
14761	37471
14763	37472
14767	37473
14781	37474
14783	37475
14788	37476
14829	37477
14837	37478
14840	37479
14853	37480
14857	37481
14863	37482
14869	37483
14873	37484
14877	37485
14881	37486
14902	37487
14908	37488
14913	37489
14940	37490
14948	37491
14960	37492
14984	37493
14988	37494
15010	37495
15026	37496
15039	37497
15046	37498
15053	37499
15057	37500
15061	37501
15073	37502
15088	37503
15089	37504
15095	37505
15106	37506
15110	37507
15112	37508
15117	37509
15151	37510
15152	37511
15153	37512
15157	37513
15161	37514
15186	37515
15200	37516
15220	37517
15221	37518
15232	37519
15234	37520
15248	37521
15275	37522
15299	37523
15310	37524
15329	37525
15330	37526
15340	37527
15360	37528
15361	37529
15363	37530
15367	37531
15370	37532
15383	37533
15385	37534
15386	37535
15392	37536
15416	37537
15429	37538
15435	37539
15451	37540
15455	37541
15456	37542
15457	37543
15467	37544
15486	37545
15498	37546
15504	37547
15517	37548
15553	37549
15561	37550
15569	37551
15570	37552
15573	37553
15576	37554
15583	37555
15600	37556
15602	37557
15643	37558
15651	37559
15655	37560
15667	37561
15680	37562
15685	37563
15687	37564
15691	37565
15692	37566
15696	37567
15699	37568
15706	37569
15751	37570
15761	37571
15765	37572
15766	37573
15776	37574
15785	37575
15807	37576
15810	37577
15812	37578
15829	37579
15832	37580
15837	37581
15846	37582
15857	37583
15864	37584
15872	37585
15910	37586
15938	37587
15953	37588
15956	37589
15960	37590
15975	37591
15991	37592
16004	37593
16006	37594
16007	37595
16009	37596
16012	37597
16015	37598
16024	37599
16046	37600
16054	37601
16091	37602
16099	37603
16111	37604
16119	37605
16151	37606
16159	37607
16161	37608
16165	37609
16175	37610
16189	37611
16190	37612
16192	37613
16199	37614
16212	37615
16215	37616
16229	37617
16238	37618
16269	37619
16271	37620
16286	37621
16290	37622
16292	37623
16325	37624
16336	37625
16354	37626
16356	37627
16358	37628
16382	37629
16398	37630
16403	37631
16407	37632
16457	37633
16467	37634
16475	37635
16481	37636
16494	37637
16495	37638
16497	37639
16501	37640
16513	37641
16522	37642
16530	37643
16538	37644
16541	37645
16555	37646
16556	37647
16557	37648
16570	37649
16595	37650
16596	37651
16599	37652
16600	37653
16603	37654
16614	37655
16643	37656
16652	37657
16656	37658
16659	37659
16663	37660
16667	37661
16668	37662
16671	37663
16732	37664
16752	37665
16754	37666
16775	37667
16780	37668
16801	37669
16805	37670
16810	37671
16812	37672
16821	37673
16833	37674
16848	37675
16852	37676
16853	37677
16854	37678
16855	37679
16873	37680
16891	37681
16911	37682
16931	37683
16932	37684
16934	37685
16946	37686
16953	37687
16962	37688
16964	37689
16967	37690
16974	37691
16975	37692
16987	37693
16993	37694
17004	37695
17008	37696
17022	37697
17054	37698
17072	37699
17074	37700
17077	37701
17110	37702
17127	37703
17146	37704
17149	37705
17153	37706
17159	37707
17170	37708
17171	37709
17189	37710
17190	37711
17200	37712
17203	37713
17210	37714
17216	37715
17220	37716
17231	37717
17240	37718
17241	37719
17280	37720
17317	37721
17318	37722
17343	37723
17345	37724
17391	37725
17408	37726
17409	37727
17429	37728
17445	37729
17451	37730
17457	37731
17487	37732
17498	37733
17499	37734
17524	37735
17526	37736
17529	37737
17570	37738
17583	37739
17597	37740
17601	37741
17602	37742
17604	37743
17618	37744
17619	37745
17629	37746
17631	37747
17634	37748
17640	37749
17651	37750
17656	37751
17671	37752
17708	37753
17715	37754
17721	37755
17728	37756
17729	37757
17732	37758
17750	37759
17758	37760
17794	37761
17806	37762
17813	37763
17815	37764
17830	37765
17832	37766
17846	37767
17865	37768
17869	37769
17872	37770
17874	37771
17899	37772
17900	37773
17901	37774
17907	37775
17943	37776
17951	37777
17966	37778
17968	37779
17973	37780
17974	37781
17986	37782
17996	37783
18010	37784
18023	37785
18027	37786
18030	37787
18041	37788
18044	37789
18062	37790
18066	37791
18074	37792
18076	37793
18090	37794
18098	37795
18157	37796
18159	37797
18170	37798
18181	37799
18182	37800
18186	37801
18197	37802
18201	37803
18214	37804
18222	37805
18227	37806
18229	37807
18251	37808
18257	37809
18261	37810
18268	37811
18276	37812
18281	37813
18282	37814
18286	37815
18288	37816
18316	37817
18323	37818
18336	37819
18346	37820
18350	37821
18366	37822
18367	37823
18377	37824
18387	37825
18403	37826
18423	37827
18440	37828
18451	37829
18453	37830
18455	37831
18465	37832
18468	37833
18478	37834
18481	37835
18485	37836
18498	37837
18502	37838
18511	37839
18551	37840
18553	37841
18563	37842
18596	37843
18606	37844
18607	37845
18610	37846
18627	37847
18628	37848
18630	37849
18667	37850
18669	37851
18671	37852
18676	37853
18697	37854
18703	37855
18712	37856
18723	37857
18747	37858
18748	37859
18780	37860
18806	37861
18822	37862
18833	37863
18865	37864
18867	37865
18870	37866
18872	37867
18879	37868
18882	37869
18884	37870
18898	37871
18921	37872
18926	37873
18931	37874
18933	37875
18935	37876
18951	37877
18955	37878
18967	37879
18970	37880
18994	37881
19009	37882
19032	37883
19034	37884
19057	37885
19074	37886
19076	37887
19090	37888
19094	37889
19102	37890
19106	37891
19108	37892
19112	37893
19113	37894
19117	37895
19132	37896
19136	37897
19138	37898
19150	37899
19154	37900
19160	37901
19167	37902
19168	37903
19170	37904
19178	37905
19188	37906
19198	37907
19201	37908
19228	37909
19258	37910
19261	37911
19264	37912
19282	37913
19317	37914
19318	37915
19321	37916
19356	37917
19362	37918
19367	37919
19395	37920
19418	37921
19419	37922
19422	37923
19433	37924
19439	37925
19446	37926
19451	37927
19466	37928
19484	37929
19498	37930
19511	37931
19514	37932
19541	37933
19554	37934
19580	37935
19585	37936
19598	37937
19610	37938
19613	37939
19617	37940
19626	37941
19639	37942
19642	37943
19647	37944
19650	37945
19680	37946
19683	37947
19693	37948
19694	37949
19708	37950
19765	37951
19768	37952
20301	37953
20508	37954
20915	37955
21593	37956
21760	37957
21917	37958
22302	37959
22303	37960
22312	37961
22330	37962
22332	37963
22334	37964
22340	37965
22348	37966
22350	37967
22366	37968
22381	37969
22390	37970
22396	37971
22409	37972
22417	37973
22422	37974
22424	37975
22432	37976
22442	37977
22450	37978
22463	37979
22477	37980
22482	37981
22489	37982
22495	37983
22511	37984
22516	37985
22518	37986
22527	37987
22535	37988
22540	37989
22547	37990
22565	37991
22566	37992
