5	35935
6	35936
8	35937
15	35938
57	35939
61	35940
62	35941
63	35942
68	35943
69	35944
72	35945
82	35946
83	35947
97	35948
99	35949
101	35950
102	35951
107	35952
110	35953
117	35954
124	35955
125	35956
131	35957
138	35958
140	35959
143	35960
145	35961
147	35962
148	35963
149	35964
230	35965
240	35966
262	35967
276	35968
302	35969
363	35970
447	35971
498	35972
512	35973
531	35974
534	35975
538	35976
542	35977
551	35978
554	35979
558	35980
571	35981
574	35982
578	35983
584	35984
588	35985
589	35986
598	35987
602	35988
603	35989
614	35990
618	35991
621	35992
624	35993
632	35994
638	35995
647	35996
649	35997
650	35998
652	35999
655	36000
664	36001
665	36002
669	36003
670	36004
679	36005
693	36006
704	36007
707	36008
712	36009
713	36010
714	36011
715	36012
716	36013
719	36014
721	36015
723	36016
725	36017
727	36018
728	36019
729	36020
731	36021
732	36022
745	36023
750	36024
751	36025
754	36026
758	36027
761	36028
769	36029
770	36030
776	36031
781	36032
784	36033
794	36034
797	36035
806	36036
808	36037
812	36038
815	36039
817	36040
829	36041
834	36042
835	36043
836	36044
840	36045
841	36046
842	36047
845	36048
847	36049
849	36050
859	36051
860	36052
861	36053
863	36054
865	36055
866	36056
872	36057
876	36058
885	36059
886	36060
888	36061
896	36062
900	36063
901	36064
907	36065
912	36066
916	36067
917	36068
919	36069
920	36070
936	36071
939	36072
941	36073
945	36074
952	36075
954	36076
956	36077
961	36078
963	36079
976	36080
979	36081
982	36082
983	36083
984	36084
994	36085
997	36086
1005	36087
1006	36088
1007	36089
1008	36090
1011	36091
1015	36092
1016	36093
1018	36094
1026	36095
1028	36096
1033	36097
1035	36098
1038	36099
1039	36100
1042	36101
1049	36102
1050	36103
1053	36104
1063	36105
1065	36106
1067	36107
1068	36108
1070	36109
1071	36110
1072	36111
1077	36112
1081	36113
1083	36114
1086	36115
1091	36116
1094	36117
1095	36118
1098	36119
1101	36120
1102	36121
1104	36122
1107	36123
1116	36124
1133	36125
1136	36126
1147	36127
1149	36128
1153	36129
1154	36130
1156	36131
1160	36132
1161	36133
1167	36134
1169	36135
1171	36136
1178	36137
1179	36138
1181	36139
1195	36140
1199	36141
1200	36142
1202	36143
1204	36144
1207	36145
1211	36146
1213	36147
1215	36148
1218	36149
1219	36150
1227	36151
1232	36152
1238	36153
1241	36154
1244	36155
1245	36156
1248	36157
1256	36158
1261	36159
1265	36160
1267	36161
1270	36162
1276	36163
1277	36164
1281	36165
1282	36166
1283	36167
1286	36168
1292	36169
1298	36170
1313	36171
1318	36172
1322	36173
1336	36174
1344	36175
1347	36176
1348	36177
1351	36178
1354	36179
1360	36180
1361	36181
1368	36182
1371	36183
1374	36184
1377	36185
1380	36186
1381	36187
1388	36188
1395	36189
1396	36190
1398	36191
1399	36192
1403	36193
1405	36194
1410	36195
1413	36196
1417	36197
1421	36198
1424	36199
1436	36200
1437	36201
1444	36202
1446	36203
1451	36204
1453	36205
1459	36206
1464	36207
1466	36208
1470	36209
1471	36210
1474	36211
1489	36212
1494	36213
1495	36214
1499	36215
1501	36216
1503	36217
1508	36218
1515	36219
1520	36220
1526	36221
1528	36222
1529	36223
1531	36224
1533	36225
1537	36226
1539	36227
1540	36228
1547	36229
1549	36230
1550	36231
1556	36232
1557	36233
1564	36234
1565	36235
1568	36236
1573	36237
1575	36238
1576	36239
1581	36240
1582	36241
1589	36242
1592	36243
1594	36244
1596	36245
1601	36246
1609	36247
1614	36248
1617	36249
1619	36250
1628	36251
1631	36252
1636	36253
1637	36254
1641	36255
1643	36256
1649	36257
1650	36258
1652	36259
1658	36260
1659	36261
1663	36262
1668	36263
1672	36264
1673	36265
1676	36266
1680	36267
1682	36268
1686	36269
1689	36270
1690	36271
1695	36272
1696	36273
1703	36274
1704	36275
1712	36276
1727	36277
1728	36278
1733	36279
1735	36280
1738	36281
1741	36282
1742	36283
1743	36284
1746	36285
1752	36286
1756	36287
1758	36288
1759	36289
1769	36290
1770	36291
1782	36292
1791	36293
1793	36294
1795	36295
1796	36296
1797	36297
1798	36298
1799	36299
1802	36300
1803	36301
1806	36302
1807	36303
1810	36304
1811	36305
1812	36306
1818	36307
1824	36308
1826	36309
1828	36310
1831	36311
1833	36312
1836	36313
1839	36314
1840	36315
1842	36316
1843	36317
1844	36318
1853	36319
1871	36320
1872	36321
1879	36322
1880	36323
1881	36324
1887	36325
1905	36326
1908	36327
1912	36328
1914	36329
1917	36330
1918	36331
1920	36332
1922	36333
1923	36334
1924	36335
1928	36336
1932	36337
1933	36338
1940	36339
1944	36340
1947	36341
1948	36342
1950	36343
1952	36344
1954	36345
1955	36346
1956	36347
1957	36348
1958	36349
1959	36350
1975	36351
2011	36352
2033	36353
2104	36354
2113	36355
2148	36356
2152	36357
2155	36358
2173	36359
2178	36360
2184	36361
2191	36362
2220	36363
2222	36364
2224	36365
2233	36366
2257	36367
2262	36368
2282	36369
2306	36370
2333	36371
2344	36372
2357	36373
2372	36374
2392	36375
2474	36376
2489	36377
2507	36378
2544	36379
2584	36380
2597	36381
2613	36382
2623	36383
2654	36384
2656	36385
2673	36386
2684	36387
2686	36388
2698	36389
2736	36390
2744	36391
2778	36392
2811	36393
2829	36394
2831	36395
2845	36396
2853	36397
2891	36398
2955	36399
2990	36400
3013	36401
3039	36402
3067	36403
3095	36404
3123	36405
3127	36406
3136	36407
3156	36408
3158	36409
3164	36410
3171	36411
3176	36412
3186	36413
3187	36414
3191	36415
3201	36416
3204	36417
3215	36418
3217	36419
3239	36420
3241	36421
3242	36422
3245	36423
3253	36424
3257	36425
3262	36426
3277	36427
3278	36428
3286	36429
3312	36430
3327	36431
3329	36432
3342	36433
3358	36434
3380	36435
3396	36436
3397	36437
3405	36438
3415	36439
3424	36440
3426	36441
3429	36442
3431	36443
3433	36444
3436	36445
3454	36446
3460	36447
3465	36448
3466	36449
3467	36450
3481	36451
3488	36452
3493	36453
3494	36454
3497	36455
3500	36456
3520	36457
3534	36458
3540	36459
3567	36460
3572	36461
3579	36462
3580	36463
3583	36464
3589	36465
3595	36466
3598	36467
3622	36468
3624	36469
3629	36470
3638	36471
3642	36472
3647	36473
3652	36474
3657	36475
3669	36476
3677	36477
3678	36478
3683	36479
3686	36480
3699	36481
3704	36482
3720	36483
3725	36484
3730	36485
3734	36486
3735	36487
3737	36488
3747	36489
3772	36490
3782	36491
3787	36492
3798	36493
3804	36494
3815	36495
3816	36496
3821	36497
3827	36498
3836	36499
3841	36500
3844	36501
3846	36502
3853	36503
3863	36504
3864	36505
3869	36506
3872	36507
3877	36508
3878	36509
3884	36510
3889	36511
3892	36512
3897	36513
3904	36514
3906	36515
3921	36516
3925	36517
3932	36518
3941	36519
3947	36520
3949	36521
3967	36522
3973	36523
3976	36524
3977	36525
3979	36526
3980	36527
3981	36528
3984	36529
3995	36530
4002	36531
4010	36532
4018	36533
4028	36534
4033	36535
4038	36536
4041	36537
4052	36538
4056	36539
4057	36540
4066	36541
4077	36542
4084	36543
4090	36544
4110	36545
4113	36546
4127	36547
4150	36548
4157	36549
4160	36550
4161	36551
4171	36552
4174	36553
4175	36554
4178	36555
4186	36556
4193	36557
4199	36558
4220	36559
4226	36560
4227	36561
4235	36562
4236	36563
4243	36564
4247	36565
4250	36566
4253	36567
4254	36568
4260	36569
4261	36570
4266	36571
4275	36572
4276	36573
4280	36574
4284	36575
4296	36576
4301	36577
4305	36578
4308	36579
4314	36580
4326	36581
4330	36582
4352	36583
4356	36584
4379	36585
4385	36586
4392	36587
4402	36588
4412	36589
4423	36590
4425	36591
4434	36592
4437	36593
4438	36594
4451	36595
4452	36596
4457	36597
4467	36598
4482	36599
4488	36600
4489	36601
4499	36602
4501	36603
4506	36604
4511	36605
4517	36606
4529	36607
4534	36608
4537	36609
4550	36610
4554	36611
4563	36612
4569	36613
4577	36614
4579	36615
4580	36616
4591	36617
4592	36618
4596	36619
4613	36620
4616	36621
4619	36622
4624	36623
4630	36624
4633	36625
4634	36626
4635	36627
4644	36628
4648	36629
4661	36630
4662	36631
4693	36632
4710	36633
4716	36634
4723	36635
4726	36636
4727	36637
4732	36638
4733	36639
4745	36640
4750	36641
4752	36642
4753	36643
4756	36644
4762	36645
4773	36646
4776	36647
4780	36648
4785	36649
4788	36650
4798	36651
4802	36652
4811	36653
4815	36654
4817	36655
4827	36656
4830	36657
4839	36658
4857	36659
4858	36660
4881	36661
4890	36662
4894	36663
4908	36664
4909	36665
4913	36666
4915	36667
4916	36668
4926	36669
4930	36670
4934	36671
4944	36672
4945	36673
4949	36674
4954	36675
4955	36676
4957	36677
4958	36678
4960	36679
4972	36680
4974	36681
4975	36682
4976	36683
4984	36684
4985	36685
4986	36686
4989	36687
4991	36688
4997	36689
5001	36690
5002	36691
5018	36692
5024	36693
5045	36694
5047	36695
5050	36696
5052	36697
5054	36698
5064	36699
5078	36700
5082	36701
5084	36702
5100	36703
5103	36704
5104	36705
5106	36706
5107	36707
5111	36708
5118	36709
5120	36710
5122	36711
5129	36712
5136	36713
5141	36714
5155	36715
5166	36716
5183	36717
5189	36718
5210	36719
5215	36720
5216	36721
5222	36722
5229	36723
5234	36724
5235	36725
5260	36726
5267	36727
5270	36728
5271	36729
5273	36730
5277	36731
5285	36732
5286	36733
5290	36734
5299	36735
5301	36736
5303	36737
5304	36738
5315	36739
5318	36740
5328	36741
5330	36742
5343	36743
5348	36744
5349	36745
5350	36746
5352	36747
5358	36748
5359	36749
5361	36750
5367	36751
5378	36752
5391	36753
5401	36754
5410	36755
5412	36756
5424	36757
5426	36758
5429	36759
5432	36760
5433	36761
5437	36762
5440	36763
5442	36764
5453	36765
5456	36766
5462	36767
5475	36768
5483	36769
5495	36770
5496	36771
5498	36772
5499	36773
5502	36774
5505	36775
5506	36776
5511	36777
5521	36778
5524	36779
5525	36780
5531	36781
5540	36782
5542	36783
5558	36784
5568	36785
5574	36786
5577	36787
5586	36788
5587	36789
5593	36790
5596	36791
5598	36792
5604	36793
5631	36794
5634	36795
5639	36796
5654	36797
5656	36798
5660	36799
5664	36800
5666	36801
5669	36802
5673	36803
5688	36804
5693	36805
5710	36806
5719	36807
5721	36808
5728	36809
5730	36810
5741	36811
5742	36812
5744	36813
5748	36814
5759	36815
5762	36816
5781	36817
5782	36818
5791	36819
5805	36820
5809	36821
5810	36822
5816	36823
5817	36824
5827	36825
5834	36826
5841	36827
5849	36828
5851	36829
5866	36830
5873	36831
5876	36832
5877	36833
5878	36834
5886	36835
5888	36836
5889	36837
5895	36838
5910	36839
5917	36840
5936	36841
5943	36842
5961	36843
5970	36844
5971	36845
5973	36846
5985	36847
5986	36848
5989	36849
5996	36850
6000	36851
6013	36852
6021	36853
6025	36854
6026	36855
6028	36856
6032	36857
6034	36858
6035	36859
6037	36860
6038	36861
6039	36862
6044	36863
6054	36864
6060	36865
6061	36866
6075	36867
6078	36868
6092	36869
6095	36870
6109	36871
6110	36872
6113	36873
6128	36874
6153	36875
6156	36876
6169	36877
6174	36878
6189	36879
6199	36880
6200	36881
6220	36882
6230	36883
6232	36884
6235	36885
6239	36886
6265	36887
6267	36888
6270	36889
6271	36890
6280	36891
6281	36892
6284	36893
6290	36894
6296	36895
6307	36896
6310	36897
6320	36898
6324	36899
6328	36900
6339	36901
6340	36902
6349	36903
6353	36904
6361	36905
6372	36906
6374	36907
6384	36908
6387	36909
6391	36910
6398	36911
6403	36912
6405	36913
6416	36914
6425	36915
6431	36916
6436	36917
6451	36918
6453	36919
6468	36920
6480	36921
6505	36922
6524	36923
6535	36924
6542	36925
6548	36926
6552	36927
6566	36928
6570	36929
6583	36930
6590	36931
6593	36932
6600	36933
6607	36934
6619	36935
6629	36936
6652	36937
6654	36938
6663	36939
6666	36940
6667	36941
6674	36942
6683	36943
6689	36944
6697	36945
6704	36946
6715	36947
6719	36948
6720	36949
6741	36950
6746	36951
6747	36952
6748	36953
6749	36954
6759	36955
6761	36956
6771	36957
6777	36958
6788	36959
6794	36960
6805	36961
6812	36962
6821	36963
6823	36964
6830	36965
6834	36966
6845	36967
6852	36968
6861	36969
6865	36970
6874	36971
6879	36972
6881	36973
6890	36974
6892	36975
6893	36976
6897	36977
6898	36978
6915	36979
6916	36980
6931	36981
6932	36982
6939	36983
6961	36984
6964	36985
6967	36986
6971	36987
6980	36988
6987	36989
6990	36990
7016	36991
7025	36992
7027	36993
7039	36994
7045	36995
7050	36996
7057	36997
7066	36998
7071	36999
7076	37000
7078	37001
7089	37002
7090	37003
7099	37004
7104	37005
7109	37006
7110	37007
7121	37008
7127	37009
7131	37010
7132	37011
7134	37012
7159	37013
7167	37014
7186	37015
7194	37016
7201	37017
7204	37018
7216	37019
7218	37020
7231	37021
7232	37022
7256	37023
7257	37024
7260	37025
7265	37026
7277	37027
7280	37028
7286	37029
7293	37030
7306	37031
7320	37032
7325	37033
7330	37034
7332	37035
7333	37036
7348	37037
7353	37038
7358	37039
7362	37040
7381	37041
7385	37042
7386	37043
7395	37044
7398	37045
7405	37046
7414	37047
7419	37048
7420	37049
7425	37050
7426	37051
7428	37052
7431	37053
7439	37054
7440	37055
7447	37056
7455	37057
7456	37058
7458	37059
7471	37060
7472	37061
7474	37062
7476	37063
7479	37064
7483	37065
7492	37066
7502	37067
7504	37068
7508	37069
7517	37070
7518	37071
7533	37072
7534	37073
7536	37074
7555	37075
7556	37076
7570	37077
7577	37078
7580	37079
7581	37080
7591	37081
7593	37082
7608	37083
7611	37084
7619	37085
7625	37086
7664	37087
7672	37088
7678	37089
7685	37090
7700	37091
7701	37092
7703	37093
7704	37094
7707	37095
7710	37096
7714	37097
7723	37098
7731	37099
7740	37100
7752	37101
7755	37102
7775	37103
7777	37104
7788	37105
7791	37106
7794	37107
7795	37108
7825	37109
7826	37110
7828	37111
7834	37112
7843	37113
7846	37114
7847	37115
7852	37116
7855	37117
7856	37118
7872	37119
7874	37120
7885	37121
7887	37122
7888	37123
7894	37124
7903	37125
7909	37126
7915	37127
7922	37128
7924	37129
7926	37130
7927	37131
7935	37132
7939	37133
7940	37134
7941	37135
7942	37136
7955	37137
7968	37138
7981	37139
7986	37140
7990	37141
7997	37142
8000	37143
8008	37144
8010	37145
8013	37146
8014	37147
8016	37148
8023	37149
8031	37150
8035	37151
8048	37152
8050	37153
8053	37154
8056	37155
8062	37156
8064	37157
8072	37158
8075	37159
8091	37160
8101	37161
8120	37162
8129	37163
8134	37164
8140	37165
8142	37166
8145	37167
8153	37168
8154	37169
8158	37170
8161	37171
8175	37172
8178	37173
8190	37174
8200	37175
8201	37176
8215	37177
8220	37178
8221	37179
8228	37180
8253	37181
8266	37182
8271	37183
8277	37184
8278	37185
8280	37186
8285	37187
8288	37188
8291	37189
8297	37190
8304	37191
8305	37192
8311	37193
8313	37194
8320	37195
8323	37196
8340	37197
8345	37198
8357	37199
8358	37200
8373	37201
8375	37202
8378	37203
8380	37204
8381	37205
8386	37206
8387	37207
8392	37208
8399	37209
8404	37210
8405	37211
8422	37212
8423	37213
8427	37214
8432	37215
8434	37216
8438	37217
8444	37218
8445	37219
8447	37220
8453	37221
8463	37222
8473	37223
8477	37224
8482	37225
8486	37226
8495	37227
8509	37228
8519	37229
8523	37230
8546	37231
8551	37232
8556	37233
8558	37234
8560	37235
8565	37236
8568	37237
8578	37238
8584	37239
8593	37240
8606	37241
8613	37242
8615	37243
8626	37244
8638	37245
8643	37246
8652	37247
8655	37248
8694	37249
8696	37250
8714	37251
8717	37252
8718	37253
8725	37254
8731	37255
8735	37256
8738	37257
8746	37258
8750	37259
8766	37260
8771	37261
8787	37262
8792	37263
8793	37264
8801	37265
8804	37266
8812	37267
8815	37268
8819	37269
8820	37270
8824	37271
8826	37272
8830	37273
8834	37274
8840	37275
8845	37276
8852	37277
8858	37278
8870	37279
8871	37280
8875	37281
8879	37282
8883	37283
8899	37284
8905	37285
8906	37286
8921	37287
8923	37288
8924	37289
8926	37290
8933	37291
8941	37292
8942	37293
8956	37294
8970	37295
8976	37296
8985	37297
8988	37298
8992	37299
8995	37300
9004	37301
9007	37302
9009	37303
9012	37304
9018	37305
9022	37306
9027	37307
9030	37308
9032	37309
9044	37310
9062	37311
9077	37312
9093	37313
9100	37314
9106	37315
9121	37316
9128	37317
9134	37318
9135	37319
9166	37320
9171	37321
9197	37322
9201	37323
9208	37324
9212	37325
9214	37326
9216	37327
9232	37328
9233	37329
9242	37330
9247	37331
9248	37332
9279	37333
9289	37334
9291	37335
9295	37336
9310	37337
9312	37338
9322	37339
9331	37340
9338	37341
9346	37342
9347	37343
9363	37344
9367	37345
9376	37346
9390	37347
9410	37348
9415	37349
9417	37350
9420	37351
9424	37352
9435	37353
9438	37354
9439	37355
9440	37356
9448	37357
9454	37358
9455	37359
9457	37360
9468	37361
9473	37362
9474	37363
9477	37364
9483	37365
9502	37366
9591	37367
9592	37368
9599	37369
9630	37370
9631	37371
9632	37372
9636	37373
9638	37374
9642	37375
9643	37376
9644	37377
9647	37378
9653	37379
9656	37380
9661	37381
9672	37382
9675	37383
9679	37384
9682	37385
9684	37386
9686	37387
9702	37388
9708	37389
9723	37390
9739	37391
9746	37392
9747	37393
9759	37394
9760	37395
9761	37396
9762	37397
9763	37398
9764	37399
9766	37400
9767	37401
9773	37402
9775	37403
9776	37404
9782	37405
9783	37406
9785	37407
9788	37408
9791	37409
9794	37410
9798	37411
9799	37412
9801	37413
9807	37414
9808	37415
9817	37416
9819	37417
9822	37418
9826	37419
9828	37420
9830	37421
9831	37422
9835	37423
9836	37424
9839	37425
9844	37426
9849	37427
9859	37428
9863	37429
9864	37430
9866	37431
9868	37432
9875	37433
9881	37434
9882	37435
9887	37436
9893	37437
9895	37438
9900	37439
9904	37440
9907	37441
9909	37442
9911	37443
9912	37444
9914	37445
9917	37446
9922	37447
9923	37448
9924	37449
9926	37450
9927	37451
9931	37452
9933	37453
9938	37454
9942	37455
9943	37456
9947	37457
9957	37458
9962	37459
9969	37460
9976	37461
9979	37462
9987	37463
9989	37464
9993	37465
9996	37466
9999	37467
10000	37468
10001	37469
10008	37470
10010	37471
10014	37472
10019	37473
10025	37474
10026	37475
10032	37476
10046	37477
10056	37478
10059	37479
10075	37480
10084	37481
10090	37482
10094	37483
10100	37484
10101	37485
10105	37486
10106	37487
10126	37488
10127	37489
10128	37490
10132	37491
10137	37492
10138	37493
10139	37494
10143	37495
10145	37496
10147	37497
10153	37498
10164	37499
10171	37500
10174	37501
10181	37502
10191	37503
10193	37504
10195	37505
10197	37506
10200	37507
10202	37508
10203	37509
10204	37510
10207	37511
10212	37512
10219	37513
10223	37514
10229	37515
10232	37516
10233	37517
10237	37518
10238	37519
10241	37520
10243	37521
10246	37522
10250	37523
10254	37524
10257	37525
10258	37526
10259	37527
10276	37528
10277	37529
10281	37530
10282	37531
10286	37532
10290	37533
10295	37534
10298	37535
10300	37536
10302	37537
10304	37538
10305	37539
10306	37540
10319	37541
10322	37542
10323	37543
10325	37544
10330	37545
10338	37546
10341	37547
10354	37548
10357	37549
10369	37550
10370	37551
10372	37552
10373	37553
10377	37554
10379	37555
10381	37556
10385	37557
10389	37558
10391	37559
10392	37560
10396	37561
10399	37562
10401	37563
10403	37564
10405	37565
10406	37566
10408	37567
10415	37568
10423	37569
10425	37570
10430	37571
10431	37572
10434	37573
10439	37574
10440	37575
10443	37576
10444	37577
10445	37578
10446	37579
10448	37580
10451	37581
10457	37582
10460	37583
10466	37584
10467	37585
10478	37586
10482	37587
10483	37588
10484	37589
10486	37590
10487	37591
10497	37592
10501	37593
10504	37594
10505	37595
10508	37596
10509	37597
10512	37598
10514	37599
10520	37600
10522	37601
10529	37602
10536	37603
10540	37604
10546	37605
10547	37606
10548	37607
10550	37608
10551	37609
10552	37610
10558	37611
10562	37612
10563	37613
10571	37614
10575	37615
10583	37616
10588	37617
10590	37618
10591	37619
10597	37620
10598	37621
10607	37622
10608	37623
10610	37624
10612	37625
10618	37626
10623	37627
10625	37628
10629	37629
10634	37630
10637	37631
10638	37632
10639	37633
10644	37634
10645	37635
10647	37636
10648	37637
10651	37638
10652	37639
10654	37640
10655	37641
10657	37642
10665	37643
10669	37644
10671	37645
10672	37646
10674	37647
10675	37648
10681	37649
10686	37650
10687	37651
10691	37652
10692	37653
10698	37654
10704	37655
10708	37656
10710	37657
10712	37658
10721	37659
10722	37660
10723	37661
10724	37662
10726	37663
10731	37664
10734	37665
10739	37666
10741	37667
10761	37668
10766	37669
10767	37670
10771	37671
10773	37672
10777	37673
10781	37674
10782	37675
10791	37676
10800	37677
10804	37678
10805	37679
10806	37680
10810	37681
10812	37682
10813	37683
10815	37684
10825	37685
10829	37686
10838	37687
10839	37688
10842	37689
10844	37690
10851	37691
10860	37692
10861	37693
10865	37694
10867	37695
10871	37696
10873	37697
10875	37698
10876	37699
10905	37700
10907	37701
10911	37702
10914	37703
10915	37704
10916	37705
10919	37706
10920	37707
10922	37708
10925	37709
10926	37710
10928	37711
10930	37712
10931	37713
10932	37714
10934	37715
10938	37716
10940	37717
10943	37718
10955	37719
10958	37720
10962	37721
10963	37722
10964	37723
10965	37724
10968	37725
10972	37726
10973	37727
10979	37728
10980	37729
10982	37730
10984	37731
10988	37732
10989	37733
10991	37734
10995	37735
11009	37736
11013	37737
11014	37738
11015	37739
11017	37740
11019	37741
11026	37742
11029	37743
11030	37744
11031	37745
11034	37746
11053	37747
11060	37748
11065	37749
11070	37750
11076	37751
11080	37752
11083	37753
11094	37754
11108	37755
11114	37756
11115	37757
11117	37758
11121	37759
11123	37760
11124	37761
11126	37762
11130	37763
11135	37764
11136	37765
11152	37766
11153	37767
11155	37768
11156	37769
11169	37770
11170	37771
11172	37772
11178	37773
11181	37774
11182	37775
11184	37776
11186	37777
11191	37778
11195	37779
11200	37780
11202	37781
11203	37782
11205	37783
11212	37784
11214	37785
11216	37786
11220	37787
11221	37788
11222	37789
11225	37790
11229	37791
11230	37792
11231	37793
11232	37794
11233	37795
11234	37796
11240	37797
11241	37798
11246	37799
11247	37800
11250	37801
11254	37802
11259	37803
11262	37804
11263	37805
11271	37806
11272	37807
11283	37808
11286	37809
11291	37810
11294	37811
11296	37812
11299	37813
11304	37814
11310	37815
11315	37816
11318	37817
11330	37818
11332	37819
11334	37820
11339	37821
11341	37822
11355	37823
11358	37824
11361	37825
11363	37826
11364	37827
11367	37828
11371	37829
11377	37830
11386	37831
11390	37832
11393	37833
11398	37834
11402	37835
11403	37836
11404	37837
11409	37838
11411	37839
11412	37840
11413	37841
11417	37842
11420	37843
11423	37844
11424	37845
11429	37846
11430	37847
11433	37848
11439	37849
11446	37850
11452	37851
11453	37852
11457	37853
11467	37854
11472	37855
11475	37856
11476	37857
11479	37858
11487	37859
11492	37860
11493	37861
11494	37862
11495	37863
11496	37864
11499	37865
11510	37866
11511	37867
11514	37868
11515	37869
11517	37870
11518	37871
11525	37872
11526	37873
11531	37874
11532	37875
11544	37876
11547	37877
11554	37878
11557	37879
11561	37880
11564	37881
11567	37882
11572	37883
11574	37884
11577	37885
11580	37886
11582	37887
11585	37888
11588	37889
11589	37890
11596	37891
11597	37892
11608	37893
11609	37894
11617	37895
11625	37896
11626	37897
11627	37898
11630	37899
11635	37900
11636	37901
11645	37902
11651	37903
11654	37904
11661	37905
11668	37906
11671	37907
11681	37908
11683	37909
11684	37910
11685	37911
11690	37912
11692	37913
11693	37914
11694	37915
11695	37916
11704	37917
11706	37918
11709	37919
11712	37920
11713	37921
11715	37922
11718	37923
11719	37924
11728	37925
11731	37926
11738	37927
11741	37928
11743	37929
11749	37930
11750	37931
11752	37932
11753	37933
11756	37934
11758	37935
11759	37936
11760	37937
11766	37938
11772	37939
11777	37940
11782	37941
11788	37942
11789	37943
11790	37944
11794	37945
11795	37946
11799	37947
11801	37948
11803	37949
11805	37950
11807	37951
11813	37952
11815	37953
11822	37954
11823	37955
11826	37956
11827	37957
11829	37958
11831	37959
11834	37960
11835	37961
11837	37962
11843	37963
11846	37964
11848	37965
11858	37966
11862	37967
11865	37968
11866	37969
11868	37970
11875	37971
11876	37972
11878	37973
11879	37974
11884	37975
11889	37976
11895	37977
11898	37978
11902	37979
11909	37980
11910	37981
11911	37982
11913	37983
11916	37984
11918	37985
11925	37986
11926	37987
11931	37988
11939	37989
11942	37990
11945	37991
11950	37992
11954	37993
11955	37994
11956	37995
11961	37996
11963	37997
11969	37998
11979	37999
11985	38000
11988	38001
11991	38002
11998	38003
12002	38004
12009	38005
12011	38006
12012	38007
12013	38008
12014	38009
12021	38010
12024	38011
12028	38012
12037	38013
12045	38014
12047	38015
12049	38016
12057	38017
12060	38018
12063	38019
12064	38020
12065	38021
12070	38022
12071	38023
12087	38024
12097	38025
12101	38026
12105	38027
12110	38028
12112	38029
12115	38030
12118	38031
12125	38032
12130	38033
12131	38034
12135	38035
12136	38036
12140	38037
12141	38038
12146	38039
12147	38040
12160	38041
12163	38042
12165	38043
12166	38044
12169	38045
12171	38046
12172	38047
12180	38048
12187	38049
12188	38050
12189	38051
12193	38052
12194	38053
12202	38054
12204	38055
12210	38056
12220	38057
12226	38058
12231	38059
12236	38060
12237	38061
12238	38062
12241	38063
12242	38064
12250	38065
12253	38066
12254	38067
12255	38068
12260	38069
12267	38070
12271	38071
12276	38072
12278	38073
12287	38074
12290	38075
12304	38076
12309	38077
12310	38078
12318	38079
12320	38080
12328	38081
12340	38082
12342	38083
12344	38084
12346	38085
12354	38086
12359	38087
12360	38088
12362	38089
12363	38090
12385	38091
12387	38092
12390	38093
12397	38094
12403	38095
12404	38096
12408	38097
12415	38098
12421	38099
12424	38100
12429	38101
12431	38102
12432	38103
12437	38104
12439	38105
12446	38106
12447	38107
12451	38108
12456	38109
12457	38110
12458	38111
12466	38112
12468	38113
12469	38114
12473	38115
12484	38116
12485	38117
12492	38118
12500	38119
12502	38120
12503	38121
12506	38122
12507	38123
12512	38124
12518	38125
12520	38126
12521	38127
12527	38128
12530	38129
12547	38130
12548	38131
12551	38132
12555	38133
12556	38134
12557	38135
12560	38136
12571	38137
12573	38138
12578	38139
12579	38140
12581	38141
12582	38142
12584	38143
12586	38144
12601	38145
12604	38146
12605	38147
12606	38148
12612	38149
12623	38150
12626	38151
12630	38152
12631	38153
12633	38154
12637	38155
12639	38156
12640	38157
12643	38158
12647	38159
12649	38160
12650	38161
12657	38162
12665	38163
12666	38164
12667	38165
12671	38166
12674	38167
12679	38168
12683	38169
12688	38170
12692	38171
12700	38172
12703	38173
12705	38174
12712	38175
12713	38176
12714	38177
12716	38178
12719	38179
12722	38180
12725	38181
12735	38182
12745	38183
12750	38184
12752	38185
12755	38186
12758	38187
12763	38188
12764	38189
12767	38190
12777	38191
12783	38192
12785	38193
12786	38194
12788	38195
12792	38196
12794	38197
12796	38198
12799	38199
12800	38200
12803	38201
12804	38202
12805	38203
12816	38204
12822	38205
12826	38206
12834	38207
12837	38208
12850	38209
12851	38210
12853	38211
12858	38212
12865	38213
12872	38214
12880	38215
12882	38216
12894	38217
12896	38218
12902	38219
12909	38220
12915	38221
12927	38222
12929	38223
12931	38224
12932	38225
12936	38226
12937	38227
12938	38228
12947	38229
12949	38230
12950	38231
12957	38232
12960	38233
12964	38234
12968	38235
12973	38236
12974	38237
12975	38238
12977	38239
12980	38240
12981	38241
12983	38242
12990	38243
13003	38244
13008	38245
13009	38246
13011	38247
13012	38248
13016	38249
13017	38250
13021	38251
13030	38252
13032	38253
13042	38254
13049	38255
13056	38256
13060	38257
13072	38258
13081	38259
13090	38260
13093	38261
13094	38262
13104	38263
13105	38264
13108	38265
13111	38266
13113	38267
13117	38268
13119	38269
13120	38270
13124	38271
13130	38272
13140	38273
13141	38274
13142	38275
13146	38276
13149	38277
13150	38278
13158	38279
13160	38280
13162	38281
13168	38282
13174	38283
13178	38284
13179	38285
13181	38286
13185	38287
13190	38288
13192	38289
13199	38290
13203	38291
13205	38292
13207	38293
13211	38294
13212	38295
13215	38296
13224	38297
13225	38298
13233	38299
13239	38300
13240	38301
13244	38302
13253	38303
13261	38304
13262	38305
13264	38306
13271	38307
13279	38308
13280	38309
13288	38310
13290	38311
13291	38312
13293	38313
13294	38314
13296	38315
13297	38316
13301	38317
13302	38318
13303	38319
13309	38320
13310	38321
13312	38322
13318	38323
13321	38324
13323	38325
13330	38326
13331	38327
13332	38328
13338	38329
13346	38330
13349	38331
13354	38332
13355	38333
13361	38334
13362	38335
13364	38336
13367	38337
13368	38338
13378	38339
13385	38340
13391	38341
13394	38342
13397	38343
13398	38344
13400	38345
13401	38346
13402	38347
13405	38348
13410	38349
13412	38350
13413	38351
13420	38352
13422	38353
13426	38354
13429	38355
13430	38356
13437	38357
13438	38358
13455	38359
13456	38360
13459	38361
13462	38362
13465	38363
13470	38364
13475	38365
13476	38366
13478	38367
13480	38368
13489	38369
13490	38370
13492	38371
13504	38372
13506	38373
13509	38374
13512	38375
13520	38376
13527	38377
13531	38378
13536	38379
13548	38380
13554	38381
13566	38382
13570	38383
13573	38384
13574	38385
13575	38386
13577	38387
13579	38388
13584	38389
13586	38390
13587	38391
13588	38392
13591	38393
13593	38394
13596	38395
13599	38396
13606	38397
13608	38398
13609	38399
13610	38400
13611	38401
13612	38402
13617	38403
13618	38404
13619	38405
13620	38406
13622	38407
13624	38408
13631	38409
13632	38410
13635	38411
13636	38412
13641	38413
13643	38414
13648	38415
13652	38416
13653	38417
13659	38418
13660	38419
13666	38420
13667	38421
13673	38422
13675	38423
13681	38424
13686	38425
13687	38426
13688	38427
13689	38428
13690	38429
13694	38430
13697	38431
13701	38432
13705	38433
13706	38434
13707	38435
13712	38436
13714	38437
13716	38438
13728	38439
13729	38440
13731	38441
13732	38442
13736	38443
13739	38444
13742	38445
13748	38446
13751	38447
13753	38448
13757	38449
13764	38450
13768	38451
13769	38452
13779	38453
13786	38454
13787	38455
13789	38456
13794	38457
13795	38458
13802	38459
13808	38460
13816	38461
13817	38462
13818	38463
13823	38464
13824	38465
13826	38466
13829	38467
13831	38468
13840	38469
13846	38470
13853	38471
13854	38472
13860	38473
13862	38474
13870	38475
13872	38476
13875	38477
13880	38478
13885	38479
13891	38480
13894	38481
13896	38482
13902	38483
13903	38484
13909	38485
13911	38486
13919	38487
13926	38488
13928	38489
13930	38490
13932	38491
13934	38492
13938	38493
13941	38494
13956	38495
13957	38496
13958	38497
13960	38498
13963	38499
13971	38500
13972	38501
13974	38502
13981	38503
13988	38504
13992	38505
13993	38506
13994	38507
13995	38508
13996	38509
13997	38510
14000	38511
14007	38512
14022	38513
14023	38514
14027	38515
14036	38516
14037	38517
14040	38518
14045	38519
14051	38520
14053	38521
14057	38522
14059	38523
14066	38524
14069	38525
14072	38526
14080	38527
14091	38528
14092	38529
14093	38530
14104	38531
14109	38532
14115	38533
14129	38534
14131	38535
14132	38536
14133	38537
14134	38538
14135	38539
14136	38540
14145	38541
14147	38542
14148	38543
14150	38544
14165	38545
14168	38546
14179	38547
14190	38548
14191	38549
14193	38550
14197	38551
14208	38552
14211	38553
14214	38554
14215	38555
14216	38556
14218	38557
14221	38558
14226	38559
14227	38560
14232	38561
14235	38562
14237	38563
14238	38564
14243	38565
14245	38566
14256	38567
14259	38568
14260	38569
14261	38570
14277	38571
14278	38572
14285	38573
14286	38574
14288	38575
14292	38576
14294	38577
14299	38578
14300	38579
14301	38580
14304	38581
14306	38582
14310	38583
14312	38584
14314	38585
14316	38586
14317	38587
14319	38588
14331	38589
14332	38590
14334	38591
14335	38592
14337	38593
14345	38594
14350	38595
14358	38596
14360	38597
14383	38598
14390	38599
14393	38600
14394	38601
14404	38602
14405	38603
14408	38604
14413	38605
14414	38606
14416	38607
14420	38608
14424	38609
14430	38610
14437	38611
14445	38612
14446	38613
14456	38614
14458	38615
14460	38616
14461	38617
14465	38618
14474	38619
14478	38620
14479	38621
14480	38622
14482	38623
14487	38624
14492	38625
14495	38626
14501	38627
14506	38628
14508	38629
14513	38630
14521	38631
14527	38632
14532	38633
14538	38634
14543	38635
14544	38636
14546	38637
14548	38638
14549	38639
14550	38640
14556	38641
14557	38642
14566	38643
14570	38644
14576	38645
14577	38646
14580	38647
14586	38648
14596	38649
14597	38650
14598	38651
14611	38652
14628	38653
14632	38654
14634	38655
14635	38656
14640	38657
14643	38658
14645	38659
14646	38660
14648	38661
14654	38662
14662	38663
14671	38664
14678	38665
14689	38666
14696	38667
14697	38668
14698	38669
14700	38670
14701	38671
14714	38672
14721	38673
14731	38674
14734	38675
14735	38676
14746	38677
14755	38678
14757	38679
14761	38680
14762	38681
14767	38682
14769	38683
14771	38684
14778	38685
14780	38686
14781	38687
14782	38688
14787	38689
14788	38690
14789	38691
14807	38692
14808	38693
14809	38694
14813	38695
14814	38696
14818	38697
14824	38698
14826	38699
14830	38700
14838	38701
14840	38702
14851	38703
14852	38704
14853	38705
14854	38706
14861	38707
14862	38708
14869	38709
14877	38710
14881	38711
14885	38712
14898	38713
14899	38714
14900	38715
14902	38716
14907	38717
14908	38718
14909	38719
14911	38720
14913	38721
14919	38722
14922	38723
14923	38724
14924	38725
14925	38726
14933	38727
14935	38728
14939	38729
14940	38730
14951	38731
14956	38732
14962	38733
14966	38734
14972	38735
14976	38736
14982	38737
14990	38738
14997	38739
15003	38740
15005	38741
15014	38742
15019	38743
15020	38744
15021	38745
15026	38746
15030	38747
15034	38748
15039	38749
15043	38750
15044	38751
15046	38752
15052	38753
15057	38754
15073	38755
15077	38756
15088	38757
15089	38758
15093	38759
15095	38760
15105	38761
15106	38762
15110	38763
15111	38764
15113	38765
15117	38766
15118	38767
15121	38768
15135	38769
15136	38770
15141	38771
15144	38772
15150	38773
15152	38774
15158	38775
15161	38776
15164	38777
15167	38778
15170	38779
15172	38780
15178	38781
15180	38782
15182	38783
15186	38784
15190	38785
15195	38786
15200	38787
15211	38788
15218	38789
15220	38790
15227	38791
15232	38792
15236	38793
15244	38794
15246	38795
15248	38796
15250	38797
15251	38798
15270	38799
15275	38800
15281	38801
15285	38802
15286	38803
15288	38804
15289	38805
15296	38806
15299	38807
15302	38808
15304	38809
15305	38810
15310	38811
15311	38812
15312	38813
15314	38814
15317	38815
15320	38816
15323	38817
15330	38818
15339	38819
15348	38820
15359	38821
15361	38822
15366	38823
15367	38824
15370	38825
15372	38826
15392	38827
15396	38828
15402	38829
15404	38830
15408	38831
15414	38832
15420	38833
15422	38834
15429	38835
15430	38836
15435	38837
15436	38838
15446	38839
15448	38840
15449	38841
15457	38842
15458	38843
15459	38844
15467	38845
15472	38846
15474	38847
15477	38848
15478	38849
15485	38850
15487	38851
15491	38852
15495	38853
15496	38854
15500	38855
15507	38856
15508	38857
15510	38858
15517	38859
15523	38860
15527	38861
15535	38862
15537	38863
15547	38864
15549	38865
15550	38866
15552	38867
15562	38868
15567	38869
15569	38870
15573	38871
15574	38872
15583	38873
15591	38874
15595	38875
15597	38876
15598	38877
15599	38878
15605	38879
15609	38880
15619	38881
15622	38882
15629	38883
15633	38884
15642	38885
15643	38886
15645	38887
15651	38888
15653	38889
15660	38890
15666	38891
15674	38892
15677	38893
15680	38894
15682	38895
15689	38896
15695	38897
15696	38898
15698	38899
15699	38900
15702	38901
15706	38902
15707	38903
15712	38904
15734	38905
15737	38906
15744	38907
15745	38908
15748	38909
15751	38910
15753	38911
15766	38912
15773	38913
15779	38914
15780	38915
15783	38916
15789	38917
15790	38918
15791	38919
15799	38920
15800	38921
15805	38922
15806	38923
15810	38924
15812	38925
15813	38926
15817	38927
15823	38928
15826	38929
15829	38930
15833	38931
15839	38932
15840	38933
15849	38934
15852	38935
15853	38936
15856	38937
15863	38938
15864	38939
15867	38940
15879	38941
15881	38942
15882	38943
15886	38944
15894	38945
15905	38946
15907	38947
15912	38948
15913	38949
15914	38950
15919	38951
15923	38952
15929	38953
15934	38954
15935	38955
15946	38956
15951	38957
15960	38958
15963	38959
15966	38960
15970	38961
15974	38962
15975	38963
15978	38964
15979	38965
15981	38966
15983	38967
15988	38968
15990	38969
15994	38970
15995	38971
16003	38972
16007	38973
16009	38974
16010	38975
16012	38976
16014	38977
16016	38978
16024	38979
16029	38980
16032	38981
16033	38982
16035	38983
16037	38984
16040	38985
16042	38986
16043	38987
16044	38988
16049	38989
16052	38990
16053	38991
16054	38992
16058	38993
16066	38994
16068	38995
16079	38996
16087	38997
16090	38998
16092	38999
16097	39000
16102	39001
16110	39002
16112	39003
16117	39004
16118	39005
16119	39006
16126	39007
16129	39008
16130	39009
16131	39010
16132	39011
16138	39012
16144	39013
16150	39014
16151	39015
16158	39016
16159	39017
16160	39018
16161	39019
16164	39020
16166	39021
16175	39022
16180	39023
16181	39024
16185	39025
16186	39026
16187	39027
16199	39028
16201	39029
16216	39030
16219	39031
16221	39032
16228	39033
16233	39034
16238	39035
16241	39036
16243	39037
16244	39038
16254	39039
16258	39040
16262	39041
16264	39042
16268	39043
16269	39044
16275	39045
16277	39046
16283	39047
16286	39048
16289	39049
16296	39050
16297	39051
16303	39052
16304	39053
16306	39054
16309	39055
16310	39056
16311	39057
16313	39058
16317	39059
16318	39060
16319	39061
16334	39062
16335	39063
16343	39064
16356	39065
16358	39066
16365	39067
16369	39068
16377	39069
16390	39070
16393	39071
16413	39072
16415	39073
16436	39074
16439	39075
16440	39076
16441	39077
16448	39078
16461	39079
16463	39080
16465	39081
16483	39082
16487	39083
16494	39084
16496	39085
16499	39086
16506	39087
16507	39088
16513	39089
16514	39090
16517	39091
16519	39092
16523	39093
16524	39094
16528	39095
16530	39096
16539	39097
16545	39098
16554	39099
16556	39100
16557	39101
16559	39102
16562	39103
16563	39104
16572	39105
16576	39106
16578	39107
16586	39108
16590	39109
16596	39110
16599	39111
16610	39112
16611	39113
16614	39114
16618	39115
16621	39116
16622	39117
16625	39118
16626	39119
16628	39120
16629	39121
16634	39122
16643	39123
16644	39124
16648	39125
16650	39126
16651	39127
16652	39128
16654	39129
16657	39130
16661	39131
16663	39132
16667	39133
16670	39134
16671	39135
16683	39136
16700	39137
16704	39138
16705	39139
16707	39140
16710	39141
16716	39142
16719	39143
16722	39144
16724	39145
16727	39146
16730	39147
16731	39148
16734	39149
16739	39150
16749	39151
16752	39152
16754	39153
16764	39154
16765	39155
16767	39156
16769	39157
16773	39158
16776	39159
16777	39160
16780	39161
16782	39162
16783	39163
16786	39164
16793	39165
16795	39166
16799	39167
16801	39168
16802	39169
16805	39170
16806	39171
16807	39172
16810	39173
16812	39174
16814	39175
16823	39176
16834	39177
16836	39178
16847	39179
16849	39180
16850	39181
16853	39182
16854	39183
16859	39184
16867	39185
16869	39186
16872	39187
16878	39188
16880	39189
16881	39190
16887	39191
16893	39192
16901	39193
16907	39194
16924	39195
16936	39196
16939	39197
16940	39198
16942	39199
16943	39200
16945	39201
16946	39202
16950	39203
16952	39204
16953	39205
16956	39206
16957	39207
16960	39208
16961	39209
16965	39210
16969	39211
16973	39212
16976	39213
16977	39214
16979	39215
16982	39216
16984	39217
16986	39218
16987	39219
16993	39220
16994	39221
16997	39222
17001	39223
17004	39224
17006	39225
17011	39226
17027	39227
17031	39228
17034	39229
17035	39230
17037	39231
17040	39232
17041	39233
17044	39234
17048	39235
17049	39236
17053	39237
17054	39238
17064	39239
17074	39240
17076	39241
17077	39242
17081	39243
17084	39244
17085	39245
17086	39246
17087	39247
17088	39248
17091	39249
17097	39250
17103	39251
17108	39252
17109	39253
17110	39254
17119	39255
17125	39256
17127	39257
17140	39258
17144	39259
17149	39260
17153	39261
17155	39262
17173	39263
17174	39264
17180	39265
17187	39266
17188	39267
17189	39268
17195	39269
17201	39270
17203	39271
17210	39272
17213	39273
17220	39274
17224	39275
17226	39276
17227	39277
17230	39278
17231	39279
17234	39280
17237	39281
17239	39282
17240	39283
17241	39284
17247	39285
17250	39286
17255	39287
17263	39288
17268	39289
17270	39290
17272	39291
17275	39292
17277	39293
17280	39294
17282	39295
17290	39296
17294	39297
17297	39298
17299	39299
17307	39300
17310	39301
17311	39302
17312	39303
17313	39304
17315	39305
17317	39306
17318	39307
17321	39308
17328	39309
17334	39310
17336	39311
17345	39312
17347	39313
17353	39314
17355	39315
17357	39316
17362	39317
17363	39318
17366	39319
17368	39320
17369	39321
17370	39322
17374	39323
17383	39324
17385	39325
17387	39326
17389	39327
17392	39328
17394	39329
17399	39330
17411	39331
17420	39332
17430	39333
17432	39334
17440	39335
17445	39336
17446	39337
17449	39338
17451	39339
17463	39340
17470	39341
17483	39342
17487	39343
17494	39344
17495	39345
17499	39346
17501	39347
17508	39348
17517	39349
17518	39350
17521	39351
17526	39352
17529	39353
17536	39354
17542	39355
17558	39356
17562	39357
17568	39358
17571	39359
17576	39360
17578	39361
17579	39362
17581	39363
17582	39364
17590	39365
17592	39366
17599	39367
17601	39368
17602	39369
17604	39370
17605	39371
17606	39372
17616	39373
17617	39374
17622	39375
17623	39376
17624	39377
17634	39378
17636	39379
17638	39380
17639	39381
17640	39382
17645	39383
17647	39384
17655	39385
17657	39386
17659	39387
17662	39388
17669	39389
17670	39390
17671	39391
17675	39392
17676	39393
17678	39394
17682	39395
17691	39396
17695	39397
17698	39398
17700	39399
17702	39400
17703	39401
17704	39402
17707	39403
17708	39404
17709	39405
17712	39406
17714	39407
17715	39408
17717	39409
17718	39410
17720	39411
17721	39412
17726	39413
17729	39414
17731	39415
17733	39416
17738	39417
17739	39418
17744	39419
17750	39420
17752	39421
17755	39422
17758	39423
17762	39424
17771	39425
17812	39426
17813	39427
17815	39428
17818	39429
17823	39430
17825	39431
17826	39432
17827	39433
17831	39434
17832	39435
17834	39436
17837	39437
17846	39438
17857	39439
17859	39440
17864	39441
17865	39442
17866	39443
17870	39444
17873	39445
17882	39446
17889	39447
17894	39448
17899	39449
17901	39450
17903	39451
17908	39452
17910	39453
17911	39454
17915	39455
17916	39456
17924	39457
17927	39458
17929	39459
17932	39460
17939	39461
17943	39462
17945	39463
17948	39464
17952	39465
17958	39466
17961	39467
17962	39468
17963	39469
17965	39470
17966	39471
17968	39472
17970	39473
17973	39474
17974	39475
17975	39476
17977	39477
17984	39478
17986	39479
17995	39480
17998	39481
18008	39482
18014	39483
18017	39484
18021	39485
18022	39486
18035	39487
18036	39488
18039	39489
18041	39490
18045	39491
18049	39492
18050	39493
18065	39494
18068	39495
18069	39496
18074	39497
18082	39498
18083	39499
18084	39500
18090	39501
18095	39502
18103	39503
18111	39504
18113	39505
18114	39506
18119	39507
18123	39508
18126	39509
18127	39510
18135	39511
18139	39512
18142	39513
18146	39514
18152	39515
18157	39516
18169	39517
18175	39518
18179	39519
18181	39520
18185	39521
18189	39522
18190	39523
18194	39524
18197	39525
18206	39526
18213	39527
18214	39528
18215	39529
18222	39530
18224	39531
18228	39532
18230	39533
18236	39534
18239	39535
18245	39536
18255	39537
18256	39538
18259	39539
18261	39540
18263	39541
18268	39542
18272	39543
18276	39544
18278	39545
18281	39546
18282	39547
18286	39548
18288	39549
18299	39550
18300	39551
18302	39552
18303	39553
18306	39554
18307	39555
18311	39556
18314	39557
18320	39558
18321	39559
18323	39560
18332	39561
18334	39562
18337	39563
18339	39564
18344	39565
18345	39566
18347	39567
18353	39568
18354	39569
18359	39570
18362	39571
18363	39572
18367	39573
18384	39574
18386	39575
18387	39576
18393	39577
18398	39578
18402	39579
18415	39580
18422	39581
18427	39582
18430	39583
18431	39584
18432	39585
18435	39586
18437	39587
18442	39588
18443	39589
18449	39590
18451	39591
18453	39592
18455	39593
18460	39594
18461	39595
18465	39596
18466	39597
18467	39598
18469	39599
18470	39600
18473	39601
18476	39602
18481	39603
18482	39604
18490	39605
18497	39606
18498	39607
18502	39608
18505	39609
18507	39610
18510	39611
18511	39612
18518	39613
18519	39614
18532	39615
18533	39616
18535	39617
18540	39618
18549	39619
18553	39620
18563	39621
18566	39622
18581	39623
18582	39624
18587	39625
18592	39626
18594	39627
18597	39628
18599	39629
18601	39630
18606	39631
18607	39632
18612	39633
18614	39634
18616	39635
18617	39636
18618	39637
18627	39638
18628	39639
18630	39640
18634	39641
18638	39642
18640	39643
18648	39644
18650	39645
18651	39646
18660	39647
18664	39648
18665	39649
18667	39650
18669	39651
18672	39652
18677	39653
18679	39654
18684	39655
18685	39656
18687	39657
18698	39658
18705	39659
18706	39660
18713	39661
18721	39662
18722	39663
18723	39664
18725	39665
18738	39666
18742	39667
18745	39668
18748	39669
18752	39670
18754	39671
18755	39672
18763	39673
18765	39674
18767	39675
18774	39676
18776	39677
18780	39678
18781	39679
18782	39680
18783	39681
18789	39682
18796	39683
18800	39684
18806	39685
18817	39686
18822	39687
18826	39688
18828	39689
18830	39690
18831	39691
18832	39692
18833	39693
18839	39694
18840	39695
18861	39696
18863	39697
18865	39698
18867	39699
18872	39700
18874	39701
18875	39702
18876	39703
18879	39704
18882	39705
18884	39706
18888	39707
18892	39708
18909	39709
18911	39710
18919	39711
18923	39712
18929	39713
18931	39714
18939	39715
18940	39716
18946	39717
18947	39718
18953	39719
18957	39720
18958	39721
18966	39722
18975	39723
18977	39724
18980	39725
18986	39726
18994	39727
18999	39728
19002	39729
19009	39730
19014	39731
19016	39732
19017	39733
19018	39734
19027	39735
19029	39736
19033	39737
19034	39738
19035	39739
19036	39740
19037	39741
19039	39742
19044	39743
19047	39744
19052	39745
19054	39746
19055	39747
19059	39748
19066	39749
19068	39750
19072	39751
19075	39752
19081	39753
19083	39754
19090	39755
19092	39756
19097	39757
19099	39758
19102	39759
19106	39760
19107	39761
19109	39762
19114	39763
19115	39764
19120	39765
19123	39766
19124	39767
19127	39768
19136	39769
19137	39770
19144	39771
19153	39772
19154	39773
19167	39774
19168	39775
19169	39776
19170	39777
19188	39778
19190	39779
19205	39780
19208	39781
19211	39782
19212	39783
19216	39784
19218	39785
19221	39786
19223	39787
19226	39788
19228	39789
19235	39790
19247	39791
19251	39792
19255	39793
19256	39794
19257	39795
19258	39796
19261	39797
19264	39798
19271	39799
19279	39800
19280	39801
19282	39802
19283	39803
19284	39804
19293	39805
19296	39806
19298	39807
19301	39808
19302	39809
19311	39810
19318	39811
19319	39812
19320	39813
19321	39814
19326	39815
19344	39816
19353	39817
19356	39818
19363	39819
19367	39820
19373	39821
19389	39822
19392	39823
19395	39824
19396	39825
19399	39826
19401	39827
19403	39828
19404	39829
19408	39830
19417	39831
19419	39832
19421	39833
19423	39834
19424	39835
19427	39836
19428	39837
19432	39838
19437	39839
19439	39840
19443	39841
19445	39842
19447	39843
19451	39844
19453	39845
19463	39846
19464	39847
19465	39848
19475	39849
19476	39850
19479	39851
19482	39852
19483	39853
19484	39854
19497	39855
19505	39856
19508	39857
19513	39858
19518	39859
19519	39860
19522	39861
19529	39862
19530	39863
19531	39864
19535	39865
19536	39866
19537	39867
19538	39868
19541	39869
19543	39870
19550	39871
19554	39872
19558	39873
19562	39874
19564	39875
19574	39876
19575	39877
19582	39878
19587	39879
19588	39880
19591	39881
19594	39882
19598	39883
19603	39884
19607	39885
19610	39886
19613	39887
19616	39888
19617	39889
19620	39890
19624	39891
19625	39892
19626	39893
19628	39894
19637	39895
19642	39896
19647	39897
19648	39898
19650	39899
19653	39900
19655	39901
19657	39902
19663	39903
19668	39904
19674	39905
19676	39906
19681	39907
19693	39908
19694	39909
19696	39910
19701	39911
19702	39912
19703	39913
19708	39914
19710	39915
19714	39916
19715	39917
19718	39918
19720	39919
19721	39920
19728	39921
19734	39922
19737	39923
19740	39924
19744	39925
19752	39926
19762	39927
19766	39928
19767	39929
19768	39930
19777	39931
19875	39932
20015	39933
20070	39934
20301	39935
20372	39936
20448	39937
20467	39938
20498	39939
20508	39940
20567	39941
20625	39942
20889	39943
20998	39944
21234	39945
21283	39946
21307	39947
21358	39948
21439	39949
21593	39950
21610	39951
21740	39952
21760	39953
21898	39954
21917	39955
22116	39956
22248	39957
22295	39958
22296	39959
22299	39960
22302	39961
22303	39962
22305	39963
22309	39964
22312	39965
22313	39966
22326	39967
22340	39968
22348	39969
22349	39970
22351	39971
22360	39972
22364	39973
22366	39974
22367	39975
22379	39976
22382	39977
22386	39978
22387	39979
22395	39980
22397	39981
22398	39982
22400	39983
22403	39984
22408	39985
22409	39986
22419	39987
22420	39988
22422	39989
22424	39990
22426	39991
22427	39992
22432	39993
22438	39994
22440	39995
22444	39996
22446	39997
22448	39998
22450	39999
22452	40000
22457	40001
22459	40002
22461	40003
22463	40004
22467	40005
22489	40006
22494	40007
22499	40008
22502	40009
22506	40010
22513	40011
22519	40012
22520	40013
22521	40014
22526	40015
22527	40016
22530	40017
22532	40018
22534	40019
22535	40020
22550	40021
22552	40022
22555	40023
22559	40024
22569	40025
