4	35935
8	35936
12	35937
13	35938
49	35939
52	35940
53	35941
61	35942
63	35943
64	35944
67	35945
68	35946
72	35947
75	35948
82	35949
83	35950
85	35951
86	35952
110	35953
114	35954
118	35955
124	35956
125	35957
126	35958
131	35959
133	35960
136	35961
138	35962
141	35963
143	35964
145	35965
266	35966
293	35967
302	35968
322	35969
363	35970
512	35971
520	35972
538	35973
542	35974
551	35975
554	35976
571	35977
578	35978
579	35979
584	35980
587	35981
588	35982
590	35983
594	35984
599	35985
603	35986
605	35987
608	35988
611	35989
621	35990
624	35991
628	35992
632	35993
633	35994
646	35995
650	35996
670	35997
674	35998
680	35999
688	36000
690	36001
694	36002
697	36003
704	36004
707	36005
714	36006
716	36007
720	36008
730	36009
731	36010
732	36011
733	36012
735	36013
737	36014
741	36015
749	36016
752	36017
755	36018
758	36019
762	36020
763	36021
769	36022
770	36023
774	36024
784	36025
787	36026
789	36027
793	36028
797	36029
804	36030
806	36031
807	36032
815	36033
831	36034
833	36035
837	36036
838	36037
851	36038
855	36039
857	36040
859	36041
865	36042
868	36043
871	36044
872	36045
873	36046
874	36047
876	36048
879	36049
882	36050
883	36051
884	36052
888	36053
896	36054
898	36055
912	36056
916	36057
918	36058
928	36059
930	36060
936	36061
939	36062
948	36063
952	36064
954	36065
961	36066
962	36067
964	36068
976	36069
980	36070
982	36071
984	36072
996	36073
997	36074
1000	36075
1004	36076
1005	36077
1008	36078
1011	36079
1013	36080
1016	36081
1018	36082
1020	36083
1026	36084
1030	36085
1035	36086
1042	36087
1047	36088
1052	36089
1053	36090
1058	36091
1059	36092
1062	36093
1063	36094
1064	36095
1066	36096
1067	36097
1070	36098
1073	36099
1076	36100
1083	36101
1086	36102
1094	36103
1098	36104
1099	36105
1101	36106
1107	36107
1112	36108
1113	36109
1116	36110
1122	36111
1131	36112
1133	36113
1136	36114
1143	36115
1144	36116
1152	36117
1154	36118
1158	36119
1168	36120
1169	36121
1172	36122
1178	36123
1180	36124
1183	36125
1185	36126
1186	36127
1192	36128
1194	36129
1195	36130
1197	36131
1200	36132
1202	36133
1205	36134
1207	36135
1208	36136
1211	36137
1217	36138
1232	36139
1234	36140
1236	36141
1241	36142
1244	36143
1248	36144
1253	36145
1258	36146
1262	36147
1264	36148
1265	36149
1267	36150
1276	36151
1277	36152
1286	36153
1301	36154
1311	36155
1314	36156
1317	36157
1318	36158
1322	36159
1326	36160
1339	36161
1341	36162
1346	36163
1348	36164
1349	36165
1352	36166
1353	36167
1367	36168
1371	36169
1374	36170
1377	36171
1379	36172
1381	36173
1399	36174
1400	36175
1409	36176
1411	36177
1419	36178
1421	36179
1423	36180
1425	36181
1427	36182
1433	36183
1437	36184
1439	36185
1442	36186
1445	36187
1448	36188
1450	36189
1456	36190
1467	36191
1468	36192
1474	36193
1476	36194
1486	36195
1489	36196
1495	36197
1508	36198
1512	36199
1524	36200
1526	36201
1528	36202
1531	36203
1535	36204
1537	36205
1550	36206
1555	36207
1556	36208
1557	36209
1559	36210
1564	36211
1567	36212
1571	36213
1576	36214
1582	36215
1583	36216
1591	36217
1594	36218
1601	36219
1609	36220
1614	36221
1619	36222
1630	36223
1633	36224
1635	36225
1638	36226
1643	36227
1644	36228
1646	36229
1649	36230
1650	36231
1659	36232
1660	36233
1664	36234
1673	36235
1682	36236
1684	36237
1685	36238
1692	36239
1695	36240
1696	36241
1697	36242
1699	36243
1707	36244
1709	36245
1713	36246
1715	36247
1717	36248
1719	36249
1725	36250
1738	36251
1741	36252
1742	36253
1744	36254
1756	36255
1758	36256
1759	36257
1768	36258
1770	36259
1773	36260
1779	36261
1782	36262
1791	36263
1798	36264
1802	36265
1804	36266
1810	36267
1812	36268
1813	36269
1819	36270
1828	36271
1829	36272
1831	36273
1833	36274
1836	36275
1838	36276
1839	36277
1844	36278
1846	36279
1852	36280
1857	36281
1867	36282
1870	36283
1871	36284
1872	36285
1874	36286
1880	36287
1885	36288
1890	36289
1893	36290
1900	36291
1903	36292
1910	36293
1914	36294
1922	36295
1923	36296
1924	36297
1929	36298
1932	36299
1944	36300
1947	36301
1952	36302
1955	36303
1963	36304
1975	36305
1978	36306
1995	36307
2000	36308
2004	36309
2026	36310
2033	36311
2044	36312
2090	36313
2097	36314
2102	36315
2110	36316
2113	36317
2146	36318
2148	36319
2152	36320
2173	36321
2202	36322
2222	36323
2234	36324
2257	36325
2280	36326
2282	36327
2300	36328
2306	36329
2333	36330
2338	36331
2350	36332
2357	36333
2372	36334
2392	36335
2451	36336
2468	36337
2474	36338
2491	36339
2507	36340
2526	36341
2545	36342
2584	36343
2597	36344
2600	36345
2618	36346
2623	36347
2636	36348
2641	36349
2656	36350
2698	36351
2713	36352
2716	36353
2727	36354
2736	36355
2746	36356
2777	36357
2796	36358
2820	36359
2829	36360
2833	36361
2848	36362
2853	36363
2929	36364
2955	36365
2961	36366
2965	36367
3011	36368
3013	36369
3067	36370
3127	36371
3129	36372
3158	36373
3160	36374
3164	36375
3179	36376
3180	36377
3187	36378
3192	36379
3195	36380
3209	36381
3211	36382
3212	36383
3215	36384
3225	36385
3229	36386
3234	36387
3239	36388
3242	36389
3249	36390
3250	36391
3254	36392
3264	36393
3268	36394
3278	36395
3284	36396
3295	36397
3302	36398
3314	36399
3315	36400
3322	36401
3323	36402
3325	36403
3327	36404
3329	36405
3336	36406
3342	36407
3345	36408
3358	36409
3367	36410
3380	36411
3382	36412
3401	36413
3405	36414
3412	36415
3416	36416
3420	36417
3425	36418
3426	36419
3433	36420
3445	36421
3454	36422
3456	36423
3465	36424
3466	36425
3481	36426
3488	36427
3492	36428
3499	36429
3500	36430
3506	36431
3525	36432
3538	36433
3544	36434
3562	36435
3567	36436
3571	36437
3572	36438
3575	36439
3580	36440
3583	36441
3613	36442
3618	36443
3630	36444
3638	36445
3642	36446
3643	36447
3647	36448
3652	36449
3657	36450
3659	36451
3660	36452
3668	36453
3670	36454
3676	36455
3677	36456
3682	36457
3687	36458
3689	36459
3690	36460
3692	36461
3704	36462
3705	36463
3712	36464
3722	36465
3730	36466
3734	36467
3737	36468
3739	36469
3742	36470
3754	36471
3780	36472
3781	36473
3786	36474
3798	36475
3799	36476
3801	36477
3803	36478
3804	36479
3812	36480
3817	36481
3820	36482
3823	36483
3826	36484
3842	36485
3854	36486
3860	36487
3862	36488
3864	36489
3867	36490
3874	36491
3878	36492
3884	36493
3889	36494
3891	36495
3892	36496
3896	36497
3901	36498
3902	36499
3903	36500
3907	36501
3925	36502
3929	36503
3941	36504
3947	36505
3948	36506
3949	36507
3961	36508
3970	36509
3979	36510
3984	36511
3989	36512
3995	36513
4002	36514
4007	36515
4013	36516
4018	36517
4028	36518
4034	36519
4038	36520
4041	36521
4050	36522
4058	36523
4061	36524
4062	36525
4066	36526
4067	36527
4076	36528
4089	36529
4090	36530
4095	36531
4098	36532
4115	36533
4121	36534
4127	36535
4128	36536
4131	36537
4137	36538
4138	36539
4152	36540
4157	36541
4160	36542
4167	36543
4174	36544
4178	36545
4181	36546
4186	36547
4187	36548
4190	36549
4191	36550
4195	36551
4197	36552
4215	36553
4220	36554
4226	36555
4228	36556
4232	36557
4255	36558
4260	36559
4261	36560
4276	36561
4283	36562
4284	36563
4301	36564
4305	36565
4308	36566
4312	36567
4326	36568
4334	36569
4341	36570
4347	36571
4355	36572
4356	36573
4357	36574
4358	36575
4369	36576
4372	36577
4376	36578
4379	36579
4385	36580
4389	36581
4402	36582
4412	36583
4413	36584
4423	36585
4425	36586
4429	36587
4430	36588
4438	36589
4451	36590
4457	36591
4461	36592
4465	36593
4467	36594
4470	36595
4482	36596
4488	36597
4493	36598
4501	36599
4503	36600
4506	36601
4508	36602
4511	36603
4519	36604
4524	36605
4529	36606
4537	36607
4550	36608
4554	36609
4558	36610
4574	36611
4578	36612
4579	36613
4580	36614
4590	36615
4595	36616
4596	36617
4608	36618
4609	36619
4619	36620
4624	36621
4630	36622
4632	36623
4633	36624
4644	36625
4647	36626
4662	36627
4688	36628
4693	36629
4703	36630
4716	36631
4717	36632
4725	36633
4726	36634
4727	36635
4728	36636
4730	36637
4732	36638
4742	36639
4755	36640
4761	36641
4768	36642
4776	36643
4779	36644
4782	36645
4785	36646
4787	36647
4802	36648
4811	36649
4816	36650
4820	36651
4844	36652
4846	36653
4847	36654
4849	36655
4855	36656
4858	36657
4866	36658
4868	36659
4882	36660
4896	36661
4898	36662
4908	36663
4909	36664
4913	36665
4916	36666
4918	36667
4926	36668
4930	36669
4934	36670
4944	36671
4945	36672
4955	36673
4957	36674
4958	36675
4964	36676
4976	36677
4985	36678
4989	36679
4991	36680
4997	36681
5002	36682
5008	36683
5010	36684
5013	36685
5018	36686
5024	36687
5035	36688
5052	36689
5078	36690
5082	36691
5083	36692
5084	36693
5087	36694
5094	36695
5099	36696
5100	36697
5102	36698
5103	36699
5106	36700
5111	36701
5116	36702
5120	36703
5129	36704
5131	36705
5133	36706
5136	36707
5145	36708
5149	36709
5155	36710
5164	36711
5177	36712
5182	36713
5189	36714
5205	36715
5208	36716
5210	36717
5215	36718
5216	36719
5221	36720
5222	36721
5224	36722
5226	36723
5234	36724
5235	36725
5248	36726
5259	36727
5260	36728
5264	36729
5269	36730
5270	36731
5275	36732
5296	36733
5303	36734
5305	36735
5308	36736
5313	36737
5315	36738
5320	36739
5328	36740
5329	36741
5330	36742
5343	36743
5348	36744
5349	36745
5352	36746
5358	36747
5361	36748
5367	36749
5375	36750
5378	36751
5383	36752
5403	36753
5423	36754
5424	36755
5425	36756
5427	36757
5428	36758
5429	36759
5438	36760
5444	36761
5453	36762
5456	36763
5475	36764
5497	36765
5498	36766
5502	36767
5506	36768
5509	36769
5511	36770
5521	36771
5523	36772
5533	36773
5536	36774
5539	36775
5540	36776
5545	36777
5552	36778
5558	36779
5566	36780
5573	36781
5586	36782
5587	36783
5593	36784
5596	36785
5598	36786
5599	36787
5604	36788
5614	36789
5623	36790
5624	36791
5634	36792
5646	36793
5650	36794
5660	36795
5664	36796
5665	36797
5669	36798
5670	36799
5673	36800
5674	36801
5693	36802
5698	36803
5708	36804
5713	36805
5718	36806
5719	36807
5721	36808
5730	36809
5735	36810
5736	36811
5739	36812
5741	36813
5745	36814
5750	36815
5759	36816
5795	36817
5800	36818
5803	36819
5805	36820
5813	36821
5817	36822
5827	36823
5828	36824
5834	36825
5835	36826
5851	36827
5852	36828
5873	36829
5874	36830
5876	36831
5877	36832
5878	36833
5886	36834
5901	36835
5928	36836
5929	36837
5943	36838
5952	36839
5955	36840
5966	36841
5971	36842
5973	36843
5975	36844
5991	36845
5992	36846
5994	36847
5996	36848
6006	36849
6009	36850
6016	36851
6018	36852
6025	36853
6026	36854
6028	36855
6032	36856
6035	36857
6037	36858
6038	36859
6039	36860
6053	36861
6054	36862
6056	36863
6068	36864
6070	36865
6077	36866
6078	36867
6087	36868
6096	36869
6097	36870
6098	36871
6101	36872
6122	36873
6130	36874
6134	36875
6139	36876
6140	36877
6147	36878
6149	36879
6164	36880
6166	36881
6168	36882
6174	36883
6177	36884
6181	36885
6186	36886
6198	36887
6199	36888
6223	36889
6228	36890
6230	36891
6234	36892
6239	36893
6245	36894
6246	36895
6250	36896
6262	36897
6265	36898
6270	36899
6290	36900
6291	36901
6296	36902
6297	36903
6299	36904
6307	36905
6328	36906
6340	36907
6341	36908
6343	36909
6354	36910
6358	36911
6360	36912
6372	36913
6374	36914
6387	36915
6391	36916
6394	36917
6403	36918
6406	36919
6408	36920
6412	36921
6416	36922
6421	36923
6423	36924
6436	36925
6438	36926
6444	36927
6449	36928
6451	36929
6460	36930
6475	36931
6503	36932
6514	36933
6523	36934
6525	36935
6535	36936
6538	36937
6544	36938
6554	36939
6569	36940
6570	36941
6590	36942
6593	36943
6600	36944
6601	36945
6609	36946
6619	36947
6620	36948
6623	36949
6636	36950
6643	36951
6654	36952
6656	36953
6660	36954
6662	36955
6669	36956
6683	36957
6684	36958
6692	36959
6699	36960
6703	36961
6704	36962
6706	36963
6708	36964
6711	36965
6714	36966
6719	36967
6729	36968
6738	36969
6739	36970
6746	36971
6747	36972
6749	36973
6753	36974
6760	36975
6770	36976
6776	36977
6780	36978
6788	36979
6794	36980
6805	36981
6812	36982
6813	36983
6814	36984
6819	36985
6821	36986
6825	36987
6833	36988
6834	36989
6849	36990
6850	36991
6851	36992
6861	36993
6874	36994
6876	36995
6892	36996
6894	36997
6897	36998
6899	36999
6903	37000
6918	37001
6928	37002
6929	37003
6946	37004
6951	37005
6952	37006
6963	37007
6983	37008
6991	37009
7007	37010
7008	37011
7016	37012
7044	37013
7045	37014
7047	37015
7066	37016
7073	37017
7078	37018
7081	37019
7096	37020
7099	37021
7102	37022
7104	37023
7110	37024
7122	37025
7126	37026
7131	37027
7134	37028
7135	37029
7137	37030
7142	37031
7149	37032
7159	37033
7167	37034
7183	37035
7188	37036
7199	37037
7204	37038
7205	37039
7207	37040
7220	37041
7228	37042
7231	37043
7246	37044
7253	37045
7256	37046
7257	37047
7260	37048
7261	37049
7297	37050
7306	37051
7320	37052
7322	37053
7333	37054
7336	37055
7348	37056
7357	37057
7358	37058
7362	37059
7363	37060
7367	37061
7369	37062
7380	37063
7381	37064
7403	37065
7404	37066
7405	37067
7414	37068
7416	37069
7419	37070
7431	37071
7439	37072
7440	37073
7447	37074
7464	37075
7471	37076
7473	37077
7474	37078
7480	37079
7482	37080
7483	37081
7491	37082
7496	37083
7499	37084
7502	37085
7504	37086
7511	37087
7525	37088
7534	37089
7541	37090
7549	37091
7550	37092
7553	37093
7555	37094
7556	37095
7570	37096
7572	37097
7580	37098
7581	37099
7586	37100
7608	37101
7611	37102
7616	37103
7618	37104
7625	37105
7629	37106
7630	37107
7653	37108
7681	37109
7685	37110
7694	37111
7696	37112
7703	37113
7708	37114
7729	37115
7731	37116
7747	37117
7750	37118
7754	37119
7767	37120
7776	37121
7777	37122
7794	37123
7797	37124
7813	37125
7825	37126
7828	37127
7835	37128
7843	37129
7846	37130
7847	37131
7857	37132
7874	37133
7877	37134
7887	37135
7894	37136
7907	37137
7915	37138
7919	37139
7920	37140
7924	37141
7926	37142
7927	37143
7928	37144
7935	37145
7936	37146
7940	37147
7942	37148
7954	37149
7955	37150
7968	37151
7974	37152
7981	37153
7997	37154
8000	37155
8004	37156
8013	37157
8014	37158
8027	37159
8046	37160
8050	37161
8051	37162
8053	37163
8056	37164
8059	37165
8061	37166
8065	37167
8076	37168
8105	37169
8117	37170
8120	37171
8123	37172
8130	37173
8134	37174
8142	37175
8145	37176
8149	37177
8154	37178
8162	37179
8165	37180
8182	37181
8194	37182
8205	37183
8221	37184
8224	37185
8235	37186
8241	37187
8245	37188
8264	37189
8266	37190
8273	37191
8277	37192
8278	37193
8285	37194
8288	37195
8297	37196
8304	37197
8305	37198
8307	37199
8323	37200
8340	37201
8344	37202
8356	37203
8358	37204
8362	37205
8374	37206
8375	37207
8386	37208
8402	37209
8423	37210
8424	37211
8432	37212
8434	37213
8440	37214
8444	37215
8445	37216
8449	37217
8453	37218
8462	37219
8463	37220
8465	37221
8467	37222
8473	37223
8477	37224
8482	37225
8488	37226
8490	37227
8495	37228
8497	37229
8501	37230
8510	37231
8515	37232
8518	37233
8520	37234
8523	37235
8529	37236
8543	37237
8545	37238
8547	37239
8558	37240
8560	37241
8565	37242
8573	37243
8584	37244
8589	37245
8593	37246
8606	37247
8613	37248
8619	37249
8621	37250
8628	37251
8632	37252
8634	37253
8636	37254
8638	37255
8643	37256
8654	37257
8655	37258
8667	37259
8675	37260
8683	37261
8695	37262
8702	37263
8718	37264
8738	37265
8750	37266
8756	37267
8758	37268
8760	37269
8766	37270
8776	37271
8786	37272
8793	37273
8796	37274
8798	37275
8800	37276
8802	37277
8804	37278
8812	37279
8816	37280
8818	37281
8826	37282
8828	37283
8830	37284
8833	37285
8834	37286
8838	37287
8840	37288
8847	37289
8852	37290
8857	37291
8866	37292
8867	37293
8875	37294
8879	37295
8883	37296
8890	37297
8895	37298
8899	37299
8903	37300
8915	37301
8921	37302
8933	37303
8941	37304
8942	37305
8948	37306
8958	37307
8976	37308
8981	37309
8985	37310
8988	37311
9000	37312
9011	37313
9017	37314
9027	37315
9076	37316
9093	37317
9097	37318
9105	37319
9106	37320
9116	37321
9126	37322
9128	37323
9161	37324
9166	37325
9168	37326
9171	37327
9180	37328
9183	37329
9184	37330
9194	37331
9197	37332
9208	37333
9215	37334
9218	37335
9221	37336
9226	37337
9232	37338
9240	37339
9248	37340
9250	37341
9254	37342
9258	37343
9262	37344
9273	37345
9279	37346
9280	37347
9289	37348
9295	37349
9303	37350
9307	37351
9313	37352
9315	37353
9323	37354
9338	37355
9346	37356
9347	37357
9360	37358
9367	37359
9371	37360
9389	37361
9398	37362
9404	37363
9409	37364
9414	37365
9415	37366
9416	37367
9418	37368
9430	37369
9438	37370
9439	37371
9447	37372
9448	37373
9453	37374
9454	37375
9464	37376
9465	37377
9469	37378
9477	37379
9478	37380
9479	37381
9490	37382
9501	37383
9511	37384
9539	37385
9540	37386
9559	37387
9568	37388
9592	37389
9599	37390
9631	37391
9632	37392
9637	37393
9638	37394
9639	37395
9640	37396
9642	37397
9656	37398
9657	37399
9660	37400
9661	37401
9666	37402
9667	37403
9669	37404
9671	37405
9678	37406
9679	37407
9681	37408
9682	37409
9683	37410
9686	37411
9699	37412
9702	37413
9704	37414
9706	37415
9709	37416
9715	37417
9717	37418
9723	37419
9724	37420
9728	37421
9741	37422
9745	37423
9747	37424
9749	37425
9754	37426
9756	37427
9758	37428
9760	37429
9762	37430
9764	37431
9767	37432
9772	37433
9774	37434
9782	37435
9783	37436
9785	37437
9800	37438
9803	37439
9810	37440
9816	37441
9817	37442
9821	37443
9824	37444
9832	37445
9833	37446
9834	37447
9836	37448
9855	37449
9859	37450
9860	37451
9865	37452
9869	37453
9875	37454
9880	37455
9882	37456
9884	37457
9885	37458
9890	37459
9893	37460
9895	37461
9898	37462
9900	37463
9909	37464
9912	37465
9913	37466
9915	37467
9916	37468
9917	37469
9918	37470
9922	37471
9923	37472
9924	37473
9925	37474
9931	37475
9933	37476
9944	37477
9953	37478
9956	37479
9957	37480
9962	37481
9963	37482
9969	37483
9979	37484
9982	37485
9986	37486
9990	37487
9991	37488
9997	37489
9998	37490
9999	37491
10001	37492
10003	37493
10010	37494
10015	37495
10019	37496
10028	37497
10029	37498
10032	37499
10035	37500
10041	37501
10046	37502
10055	37503
10056	37504
10062	37505
10064	37506
10065	37507
10074	37508
10075	37509
10084	37510
10090	37511
10093	37512
10094	37513
10097	37514
10098	37515
10099	37516
10101	37517
10103	37518
10105	37519
10106	37520
10110	37521
10113	37522
10114	37523
10118	37524
10121	37525
10126	37526
10127	37527
10128	37528
10132	37529
10136	37530
10143	37531
10145	37532
10148	37533
10149	37534
10153	37535
10158	37536
10165	37537
10168	37538
10171	37539
10181	37540
10187	37541
10191	37542
10193	37543
10195	37544
10200	37545
10207	37546
10214	37547
10217	37548
10219	37549
10223	37550
10233	37551
10235	37552
10236	37553
10241	37554
10246	37555
10250	37556
10253	37557
10257	37558
10258	37559
10259	37560
10260	37561
10262	37562
10267	37563
10270	37564
10277	37565
10278	37566
10286	37567
10294	37568
10300	37569
10301	37570
10302	37571
10304	37572
10315	37573
10319	37574
10321	37575
10329	37576
10341	37577
10344	37578
10345	37579
10352	37580
10355	37581
10357	37582
10359	37583
10369	37584
10372	37585
10373	37586
10379	37587
10385	37588
10386	37589
10387	37590
10388	37591
10390	37592
10391	37593
10392	37594
10393	37595
10397	37596
10406	37597
10408	37598
10413	37599
10421	37600
10428	37601
10434	37602
10439	37603
10443	37604
10450	37605
10451	37606
10452	37607
10455	37608
10459	37609
10465	37610
10467	37611
10469	37612
10483	37613
10485	37614
10492	37615
10495	37616
10497	37617
10501	37618
10505	37619
10508	37620
10510	37621
10513	37622
10514	37623
10516	37624
10526	37625
10528	37626
10529	37627
10532	37628
10533	37629
10535	37630
10549	37631
10550	37632
10552	37633
10553	37634
10558	37635
10562	37636
10563	37637
10566	37638
10569	37639
10572	37640
10575	37641
10578	37642
10583	37643
10588	37644
10589	37645
10590	37646
10602	37647
10606	37648
10614	37649
10620	37650
10625	37651
10626	37652
10628	37653
10629	37654
10630	37655
10637	37656
10639	37657
10640	37658
10641	37659
10644	37660
10645	37661
10646	37662
10647	37663
10651	37664
10654	37665
10656	37666
10657	37667
10658	37668
10662	37669
10674	37670
10678	37671
10684	37672
10687	37673
10692	37674
10694	37675
10698	37676
10700	37677
10704	37678
10710	37679
10712	37680
10715	37681
10716	37682
10723	37683
10724	37684
10725	37685
10726	37686
10733	37687
10738	37688
10739	37689
10741	37690
10742	37691
10749	37692
10750	37693
10754	37694
10755	37695
10759	37696
10764	37697
10766	37698
10771	37699
10772	37700
10774	37701
10781	37702
10782	37703
10783	37704
10784	37705
10789	37706
10800	37707
10805	37708
10811	37709
10812	37710
10813	37711
10814	37712
10815	37713
10834	37714
10837	37715
10838	37716
10839	37717
10840	37718
10844	37719
10847	37720
10855	37721
10859	37722
10860	37723
10865	37724
10867	37725
10868	37726
10871	37727
10873	37728
10884	37729
10898	37730
10902	37731
10903	37732
10905	37733
10907	37734
10908	37735
10919	37736
10920	37737
10921	37738
10925	37739
10927	37740
10938	37741
10940	37742
10941	37743
10947	37744
10948	37745
10955	37746
10962	37747
10963	37748
10964	37749
10968	37750
10971	37751
10972	37752
10976	37753
10978	37754
10979	37755
10982	37756
11006	37757
11009	37758
11011	37759
11013	37760
11017	37761
11019	37762
11025	37763
11027	37764
11033	37765
11043	37766
11045	37767
11048	37768
11050	37769
11052	37770
11053	37771
11060	37772
11065	37773
11068	37774
11069	37775
11074	37776
11076	37777
11094	37778
11097	37779
11114	37780
11115	37781
11121	37782
11123	37783
11126	37784
11129	37785
11139	37786
11141	37787
11143	37788
11146	37789
11155	37790
11156	37791
11159	37792
11160	37793
11172	37794
11182	37795
11186	37796
11192	37797
11195	37798
11196	37799
11200	37800
11203	37801
11205	37802
11208	37803
11212	37804
11215	37805
11219	37806
11225	37807
11229	37808
11230	37809
11231	37810
11232	37811
11236	37812
11240	37813
11244	37814
11245	37815
11246	37816
11252	37817
11253	37818
11254	37819
11256	37820
11257	37821
11273	37822
11274	37823
11277	37824
11283	37825
11284	37826
11286	37827
11294	37828
11296	37829
11297	37830
11300	37831
11304	37832
11306	37833
11307	37834
11314	37835
11315	37836
11318	37837
11324	37838
11327	37839
11329	37840
11330	37841
11332	37842
11334	37843
11336	37844
11339	37845
11340	37846
11342	37847
11345	37848
11346	37849
11361	37850
11364	37851
11367	37852
11369	37853
11370	37854
11371	37855
11377	37856
11378	37857
11382	37858
11383	37859
11386	37860
11391	37861
11394	37862
11396	37863
11398	37864
11400	37865
11401	37866
11404	37867
11410	37868
11415	37869
11421	37870
11429	37871
11430	37872
11432	37873
11433	37874
11437	37875
11439	37876
11444	37877
11446	37878
11454	37879
11460	37880
11467	37881
11468	37882
11472	37883
11475	37884
11478	37885
11483	37886
11484	37887
11485	37888
11487	37889
11492	37890
11493	37891
11497	37892
11499	37893
11505	37894
11507	37895
11511	37896
11513	37897
11514	37898
11517	37899
11518	37900
11525	37901
11527	37902
11529	37903
11531	37904
11538	37905
11541	37906
11549	37907
11557	37908
11561	37909
11567	37910
11568	37911
11574	37912
11577	37913
11581	37914
11582	37915
11586	37916
11588	37917
11594	37918
11609	37919
11617	37920
11627	37921
11630	37922
11634	37923
11635	37924
11638	37925
11640	37926
11642	37927
11648	37928
11649	37929
11653	37930
11654	37931
11657	37932
11658	37933
11660	37934
11661	37935
11670	37936
11680	37937
11681	37938
11684	37939
11686	37940
11687	37941
11690	37942
11692	37943
11703	37944
11708	37945
11709	37946
11712	37947
11716	37948
11719	37949
11721	37950
11731	37951
11736	37952
11739	37953
11741	37954
11751	37955
11752	37956
11758	37957
11760	37958
11775	37959
11782	37960
11784	37961
11787	37962
11788	37963
11790	37964
11791	37965
11796	37966
11799	37967
11803	37968
11805	37969
11811	37970
11815	37971
11827	37972
11834	37973
11835	37974
11842	37975
11847	37976
11850	37977
11851	37978
11852	37979
11856	37980
11858	37981
11866	37982
11870	37983
11876	37984
11882	37985
11884	37986
11893	37987
11896	37988
11898	37989
11901	37990
11914	37991
11916	37992
11929	37993
11931	37994
11933	37995
11936	37996
11939	37997
11942	37998
11950	37999
11954	38000
11955	38001
11963	38002
11965	38003
11968	38004
11972	38005
11974	38006
11980	38007
11990	38008
11993	38009
11994	38010
11998	38011
11999	38012
12000	38013
12002	38014
12008	38015
12009	38016
12014	38017
12018	38018
12020	38019
12022	38020
12024	38021
12028	38022
12035	38023
12044	38024
12048	38025
12049	38026
12054	38027
12060	38028
12067	38029
12075	38030
12079	38031
12085	38032
12088	38033
12108	38034
12112	38035
12113	38036
12115	38037
12118	38038
12127	38039
12131	38040
12137	38041
12141	38042
12146	38043
12147	38044
12160	38045
12161	38046
12165	38047
12166	38048
12168	38049
12169	38050
12172	38051
12180	38052
12182	38053
12189	38054
12194	38055
12195	38056
12204	38057
12205	38058
12209	38059
12210	38060
12212	38061
12222	38062
12231	38063
12234	38064
12240	38065
12241	38066
12247	38067
12250	38068
12253	38069
12254	38070
12257	38071
12260	38072
12263	38073
12266	38074
12267	38075
12269	38076
12270	38077
12276	38078
12282	38079
12284	38080
12286	38081
12290	38082
12292	38083
12297	38084
12308	38085
12310	38086
12312	38087
12313	38088
12330	38089
12338	38090
12342	38091
12346	38092
12352	38093
12359	38094
12362	38095
12363	38096
12366	38097
12369	38098
12371	38099
12387	38100
12389	38101
12390	38102
12391	38103
12396	38104
12400	38105
12402	38106
12406	38107
12408	38108
12414	38109
12415	38110
12417	38111
12418	38112
12424	38113
12427	38114
12429	38115
12430	38116
12431	38117
12435	38118
12446	38119
12455	38120
12457	38121
12458	38122
12459	38123
12467	38124
12469	38125
12471	38126
12476	38127
12479	38128
12480	38129
12481	38130
12484	38131
12490	38132
12492	38133
12512	38134
12513	38135
12530	38136
12542	38137
12543	38138
12546	38139
12548	38140
12556	38141
12559	38142
12560	38143
12569	38144
12572	38145
12573	38146
12575	38147
12582	38148
12584	38149
12591	38150
12600	38151
12604	38152
12610	38153
12613	38154
12620	38155
12626	38156
12628	38157
12634	38158
12637	38159
12638	38160
12639	38161
12643	38162
12644	38163
12648	38164
12650	38165
12660	38166
12663	38167
12673	38168
12676	38169
12678	38170
12683	38171
12684	38172
12688	38173
12692	38174
12696	38175
12707	38176
12710	38177
12711	38178
12712	38179
12716	38180
12721	38181
12732	38182
12733	38183
12743	38184
12746	38185
12747	38186
12749	38187
12751	38188
12752	38189
12754	38190
12758	38191
12762	38192
12764	38193
12778	38194
12779	38195
12786	38196
12787	38197
12791	38198
12794	38199
12800	38200
12804	38201
12805	38202
12814	38203
12816	38204
12829	38205
12838	38206
12864	38207
12867	38208
12874	38209
12879	38210
12880	38211
12884	38212
12894	38213
12902	38214
12904	38215
12906	38216
12908	38217
12909	38218
12917	38219
12934	38220
12935	38221
12946	38222
12960	38223
12962	38224
12963	38225
12964	38226
12974	38227
12979	38228
12990	38229
12999	38230
13001	38231
13005	38232
13009	38233
13013	38234
13014	38235
13015	38236
13016	38237
13017	38238
13018	38239
13019	38240
13021	38241
13026	38242
13031	38243
13032	38244
13037	38245
13042	38246
13050	38247
13052	38248
13058	38249
13077	38250
13078	38251
13081	38252
13082	38253
13089	38254
13090	38255
13091	38256
13103	38257
13105	38258
13108	38259
13111	38260
13113	38261
13116	38262
13117	38263
13120	38264
13124	38265
13140	38266
13141	38267
13146	38268
13149	38269
13160	38270
13162	38271
13166	38272
13167	38273
13168	38274
13174	38275
13188	38276
13189	38277
13190	38278
13193	38279
13199	38280
13202	38281
13203	38282
13207	38283
13208	38284
13209	38285
13211	38286
13212	38287
13215	38288
13218	38289
13227	38290
13230	38291
13232	38292
13240	38293
13241	38294
13244	38295
13246	38296
13261	38297
13262	38298
13263	38299
13264	38300
13271	38301
13272	38302
13276	38303
13285	38304
13288	38305
13290	38306
13294	38307
13297	38308
13300	38309
13303	38310
13309	38311
13314	38312
13316	38313
13317	38314
13322	38315
13324	38316
13327	38317
13333	38318
13339	38319
13342	38320
13354	38321
13376	38322
13380	38323
13385	38324
13391	38325
13394	38326
13396	38327
13397	38328
13398	38329
13401	38330
13402	38331
13420	38332
13423	38333
13427	38334
13429	38335
13432	38336
13435	38337
13436	38338
13438	38339
13445	38340
13453	38341
13454	38342
13457	38343
13460	38344
13464	38345
13466	38346
13467	38347
13470	38348
13475	38349
13476	38350
13478	38351
13480	38352
13481	38353
13485	38354
13492	38355
13493	38356
13494	38357
13504	38358
13514	38359
13520	38360
13536	38361
13545	38362
13554	38363
13558	38364
13560	38365
13566	38366
13567	38367
13576	38368
13577	38369
13580	38370
13588	38371
13591	38372
13592	38373
13593	38374
13595	38375
13611	38376
13612	38377
13616	38378
13618	38379
13619	38380
13622	38381
13624	38382
13625	38383
13632	38384
13637	38385
13639	38386
13643	38387
13646	38388
13648	38389
13657	38390
13659	38391
13660	38392
13661	38393
13663	38394
13667	38395
13671	38396
13676	38397
13677	38398
13685	38399
13688	38400
13690	38401
13694	38402
13705	38403
13706	38404
13707	38405
13713	38406
13732	38407
13739	38408
13744	38409
13748	38410
13751	38411
13752	38412
13753	38413
13755	38414
13759	38415
13764	38416
13786	38417
13788	38418
13793	38419
13794	38420
13795	38421
13797	38422
13802	38423
13803	38424
13804	38425
13812	38426
13813	38427
13818	38428
13825	38429
13826	38430
13827	38431
13829	38432
13831	38433
13836	38434
13846	38435
13853	38436
13862	38437
13863	38438
13868	38439
13871	38440
13875	38441
13885	38442
13890	38443
13894	38444
13899	38445
13904	38446
13909	38447
13911	38448
13916	38449
13923	38450
13930	38451
13932	38452
13934	38453
13937	38454
13938	38455
13941	38456
13943	38457
13959	38458
13960	38459
13963	38460
13965	38461
13966	38462
13971	38463
13975	38464
13979	38465
13986	38466
13996	38467
13999	38468
14000	38469
14004	38470
14006	38471
14008	38472
14014	38473
14021	38474
14022	38475
14027	38476
14031	38477
14035	38478
14036	38479
14038	38480
14040	38481
14041	38482
14042	38483
14044	38484
14047	38485
14048	38486
14051	38487
14057	38488
14062	38489
14065	38490
14070	38491
14074	38492
14080	38493
14081	38494
14084	38495
14087	38496
14092	38497
14104	38498
14105	38499
14108	38500
14111	38501
14115	38502
14119	38503
14125	38504
14129	38505
14130	38506
14137	38507
14140	38508
14144	38509
14149	38510
14150	38511
14157	38512
14159	38513
14160	38514
14163	38515
14171	38516
14185	38517
14195	38518
14200	38519
14203	38520
14208	38521
14213	38522
14214	38523
14225	38524
14232	38525
14233	38526
14234	38527
14236	38528
14245	38529
14255	38530
14259	38531
14268	38532
14270	38533
14272	38534
14277	38535
14278	38536
14285	38537
14286	38538
14287	38539
14288	38540
14291	38541
14293	38542
14299	38543
14301	38544
14305	38545
14308	38546
14310	38547
14311	38548
14312	38549
14314	38550
14316	38551
14319	38552
14325	38553
14336	38554
14337	38555
14350	38556
14358	38557
14362	38558
14365	38559
14374	38560
14380	38561
14385	38562
14387	38563
14389	38564
14394	38565
14400	38566
14402	38567
14404	38568
14409	38569
14413	38570
14435	38571
14439	38572
14443	38573
14444	38574
14456	38575
14460	38576
14461	38577
14470	38578
14474	38579
14476	38580
14478	38581
14482	38582
14487	38583
14495	38584
14497	38585
14506	38586
14512	38587
14519	38588
14521	38589
14522	38590
14524	38591
14526	38592
14531	38593
14532	38594
14534	38595
14538	38596
14539	38597
14540	38598
14543	38599
14548	38600
14549	38601
14550	38602
14551	38603
14553	38604
14556	38605
14557	38606
14565	38607
14573	38608
14578	38609
14579	38610
14580	38611
14586	38612
14587	38613
14593	38614
14597	38615
14601	38616
14625	38617
14628	38618
14631	38619
14632	38620
14634	38621
14642	38622
14644	38623
14646	38624
14648	38625
14649	38626
14653	38627
14655	38628
14657	38629
14665	38630
14666	38631
14676	38632
14684	38633
14687	38634
14689	38635
14690	38636
14693	38637
14695	38638
14697	38639
14698	38640
14702	38641
14704	38642
14713	38643
14714	38644
14716	38645
14717	38646
14719	38647
14721	38648
14727	38649
14731	38650
14734	38651
14736	38652
14737	38653
14739	38654
14742	38655
14746	38656
14747	38657
14751	38658
14754	38659
14755	38660
14758	38661
14759	38662
14760	38663
14765	38664
14766	38665
14780	38666
14781	38667
14808	38668
14814	38669
14818	38670
14826	38671
14829	38672
14840	38673
14847	38674
14852	38675
14853	38676
14854	38677
14857	38678
14861	38679
14869	38680
14873	38681
14877	38682
14881	38683
14888	38684
14894	38685
14898	38686
14899	38687
14907	38688
14908	38689
14909	38690
14911	38691
14913	38692
14914	38693
14918	38694
14922	38695
14923	38696
14924	38697
14931	38698
14933	38699
14936	38700
14940	38701
14948	38702
14950	38703
14952	38704
14956	38705
14958	38706
14960	38707
14966	38708
14968	38709
14971	38710
14976	38711
14982	38712
14984	38713
14989	38714
14995	38715
14997	38716
15006	38717
15007	38718
15010	38719
15013	38720
15014	38721
15021	38722
15023	38723
15026	38724
15027	38725
15028	38726
15029	38727
15030	38728
15034	38729
15037	38730
15039	38731
15040	38732
15053	38733
15057	38734
15060	38735
15066	38736
15072	38737
15076	38738
15077	38739
15086	38740
15089	38741
15093	38742
15095	38743
15098	38744
15102	38745
15105	38746
15106	38747
15113	38748
15116	38749
15118	38750
15120	38751
15125	38752
15135	38753
15137	38754
15139	38755
15141	38756
15142	38757
15144	38758
15150	38759
15151	38760
15152	38761
15161	38762
15163	38763
15179	38764
15180	38765
15181	38766
15182	38767
15186	38768
15189	38769
15197	38770
15200	38771
15202	38772
15204	38773
15207	38774
15209	38775
15211	38776
15213	38777
15221	38778
15222	38779
15223	38780
15227	38781
15230	38782
15232	38783
15237	38784
15244	38785
15245	38786
15246	38787
15248	38788
15250	38789
15253	38790
15263	38791
15264	38792
15278	38793
15279	38794
15280	38795
15281	38796
15293	38797
15298	38798
15308	38799
15310	38800
15314	38801
15320	38802
15323	38803
15329	38804
15330	38805
15332	38806
15341	38807
15345	38808
15348	38809
15349	38810
15355	38811
15356	38812
15357	38813
15361	38814
15365	38815
15366	38816
15367	38817
15370	38818
15376	38819
15386	38820
15389	38821
15390	38822
15392	38823
15393	38824
15397	38825
15398	38826
15399	38827
15405	38828
15406	38829
15416	38830
15421	38831
15424	38832
15427	38833
15429	38834
15432	38835
15433	38836
15436	38837
15443	38838
15446	38839
15448	38840
15453	38841
15454	38842
15460	38843
15487	38844
15488	38845
15495	38846
15496	38847
15498	38848
15500	38849
15505	38850
15506	38851
15508	38852
15510	38853
15513	38854
15514	38855
15515	38856
15526	38857
15541	38858
15544	38859
15555	38860
15556	38861
15559	38862
15562	38863
15571	38864
15573	38865
15574	38866
15583	38867
15588	38868
15589	38869
15591	38870
15593	38871
15595	38872
15597	38873
15602	38874
15604	38875
15605	38876
15606	38877
15607	38878
15619	38879
15622	38880
15632	38881
15636	38882
15640	38883
15642	38884
15643	38885
15645	38886
15647	38887
15649	38888
15656	38889
15667	38890
15672	38891
15674	38892
15678	38893
15682	38894
15691	38895
15695	38896
15702	38897
15704	38898
15706	38899
15716	38900
15719	38901
15724	38902
15737	38903
15742	38904
15744	38905
15745	38906
15746	38907
15748	38908
15755	38909
15759	38910
15761	38911
15762	38912
15766	38913
15775	38914
15779	38915
15781	38916
15789	38917
15791	38918
15792	38919
15809	38920
15810	38921
15815	38922
15820	38923
15821	38924
15822	38925
15826	38926
15828	38927
15833	38928
15837	38929
15846	38930
15848	38931
15849	38932
15857	38933
15862	38934
15863	38935
15864	38936
15873	38937
15879	38938
15885	38939
15904	38940
15914	38941
15917	38942
15918	38943
15919	38944
15929	38945
15934	38946
15935	38947
15936	38948
15938	38949
15943	38950
15945	38951
15950	38952
15954	38953
15956	38954
15957	38955
15960	38956
15961	38957
15962	38958
15966	38959
15974	38960
15975	38961
15978	38962
15991	38963
15992	38964
15995	38965
15999	38966
16001	38967
16006	38968
16007	38969
16009	38970
16012	38971
16016	38972
16022	38973
16023	38974
16024	38975
16026	38976
16029	38977
16037	38978
16045	38979
16046	38980
16049	38981
16050	38982
16052	38983
16053	38984
16060	38985
16066	38986
16068	38987
16078	38988
16079	38989
16081	38990
16085	38991
16087	38992
16089	38993
16091	38994
16094	38995
16100	38996
16101	38997
16107	38998
16111	38999
16112	39000
16114	39001
16119	39002
16123	39003
16128	39004
16135	39005
16140	39006
16149	39007
16150	39008
16151	39009
16152	39010
16154	39011
16165	39012
16166	39013
16173	39014
16180	39015
16187	39016
16190	39017
16191	39018
16197	39019
16199	39020
16203	39021
16205	39022
16208	39023
16216	39024
16217	39025
16219	39026
16227	39027
16229	39028
16233	39029
16236	39030
16237	39031
16238	39032
16239	39033
16253	39034
16254	39035
16258	39036
16260	39037
16267	39038
16268	39039
16269	39040
16270	39041
16273	39042
16277	39043
16283	39044
16286	39045
16289	39046
16290	39047
16293	39048
16298	39049
16304	39050
16310	39051
16312	39052
16314	39053
16318	39054
16319	39055
16323	39056
16325	39057
16328	39058
16329	39059
16341	39060
16343	39061
16346	39062
16350	39063
16353	39064
16354	39065
16358	39066
16398	39067
16400	39068
16407	39069
16411	39070
16413	39071
16415	39072
16416	39073
16422	39074
16443	39075
16445	39076
16448	39077
16459	39078
16475	39079
16491	39080
16498	39081
16499	39082
16500	39083
16506	39084
16513	39085
16514	39086
16517	39087
16536	39088
16538	39089
16542	39090
16543	39091
16545	39092
16547	39093
16552	39094
16555	39095
16558	39096
16561	39097
16562	39098
16563	39099
16568	39100
16569	39101
16570	39102
16572	39103
16573	39104
16576	39105
16589	39106
16594	39107
16595	39108
16596	39109
16597	39110
16599	39111
16600	39112
16604	39113
16606	39114
16610	39115
16611	39116
16614	39117
16618	39118
16621	39119
16623	39120
16627	39121
16631	39122
16633	39123
16644	39124
16646	39125
16651	39126
16652	39127
16657	39128
16661	39129
16663	39130
16668	39131
16669	39132
16671	39133
16672	39134
16678	39135
16686	39136
16691	39137
16694	39138
16695	39139
16705	39140
16707	39141
16709	39142
16712	39143
16714	39144
16716	39145
16724	39146
16731	39147
16732	39148
16738	39149
16739	39150
16745	39151
16755	39152
16758	39153
16759	39154
16764	39155
16770	39156
16772	39157
16773	39158
16775	39159
16779	39160
16783	39161
16786	39162
16787	39163
16793	39164
16801	39165
16805	39166
16807	39167
16808	39168
16809	39169
16810	39170
16820	39171
16822	39172
16826	39173
16833	39174
16834	39175
16835	39176
16836	39177
16838	39178
16848	39179
16849	39180
16853	39181
16854	39182
16855	39183
16856	39184
16859	39185
16861	39186
16864	39187
16865	39188
16869	39189
16877	39190
16880	39191
16883	39192
16887	39193
16890	39194
16896	39195
16900	39196
16901	39197
16907	39198
16909	39199
16917	39200
16919	39201
16931	39202
16932	39203
16934	39204
16936	39205
16939	39206
16948	39207
16952	39208
16953	39209
16955	39210
16957	39211
16958	39212
16961	39213
16963	39214
16964	39215
16971	39216
16973	39217
16974	39218
16975	39219
16986	39220
16987	39221
16996	39222
16997	39223
16999	39224
17001	39225
17004	39226
17009	39227
17011	39228
17014	39229
17019	39230
17022	39231
17031	39232
17034	39233
17035	39234
17037	39235
17038	39236
17039	39237
17042	39238
17054	39239
17057	39240
17062	39241
17065	39242
17068	39243
17071	39244
17074	39245
17075	39246
17077	39247
17082	39248
17086	39249
17089	39250
17091	39251
17092	39252
17096	39253
17097	39254
17109	39255
17115	39256
17118	39257
17127	39258
17131	39259
17132	39260
17138	39261
17140	39262
17141	39263
17150	39264
17153	39265
17160	39266
17164	39267
17166	39268
17170	39269
17180	39270
17181	39271
17187	39272
17188	39273
17189	39274
17195	39275
17201	39276
17203	39277
17210	39278
17211	39279
17214	39280
17218	39281
17219	39282
17226	39283
17227	39284
17230	39285
17231	39286
17234	39287
17238	39288
17239	39289
17240	39290
17243	39291
17250	39292
17255	39293
17264	39294
17275	39295
17280	39296
17287	39297
17289	39298
17290	39299
17294	39300
17300	39301
17308	39302
17310	39303
17317	39304
17318	39305
17321	39306
17328	39307
17334	39308
17335	39309
17337	39310
17344	39311
17345	39312
17349	39313
17351	39314
17353	39315
17354	39316
17359	39317
17362	39318
17369	39319
17375	39320
17382	39321
17383	39322
17389	39323
17392	39324
17396	39325
17403	39326
17409	39327
17411	39328
17420	39329
17421	39330
17429	39331
17433	39332
17445	39333
17449	39334
17450	39335
17451	39336
17454	39337
17463	39338
17464	39339
17470	39340
17474	39341
17476	39342
17480	39343
17483	39344
17491	39345
17492	39346
17501	39347
17507	39348
17508	39349
17517	39350
17520	39351
17521	39352
17522	39353
17524	39354
17526	39355
17527	39356
17531	39357
17533	39358
17535	39359
17539	39360
17553	39361
17554	39362
17561	39363
17568	39364
17570	39365
17574	39366
17577	39367
17581	39368
17590	39369
17592	39370
17601	39371
17602	39372
17612	39373
17615	39374
17617	39375
17618	39376
17622	39377
17625	39378
17627	39379
17628	39380
17629	39381
17630	39382
17634	39383
17643	39384
17645	39385
17651	39386
17653	39387
17655	39388
17662	39389
17668	39390
17677	39391
17678	39392
17686	39393
17687	39394
17691	39395
17693	39396
17694	39397
17695	39398
17701	39399
17702	39400
17708	39401
17710	39402
17718	39403
17721	39404
17728	39405
17729	39406
17730	39407
17740	39408
17745	39409
17748	39410
17751	39411
17752	39412
17755	39413
17756	39414
17758	39415
17762	39416
17768	39417
17771	39418
17775	39419
17777	39420
17778	39421
17783	39422
17785	39423
17787	39424
17794	39425
17797	39426
17799	39427
17807	39428
17810	39429
17818	39430
17826	39431
17827	39432
17829	39433
17830	39434
17832	39435
17833	39436
17845	39437
17846	39438
17859	39439
17866	39440
17872	39441
17874	39442
17875	39443
17887	39444
17894	39445
17898	39446
17901	39447
17902	39448
17907	39449
17908	39450
17910	39451
17911	39452
17912	39453
17916	39454
17919	39455
17923	39456
17926	39457
17928	39458
17931	39459
17934	39460
17941	39461
17943	39462
17945	39463
17948	39464
17951	39465
17956	39466
17957	39467
17958	39468
17961	39469
17965	39470
17966	39471
17970	39472
17975	39473
17977	39474
17978	39475
17983	39476
17985	39477
18008	39478
18021	39479
18022	39480
18030	39481
18031	39482
18035	39483
18036	39484
18037	39485
18039	39486
18041	39487
18043	39488
18045	39489
18060	39490
18065	39491
18071	39492
18074	39493
18083	39494
18087	39495
18088	39496
18089	39497
18090	39498
18095	39499
18098	39500
18124	39501
18126	39502
18128	39503
18130	39504
18136	39505
18137	39506
18139	39507
18140	39508
18142	39509
18145	39510
18154	39511
18158	39512
18160	39513
18170	39514
18175	39515
18179	39516
18181	39517
18183	39518
18187	39519
18188	39520
18193	39521
18201	39522
18205	39523
18213	39524
18214	39525
18218	39526
18222	39527
18223	39528
18225	39529
18228	39530
18230	39531
18231	39532
18239	39533
18240	39534
18242	39535
18245	39536
18255	39537
18256	39538
18257	39539
18259	39540
18260	39541
18261	39542
18267	39543
18270	39544
18281	39545
18284	39546
18285	39547
18288	39548
18291	39549
18293	39550
18299	39551
18302	39552
18303	39553
18310	39554
18314	39555
18316	39556
18323	39557
18326	39558
18332	39559
18333	39560
18334	39561
18336	39562
18337	39563
18343	39564
18345	39565
18350	39566
18354	39567
18355	39568
18359	39569
18363	39570
18366	39571
18367	39572
18369	39573
18370	39574
18374	39575
18375	39576
18391	39577
18393	39578
18394	39579
18401	39580
18405	39581
18408	39582
18422	39583
18423	39584
18427	39585
18434	39586
18437	39587
18438	39588
18443	39589
18445	39590
18451	39591
18453	39592
18459	39593
18465	39594
18466	39595
18469	39596
18473	39597
18474	39598
18475	39599
18481	39600
18487	39601
18488	39602
18490	39603
18497	39604
18501	39605
18502	39606
18505	39607
18507	39608
18511	39609
18519	39610
18528	39611
18545	39612
18554	39613
18555	39614
18561	39615
18563	39616
18566	39617
18590	39618
18592	39619
18601	39620
18605	39621
18606	39622
18616	39623
18622	39624
18626	39625
18632	39626
18637	39627
18638	39628
18639	39629
18642	39630
18644	39631
18648	39632
18651	39633
18656	39634
18657	39635
18661	39636
18662	39637
18664	39638
18667	39639
18668	39640
18669	39641
18672	39642
18677	39643
18681	39644
18685	39645
18690	39646
18691	39647
18692	39648
18697	39649
18700	39650
18703	39651
18706	39652
18711	39653
18712	39654
18731	39655
18738	39656
18747	39657
18748	39658
18754	39659
18755	39660
18761	39661
18767	39662
18780	39663
18783	39664
18785	39665
18789	39666
18790	39667
18795	39668
18798	39669
18810	39670
18822	39671
18825	39672
18831	39673
18839	39674
18851	39675
18853	39676
18856	39677
18858	39678
18863	39679
18869	39680
18872	39681
18879	39682
18880	39683
18881	39684
18885	39685
18888	39686
18889	39687
18891	39688
18892	39689
18899	39690
18911	39691
18917	39692
18921	39693
18923	39694
18927	39695
18931	39696
18933	39697
18935	39698
18937	39699
18942	39700
18943	39701
18946	39702
18947	39703
18948	39704
18961	39705
18963	39706
18967	39707
18968	39708
18977	39709
18979	39710
18980	39711
18984	39712
18988	39713
18990	39714
18998	39715
19001	39716
19006	39717
19008	39718
19009	39719
19011	39720
19016	39721
19018	39722
19032	39723
19033	39724
19034	39725
19038	39726
19039	39727
19043	39728
19046	39729
19051	39730
19061	39731
19063	39732
19064	39733
19065	39734
19066	39735
19068	39736
19073	39737
19082	39738
19085	39739
19097	39740
19099	39741
19101	39742
19102	39743
19103	39744
19106	39745
19112	39746
19113	39747
19118	39748
19120	39749
19123	39750
19126	39751
19130	39752
19131	39753
19132	39754
19136	39755
19144	39756
19151	39757
19153	39758
19154	39759
19159	39760
19167	39761
19168	39762
19171	39763
19177	39764
19179	39765
19188	39766
19195	39767
19199	39768
19208	39769
19211	39770
19215	39771
19218	39772
19220	39773
19228	39774
19236	39775
19237	39776
19246	39777
19247	39778
19256	39779
19258	39780
19261	39781
19262	39782
19263	39783
19264	39784
19270	39785
19279	39786
19282	39787
19283	39788
19286	39789
19291	39790
19297	39791
19298	39792
19301	39793
19302	39794
19303	39795
19304	39796
19314	39797
19316	39798
19320	39799
19326	39800
19329	39801
19331	39802
19333	39803
19336	39804
19339	39805
19344	39806
19346	39807
19349	39808
19356	39809
19357	39810
19358	39811
19363	39812
19364	39813
19367	39814
19376	39815
19383	39816
19385	39817
19392	39818
19396	39819
19401	39820
19402	39821
19403	39822
19407	39823
19415	39824
19419	39825
19422	39826
19424	39827
19431	39828
19432	39829
19437	39830
19439	39831
19441	39832
19447	39833
19449	39834
19455	39835
19460	39836
19467	39837
19476	39838
19483	39839
19484	39840
19486	39841
19491	39842
19492	39843
19498	39844
19505	39845
19506	39846
19511	39847
19512	39848
19513	39849
19519	39850
19522	39851
19525	39852
19529	39853
19530	39854
19532	39855
19538	39856
19543	39857
19544	39858
19546	39859
19549	39860
19560	39861
19562	39862
19565	39863
19566	39864
19569	39865
19579	39866
19585	39867
19590	39868
19594	39869
19598	39870
19603	39871
19607	39872
19608	39873
19609	39874
19611	39875
19613	39876
19614	39877
19616	39878
19617	39879
19625	39880
19628	39881
19642	39882
19646	39883
19648	39884
19650	39885
19653	39886
19667	39887
19668	39888
19670	39889
19681	39890
19683	39891
19686	39892
19690	39893
19693	39894
19696	39895
19706	39896
19708	39897
19713	39898
19716	39899
19721	39900
19728	39901
19737	39902
19740	39903
19746	39904
19747	39905
19750	39906
19751	39907
19752	39908
19760	39909
19762	39910
19765	39911
19766	39912
19767	39913
19768	39914
19778	39915
19875	39916
19891	39917
20050	39918
20070	39919
20205	39920
20209	39921
20220	39922
20301	39923
20320	39924
20352	39925
20372	39926
20399	39927
20467	39928
20634	39929
20704	39930
20763	39931
20870	39932
21104	39933
21439	39934
21533	39935
21553	39936
21593	39937
21610	39938
21686	39939
21740	39940
21760	39941
21878	39942
21898	39943
21917	39944
22067	39945
22099	39946
22116	39947
22221	39948
22239	39949
22294	39950
22296	39951
22299	39952
22305	39953
22309	39954
22313	39955
22325	39956
22326	39957
22327	39958
22332	39959
22333	39960
22336	39961
22348	39962
22349	39963
22350	39964
22357	39965
22360	39966
22362	39967
22365	39968
22366	39969
22371	39970
22382	39971
22385	39972
22386	39973
22387	39974
22398	39975
22399	39976
22400	39977
22403	39978
22404	39979
22407	39980
22408	39981
22409	39982
22416	39983
22417	39984
22421	39985
22422	39986
22424	39987
22426	39988
22432	39989
22433	39990
22434	39991
22438	39992
22440	39993
22441	39994
22442	39995
22443	39996
22444	39997
22448	39998
22460	39999
22461	40000
22470	40001
22474	40002
22477	40003
22480	40004
22489	40005
22491	40006
22497	40007
22513	40008
22521	40009
22525	40010
22526	40011
22527	40012
22530	40013
22533	40014
22534	40015
22535	40016
22538	40017
22539	40018
22540	40019
22541	40020
22547	40021
22552	40022
22553	40023
22558	40024
22560	40025
22565	40026
