1	18855
20	18873
21	18874
23	18877
24	18878
25	18881
27	18883
34	18895
35	18893
39	18898
7327	18901
50	18903
49	18906
46	18904
53	18912
54	18913
55	18914
58	18917
59	18918
60	18920
62	18921
65	18927
70	18931
71	18932
75	18938
76	18939
84	18945
86	18946
88	18949
90	18951
94	18956
101	18966
97	18958
99	18959
100	18962
103	18964
105	18967
113	18975
117	18976
120	18979
128	18992
131	18993
130	18994
135	18998
138	19002
140	19003
141	19006
145	19011
146	19010
152	19020
153	19021
160	19024
159	19026
163	19030
165	19028
166	19033
167	19034
168	19035
175	19037
172	19038
173	19041
174	19040
182	19046
184	19048
185	19049
187	19052
188	19054
189	19055
193	19062
194	19061
196	19064
197	19066
198	19067
199	19068
204	19071
213	19084
214	19087
217	19090
220	19093
224	19098
228	19105
232	19107
234	19108
244	19115
246	19117
248	19119
253	19128
255	19129
256	19132
258	19134
262	19137
263	19139
265	19140
266	19141
270	19142
277	19151
279	19154
281	19157
282	19161
283	19162
284	19163
287	19165
291	19167
290	19168
293	19172
295	19176
297	19174
298	19175
300	19177
301	19178
308	19183
309	19184
311	19193
312	19189
313	19190
315	19192
317	19195
318	19196
319	19198
320	19199
321	19197
325	19207
327	19211
328	19213
330	19214
332	19216
333	19218
334	19219
337	19220
339	19224
340	19223
342	19228
344	19231
345	19233
351	19245
357	19251
359	19247
360	19250
363	19255
365	19258
366	19260
367	19261
368	19262
369	19263
371	19266
374	19269
375	19270
376	19271
381	19276
384	19278
385	19281
386	19283
390	19285
389	19287
395	19295
399	19304
401	19306
402	19307
403	19308
405	19312
406	19314
415	19322
419	19326
420	19325
424	19328
431	19331
433	19333
436	19334
440	19338
441	19339
445	19344
446	19345
447	19346
451	19348
458	19351
463	19356
464	19359
466	19361
470	19368
471	19370
472	19371
474	19374
475	19375
476	19376
479	19379
482	19383
485	19391
486	19386
487	19387
488	19388
490	19389
493	19394
495	19395
496	19396
499	19397
503	19399
507	19402
508	19403
511	19412
512	19413
513	19414
518	19420
519	19419
520	19423
522	19429
8774	19426
525	19428
527	19430
528	19431
531	19434
533	19437
538	19445
539	19447
543	19448
551	19453
552	19462
553	19455
556	19454
557	19461
560	19463
561	19472
562	19466
563	19467
564	19468
567	19473
568	19474
569	19475
573	19482
576	19485
577	19486
578	19487
579	19488
583	19493
585	19495
595	19501
597	19504
598	19506
599	19509
603	19514
606	19516
611	19523
612	19524
618	19527
619	19528
620	19530
622	19531
626	19537
627	19539
628	19538
632	19545
636	19547
637	19550
639	19553
640	19554
643	19557
648	19561
650	19562
651	19564
655	19572
657	19575
658	19568
661	19567
662	19570
669	19582
670	19583
671	19585
673	19589
678	19596
679	19597
683	19602
688	19608
692	19612
693	19613
696	19614
695	19615
698	19617
699	19619
702	19622
708	19633
709	19634
711	19636
718	19637
714	19638
720	19640
721	19643
722	19645
725	19648
729	19649
733	19655
734	19657
738	19662
736	19661
745	19666
748	19668
749	19669
750	19670
752	19676
753	19674
759	19679
760	19683
761	19686
763	19684
767	19688
768	19689
775	19697
776	19696
779	19701
784	19705
780	19703
785	19708
787	19709
789	19715
793	19719
794	19721
796	19722
797	19724
800	19729
802	19730
804	19731
803	19732
809	19733
807	19734
811	19735
812	19739
816	19741
818	19742
821	19743
823	19747
824	19748
827	19749
829	19754
830	19755
832	19757
833	19758
834	19759
835	19760
837	19762
839	19765
840	19766
846	19772
847	19773
849	19774
851	19776
858	19784
860	19790
864	19792
869	19793
870	19797
872	19800
873	19801
874	19804
877	19812
878	19809
881	19808
883	19815
891	19823
893	19824
897	19829
896	19828
901	19836
905	19840
907	19842
909	19851
911	19847
910	19848
912	19852
918	19858
922	19860
927	19862
926	19865
928	19867
931	19870
932	19872
935	19881
936	19879
939	19885
941	19888
943	19893
945	19897
946	19896
955	19903
959	19905
960	19908
965	19913
967	19914
979	19923
981	19924
985	19930
986	19931
988	19932
992	19939
995	19940
1000	19945
1001	19946
1002	19947
1005	19949
1007	19951
1008	21953
1009	26226
1010	19955
1017	19953
1019	19954
1015	19957
1014	19958
1025	19968
1026	19969
1027	19977
1028	37936
1029	19973
1030	19972
1031	19974
1033	19978
1036	19980
1039	19982
1040	19984
1041	19983
1044	19986
1047	19987
1048	19988
1056	19990
1062	19992
1059	19994
1060	19995
1061	19996
1067	20004
1069	20006
1071	20007
1072	20009
1077	20013
1078	20017
1079	20014
1088	20023
1089	20024
1091	20027
1092	20026
1093	20028
1097	20033
1098	20034
1099	20036
1101	20037
1102	20038
1110	20043
1112	20045
1117	20051
1120	20063
1121	20056
1125	20059
1134	20067
1139	20072
1140	20076
1142	20075
1144	20079
1148	20083
1151	20088
1159	20092
1158	20094
1162	20095
1164	20096
1163	20097
1165	20098
1169	20105
1172	20108
1175	20110
1177	20111
1178	20112
1183	20115
1184	20116
1185	20117
1190	20120
1192	20123
1195	20124
1198	20125
1201	20132
1203	20131
1209	20138
1210	20139
1218	20145
1224	20151
1225	20152
1228	20158
1230	20159
1232	20162
1235	20164
1238	20167
1240	20169
1243	20172
1244	20173
1245	20174
1247	20176
1249	20179
1250	20181
1252	20184
1253	20185
1257	20190
1259	20191
1260	20192
1262	20195
1264	20199
1267	20202
1269	20206
1270	20205
1273	20209
1274	20210
1275	20211
1278	20216
1282	20218
1285	20219
1292	20223
1288	20224
1291	20226
1293	20229
1295	20231
1298	20234
1301	20237
1302	20240
1304	20242
1308	20248
1309	20251
1312	20250
1319	20255
1321	20256
1322	20257
1325	20258
1327	20260
1328	20261
1331	20263
1332	20265
1333	20269
1334	20270
1335	20271
1336	20273
1340	20275
1339	20276
1343	20284
1344	20286
1346	20289
1348	20294
1349	20292
1353	20295
1354	20296
1357	20298
1359	20299
1360	20300
1361	20301
1362	20302
1363	20303
1365	20305
1367	20308
1369	20310
1370	20311
1372	20312
1373	20318
1381	20324
1382	20325
1385	20329
1386	20328
1387	20330
1389	20332
1393	20333
1391	20336
1392	20334
1395	20340
1396	20341
1399	20347
1401	20348
1402	20349
1405	20353
1408	20354
1411	20360
1413	20362
1414	20364
1418	20369
1419	20370
1420	20373
1423	20376
1426	20379
1432	20384
1433	20383
1434	20385
1436	20388
1437	20387
1441	20393
1443	20396
1450	20397
1451	20400
1454	20401
1456	20405
1462	20406
1459	20407
1460	20408
1461	20409
1464	20410
1466	20414
1467	20419
1468	20415
1469	20418
1471	20423
1472	20424
1473	20425
1475	20427
1477	20429
1481	20433
1482	20434
1483	20435
1486	20440
1488	20441
1493	20446
1494	20447
1495	20449
1496	20451
1498	20454
1499	20452
1502	20455
1510	20457
1505	20458
1506	20459
1507	20460
1511	20464
1517	20467
1515	20468
1518	20470
1519	20471
1520	20475
1521	20476
1523	20478
1528	20483
1526	20482
1529	20484
1530	20485
1531	20486
1532	20487
1533	20488
1535	20492
1538	20496
1540	20499
1542	20501
1543	20502
1545	20503
1551	20508
1553	20510
1555	20512
1557	20513
1558	20515
1561	20518
1562	20519
1564	20522
1567	20529
1568	20526
1570	20528
1574	20531
1575	20534
1577	20533
1583	20535
1580	20540
1581	20537
1588	20542
1585	20541
1589	20546
1592	20549
1593	20550
1597	20553
1599	20554
1602	20555
1605	20558
1604	20557
1608	20560
1611	20563
1614	20569
1615	20571
1617	20572
1619	20575
1624	20576
1622	20578
1626	20581
1627	20583
1629	20585
1630	20586
1632	20593
1635	20591
1637	20594
1642	20601
1647	20608
1649	20610
1650	20611
1652	20612
1659	20618
1661	20623
1662	20624
1663	20625
1664	20626
1665	20628
1667	20629
1670	20631
1671	20630
1673	20634
1674	20635
1676	20637
1679	20640
1680	20641
1683	20644
1688	20648
1690	20651
1691	20652
1692	20658
1693	20659
1694	20661
1695	20662
1697	20667
1699	20673
1703	20675
1711	20684
1712	20683
1715	20687
1716	20688
1717	20689
1718	20691
1725	20699
1727	20700
1729	20702
1731	20705
1735	20708
1736	20709
1737	20710
1738	20711
1743	20719
1746	20723
1750	20729
1752	20731
1753	20732
1757	20737
1759	20741
1760	20742
1762	20744
1763	20745
1764	20746
1765	20747
1766	20748
1767	20751
1768	20753
1770	20755
1774	20760
1775	20761
1778	20762
1779	20763
1781	20766
1783	20768
1786	20769
1789	20771
1794	20773
1796	20775
1797	20776
1800	20779
1803	20783
1804	20786
1807	20787
1812	20791
1811	20792
1813	20793
1814	20794
1821	20802
1823	20804
1824	20807
1826	20808
1830	20814
1831	20815
1833	20817
1835	20819
1837	20820
1839	20823
1840	20826
1843	20830
1844	20831
1846	20833
1848	20838
1852	20839
1853	20840
1854	20841
1859	20843
1858	20845
1861	20848
1863	20851
1867	20852
1869	20853
1870	20854
1874	20858
1878	20860
1877	20862
1885	20871
1886	20874
1891	20880
1892	20879
1895	20881
1896	20882
1899	20884
1901	20888
1903	20889
1906	20890
1908	20893
1909	20894
1912	20895
1913	20896
1915	20901
1916	20900
1919	20903
1921	20906
1924	20916
1925	20922
1926	20923
1927	20926
1929	20927
1931	20930
1933	20933
1934	20934
1935	20935
1936	20936
1938	20938
1940	20940
1941	20942
1942	20944
1943	20945
1944	20947
1946	20952
1947	20953
1948	20954
1950	20957
1951	20958
1954	20963
1953	20961
1956	20962
1958	20964
1959	20966
1962	20968
1964	20969
1965	20971
1966	20972
1967	20973
1970	20974
1972	20977
1973	20978
1974	20979
1975	20980
1977	20986
1980	20988
1982	20990
1983	20991
1985	20992
1986	20993
1987	20994
1988	20999
1989	21003
1990	21001
1993	21004
1994	21005
1995	21006
1998	21010
2001	21011
2002	21012
2003	21013
2006	21017
2007	21021
2009	21022
2011	21023
2012	21024
2014	21025
2022	21026
2018	21029
2019	21030
2021	21034
2024	21035
2025	21036
2027	21043
2028	21040
2029	21042
2031	21047
2033	21044
2034	21048
2038	21050
2039	21059
2040	21061
2041	21065
2042	21070
2043	21069
3330	21071
2047	21073
2054	21075
2050	21076
2057	21081
2058	21087
2060	21084
2063	21085
2064	21088
2065	21090
2070	21100
2073	21103
2074	21105
2077	21106
2081	21107
2086	21113
2087	21111
2089	21117
2090	21116
2092	21119
2096	21123
2099	21125
2100	21126
2102	21128
2104	21131
2107	21133
2110	21135
2111	21136
2115	21137
2118	21143
2122	21144
2124	21146
2128	21152
2129	21153
2130	21157
2131	21154
2133	21158
2136	21160
2137	21159
2138	21161
2144	21165
2146	21166
2149	21167
2150	21169
2153	21173
2160	21179
2166	21185
2168	21188
2169	21189
2170	21190
2175	21196
2178	21198
2185	21204
2187	21200
2186	21203
2199	21213
2203	21218
2205	21222
2206	21221
2207	21223
2208	21224
2209	21225
2210	21227
2211	21232
2218	21237
2220	21240
2222	21242
2225	21244
2226	21245
2230	21248
2231	21249
2232	21250
2233	21251
2234	21252
2237	21256
2238	21257
2241	21261
2242	21263
2244	21262
2245	21265
2251	21272
2249	21270
2252	21273
2253	21275
2255	21277
2256	21279
2257	21280
2258	21284
2260	21287
2262	21290
2265	21296
2272	21304
2273	21305
2275	21308
2277	21310
2282	21313
2281	21314
2287	21322
2288	21323
2289	21326
2294	21328
2295	21330
2297	21331
2298	21333
2299	21334
2302	21337
2303	21339
2305	21341
2308	21344
2310	21345
2313	21348
2316	21351
2319	21354
2320	21355
2325	21363
2328	21365
2329	21367
2330	21368
2331	21369
2332	21370
2333	21371
2335	21372
2336	21374
2338	21376
2340	21379
2342	21381
2348	21392
2350	21393
2351	21400
2352	21396
2353	21398
2354	21401
2356	21405
2357	21407
2360	21409
2361	21411
2362	21412
2367	21420
2369	21422
2373	21426
2377	21436
2379	21432
2381	21440
2382	21443
2385	21444
2390	21448
2400	21456
2401	21457
2403	21461
2405	21464
2406	21468
2407	21469
2408	21472
2409	21471
2410	21475
2411	21476
2413	21477
2414	21478
2417	21482
2419	21484
2422	21487
2423	21488
2430	21495
2427	21492
2429	21494
2438	21501
2441	21504
2445	21507
2446	21508
2449	21511
2452	21513
2456	21516
2457	21517
2461	21520
2465	21521
2466	21522
2470	21526
2472	21527
2473	21530
2474	21533
2475	21531
2478	21536
2479	21537
2480	21540
2481	21541
2489	21686
2486	21546
2490	21550
2492	21552
2493	21554
2497	21555
2498	21556
2499	21557
2500	21558
2502	21560
2503	21562
2511	21573
2514	21579
2515	21578
2521	21577
2517	21580
2519	21582
2520	21583
2522	21586
2523	21587
2524	21590
2526	21597
2529	21594
2530	21595
2534	21604
2536	21600
2537	21603
2541	21606
2544	21608
2546	21610
2547	21611
2551	21614
2552	21616
2553	21617
2555	21620
2556	21621
2557	21622
2559	21625
2560	21626
2562	21628
2564	21630
2567	21638
2569	21639
2579	21646
2578	21648
2581	21647
2580	21649
2582	21651
2587	21652
2585	21653
2588	21661
2589	21662
2590	21663
2598	21672
2604	32655
2599	21680
2602	21677
2601	21678
2607	21681
2609	21683
2611	21685
2613	21687
2617	21690
2624	21696
2625	21697
2632	21706
2633	21707
2634	21708
2636	21711
2641	21716
2644	21719
2647	21723
2648	21722
2657	21727
2656	21728
2658	21730
2659	21731
2664	21734
2668	21740
2667	21738
2671	21742
2672	21743
2678	21749
2679	21752
2682	21751
2684	21754
2685	21755
2689	21761
2694	21766
2696	21768
2697	21769
2698	21771
2699	21773
2700	21774
2704	21777
2705	21778
2706	21779
2707	21780
2709	21782
2712	21783
2711	21785
2719	21793
2720	21796
2721	21795
2722	21798
2725	21803
2726	21805
2732	21810
2734	21812
2733	21813
2735	21814
2737	21815
2738	21818
2739	21816
2747	21823
2748	21824
2750	21826
2753	21830
2754	21832
2757	21841
2761	21842
2762	21845
2763	21846
2764	21851
2767	21849
2768	21854
2771	21857
2777	21861
2780	21863
2784	21864
2785	21866
2786	21869
2788	21873
2793	21879
2791	21877
2792	21878
2795	21881
2796	21882
2797	21884
2798	21883
2801	21888
2803	21890
2807	21896
2809	21897
2810	21899
2812	21900
2813	21901
2815	21903
2816	21904
2817	21905
2818	21906
2819	21907
2821	21909
2822	21910
2823	21911
2831	21918
2826	21916
2827	21917
2828	21921
2830	21920
2834	21924
2842	21928
2845	21932
2847	21931
2848	21934
2849	21935
2853	21937
2855	21940
2857	21941
2860	21943
2861	21944
2864	21946
2865	21948
2869	21950
2875	21955
2876	21957
2877	21959
2878	21960
2879	21961
2881	21962
2882	21963
2887	21968
2888	21970
2889	21969
2890	21971
2892	21972
2896	21975
2897	21976
2898	21977
2902	21979
2906	21981
2907	21982
2910	21983
2912	21984
2913	21985
2914	21986
2915	21990
2916	21988
2920	21994
2922	21998
2925	22003
2930	22005
2934	22009
2935	22012
2936	22014
2939	22015
2940	22016
2947	22024
2954	22035
2958	22037
2964	22042
2966	22046
2967	22047
2970	22050
2971	22052
2972	22053
2975	22058
2979	22059
2983	22066
2985	22068
2987	22069
2991	22071
2995	22074
2998	22079
3000	22080
3005	22081
3006	22082
3007	22083
3010	22085
3011	22088
3013	22090
3014	22093
3019	22095
3021	22098
3026	22108
3028	22109
3029	22110
3031	22112
3033	22113
3035	22119
3036	22116
3037	22117
3038	22118
3041	22124
3042	22125
3043	22126
3044	22127
3047	22128
3051	22133
3058	22142
3061	22146
3067	22149
3068	22151
3069	22152
3084	22167
3086	22168
3088	22170
3091	22181
3093	22176
3105	22187
3107	22186
3109	22190
3110	22191
3116	22194
3119	22196
3120	22198
3125	22207
3126	22208
3127	22210
3128	22215
3132	22219
3135	22222
3138	22224
3140	22227
3141	22230
3142	22231
3143	22232
3145	22236
3146	22237
3148	22239
3149	22241
3150	22242
3151	22243
3155	22244
3161	22252
3163	22253
3166	22256
3173	22263
3176	22264
3177	22265
3179	22269
3184	22274
3183	22272
3185	22276
3187	22281
3188	22278
3191	22279
3190	22280
3194	22284
3198	22286
3197	22287
3199	22289
3202	22291
3203	22292
3206	22293
3207	22297
3211	22299
3212	22300
3213	22301
3215	22303
3222	22309
3224	22312
3227	22315
3229	22318
3230	22319
3232	22322
3233	22321
3234	22323
3235	22324
3237	36009
3242	22327
3240	22329
3241	22330
3244	22333
3246	22336
3252	22337
3251	22341
3255	22347
3254	22345
3261	22350
3262	22352
3264	22358
3272	23944
3266	22359
3267	22360
3271	22367
3269	22362
3275	22369
3279	22375
3284	22379
3287	22383
3288	22384
3290	22385
3291	22388
3295	22392
3298	22393
3300	22398
3301	22399
3303	22400
3306	22404
3310	22403
3311	22407
3312	22408
3313	22416
3314	22410
3315	22413
3318	22422
3324	22429
3325	22430
3326	22431
3328	22436
3329	22437
3331	22439
3334	22440
3339	22444
3342	22447
3348	22449
3346	22450
3347	22451
3351	22452
3354	22457
3355	22458
3358	22465
3359	22464
3361	22470
3362	22471
3364	22474
3365	22475
3367	22477
3368	22478
3369	22479
3375	22483
3376	22484
3380	22489
3381	22490
3382	22491
3386	22495
3395	22501
3396	22503
3402	22505
3400	22506
3405	22511
3406	22513
3410	22509
3408	22515
3411	22516
3412	22517
3413	22518
3415	22519
3421	22522
3422	22523
3425	22525
3432	22534
3433	22536
3434	22537
3437	22541
3443	22547
3444	22548
3445	22549
3446	22551
3449	22554
3453	22565
3454	22569
3458	22572
3460	22575
3465	22580
3471	22585
3472	22586
3478	22590
3480	22596
3483	22599
3484	22600
3486	22601
3489	22607
3490	22608
3491	22610
3494	22613
3495	22614
3496	22615
3497	22617
3505	22619
3506	22620
3507	22621
3509	22623
3516	22626
3518	22628
3521	22630
3523	22631
3524	22632
3529	22635
3530	22637
3532	22639
3536	22642
3539	22643
3540	22644
3541	22646
3549	22655
3552	22658
3556	22663
3560	22666
3563	22668
3567	22669
3568	22670
3569	22672
3570	22671
3571	22673
3572	22674
3573	22675
3575	22677
3576	22679
3578	22682
3579	22684
3587	22689
3590	22698
3593	22694
3592	22696
3596	22702
3597	22703
3598	22704
3604	22709
3610	22714
3614	22717
3618	22719
3619	22720
3622	22724
3629	22733
3628	22734
3630	22737
3631	22738
3633	22740
3634	22745
3637	22748
3638	22750
3643	22751
3641	22759
3642	22753
3647	22754
3646	22760
3650	22763
3654	22766
3660	22770
3662	22772
3663	22773
3665	22776
3666	22777
3668	22779
3671	22782
3675	22785
3678	22789
3681	22790
3680	22791
3683	22793
3694	22802
3696	22805
3697	22807
3698	22810
3706	22814
3710	22819
3718	22829
3719	22828
3727	22836
3728	22837
3731	22848
3733	22852
3734	22854
3736	22855
3737	22859
3740	22862
3741	22863
3743	22865
3744	22866
3745	22867
3751	22875
3753	22876
3761	22879
865	22880
3765	22884
3764	22883
3771	22890
3772	22887
3774	22893
3775	22894
3776	22895
3780	22897
3786	22900
3785	22902
3787	22904
3789	22905
3796	22912
3800	22916
3805	22923
3807	22924
3808	22925
3811	22928
3812	22929
3822	22936
3826	22940
3828	22948
3833	22946
3831	22944
3837	22951
3838	22952
3847	22969
3859	22976
3860	22977
3864	22982
3865	22984
3866	22983
3870	22986
3876	22995
3878	22998
3882	23004
3884	23007
3886	23008
3891	23017
3895	23026
3900	23028
3905	23030
3909	23034
3912	23040
3919	23043
3917	23044
3920	23057
3921	23049
3922	23050
3923	23053
3925	23055
3935	23062
3940	23066
3941	23067
3942	23069
3943	23070
3944	23071
3946	23072
3947	23075
3948	23074
3949	23078
3950	23077
3955	23082
3957	23084
3960	23086
3966	23087
3965	23089
3967	23092
3973	23098
3974	23099
3975	23101
3976	23100
3977	23103
3978	23104
3979	23106
3980	23107
3985	23112
3989	23123
3990	23117
3991	23118
3992	23119
3995	23121
3999	23126
4001	23128
4005	23130
4004	23131
4007	23137
4008	23135
4009	23138
4013	23143
4017	23146
4016	23147
4020	23150
4021	23151
4022	23152
4023	23153
4025	23154
4028	23157
4033	23162
4043	23163
4037	23164
4038	23165
4041	23167
4042	23168
4045	23169
4048	23171
4052	23172
4050	23173
4051	23174
4057	23178
4053	23176
4055	23180
4056	23179
4058	23182
4059	23183
4062	23184
4064	23186
4068	23190
4072	23194
4075	23199
4076	23200
4078	23203
4080	23205
4082	23207
4084	23210
4085	23211
4086	20806
4089	23221
4091	23217
4092	23219
4093	23225
4094	23222
4095	23224
4096	23226
4097	23228
4101	23230
4105	23234
4108	23238
4110	23241
4114	23243
4116	23247
4117	23249
4122	23252
4124	23254
4125	23258
4126	23256
4129	23260
4136	23267
4138	23269
4141	23272
4142	23275
4143	23276
4148	23279
4152	23289
4153	23290
4154	23291
4159	23294
4163	23298
4164	23301
4172	23309
4174	23311
4175	23314
4177	23315
4183	23321
4187	23329
4189	23330
4190	23331
4199	23336
4202	23338
4208	23343
4215	23349
4216	23959
4212	23350
4214	23352
4219	23359
4223	23364
4224	23365
4226	23367
4227	23368
4228	23370
4234	23373
4237	23381
4238	23379
4239	25917
4240	23377
4245	23388
4246	23390
4249	23399
4250	23401
4252	23402
4257	23406
4256	23407
4259	23410
4263	23416
4264	23419
4267	23425
4268	23426
4269	23427
4273	23433
4276	23430
4274	23431
4275	23432
4277	23434
4283	23437
4285	23442
4294	23447
4291	23448
4296	23451
4300	23455
4303	23461
4307	23463
4309	23464
4317	23467
4319	23468
4323	23472
4329	23477
4330	23479
4332	23478
4337	23484
4340	23486
4341	23488
4343	23490
4344	23491
4345	23492
4351	23493
4348	23495
4349	23496
4350	23497
4352	23498
4354	23501
4358	23505
4359	23506
4362	23511
4364	23514
4370	23518
4376	23522
4379	23524
4381	23531
4383	23529
4384	23530
4385	23532
4388	23537
4390	23540
4391	23542
4395	23546
4399	23549
4400	23552
4401	23553
4408	23562
4409	23563
4417	23573
4415	23567
4414	23568
4418	23572
4416	23570
4420	23575
4425	23578
4429	23580
4436	23586
4437	23587
4438	23588
4443	23590
4444	23592
4447	23594
4448	23596
4449	23599
4451	23602
4453	23605
4454	23607
4455	23609
4458	23610
4461	23611
4462	23612
4464	23613
4467	23618
4470	23621
4472	23623
4473	23624
4477	23630
4479	23634
4480	23633
4488	23638
4489	23639
4496	23649
4497	23652
4499	23654
4501	23655
17434	23656
4510	23657
4505	23664
4509	23663
4507	23661
4512	23660
4515	23662
4522	23674
4523	23678
4525	23679
4527	23680
4529	23683
4533	23690
4534	23688
4545	23698
4547	23700
4548	23701
4552	23704
4554	23706
4556	23713
4560	23714
4565	23716
4567	23717
4568	23724
4570	23720
4572	23723
4573	23725
4575	23727
4579	23731
4580	23732
4581	23734
4584	23735
4585	23736
4590	23741
4591	23743
4592	23742
4595	23746
4600	23747
4601	23748
4908	23753
4605	23751
4606	23755
4607	23754
4610	23756
4611	23757
4622	23764
4623	23765
4625	23769
4627	23772
4628	23771
4638	23779
4639	23780
4640	23781
4642	23783
4643	23784
4644	23785
4649	23787
4650	23788
4651	23789
4659	23792
4656	23793
4660	23794
4664	23799
4668	23805
4670	23806
4673	23809
4676	23816
4679	23819
4680	23820
4682	23821
4684	23823
4685	23824
4691	23829
4694	23833
4696	23836
4707	23844
4708	23845
4713	23849
4712	23848
4716	23853
4717	23857
4720	23860
4721	23863
4724	23868
4727	23869
4729	23872
4731	23875
4732	23877
4735	23881
4737	23884
4742	23887
4744	23890
4745	23888
4749	23894
4753	23897
4757	23900
4758	23901
4759	23903
4760	23906
4761	23908
4762	23905
4765	23909
4769	23910
4770	23911
4773	23914
4774	23915
4775	23916
4776	23921
4777	23919
4779	23920
4780	23922
4781	23923
4783	23926
4785	23925
4786	23927
4787	27373
4788	23929
4790	23932
4791	23936
4793	23939
4798	23945
4804	23951
4807	23953
4808	23955
4812	23957
4811	23958
4815	23964
4816	23965
4817	23967
4819	23969
4820	23972
4824	23973
4823	23975
4826	23979
4829	23983
4836	23992
4837	23994
4841	23996
4843	23999
4847	24003
4849	24005
4850	24004
4851	24006
4855	24007
4856	24010
4857	24011
4858	24012
4863	24013
4864	24014
4865	24016
4867	24018
4869	24024
4870	24026
4872	24027
4875	24031
4876	30240
4878	24040
4881	24038
4883	24042
4894	27918
4900	24053
4898	24054
4899	24060
4906	24055
4901	24056
4907	24061
4909	24062
4916	24067
4917	24068
4919	24069
4924	24077
4925	24079
4927	24080
4928	24081
4931	24085
4932	24086
4933	24087
4935	24088
4937	24090
4938	24091
4940	24093
4943	24095
4946	24097
4953	24101
4954	24103
4956	24102
4955	24104
4958	24105
4963	24110
4964	24111
4965	24112
4966	24113
4968	24115
4969	24116
4971	24117
4972	24118
4974	24121
4975	24126
4976	24127
4982	24134
4984	24135
4985	24136
4990	24137
4988	24139
4989	24140
4998	24149
4999	24151
5002	24152
5004	24153
5006	24157
5009	24158
5014	24164
5015	24162
5019	24167
5021	24170
5025	24173
5030	24178
5033	24182
5036	24184
5037	24187
5039	24185
5043	24190
5045	24194
5046	24195
5047	24196
5048	24197
5050	24199
5051	24200
5052	24202
5054	24204
5057	24209
5058	24208
5060	24211
5061	24212
5062	24214
5064	24216
5065	24218
5067	24219
5072	24225
5076	24227
5078	24230
5079	24231
5080	24237
5081	24235
5085	24242
5087	24244
5088	24245
5089	24247
5093	24254
5095	24253
5097	24255
5098	24256
5103	24258
5106	24265
5107	24267
5110	24269
5116	24273
5120	24279
5122	24283
5124	24284
5130	24288
5132	24289
5133	24290
5137	24294
5142	24296
5145	24300
5152	24307
5153	24308
5154	24309
5155	24310
5156	24311
5157	24314
5164	24316
5165	24320
5169	24324
5170	24327
5171	24326
5179	24333
5180	24335
5187	24343
5190	24344
5189	24345
5191	24348
5195	24350
5198	24354
5199	24356
5200	24355
5203	24363
5205	24365
5208	24368
5211	24369
5213	24371
5215	24373
5224	24380
5231	24387
5233	24388
5236	24391
5237	24390
5239	24394
5240	24396
5242	24397
5243	24398
5246	24402
5248	24406
5249	24405
5251	24407
5255	24410
5256	24413
5260	24419
5263	24420
5265	24421
5268	24423
5270	24426
5271	24429
5272	24430
5273	24431
5274	24433
5275	24435
5276	24436
5278	24438
5283	24441
5285	24446
5286	24447
5290	24451
5294	24457
5298	24460
5300	24462
5303	24467
5304	24469
5306	24472
5308	24477
5310	24482
5317	24484
5322	24489
5323	24490
5324	24494
5328	24497
5330	24503
5331	24505
5337	24506
5339	24507
5343	24509
5347	24512
5349	24514
5351	24517
5355	24520
5356	24521
5359	24523
5361	24524
5362	24526
5364	24527
5367	24531
5368	24532
5371	24533
5370	24534
5373	24538
5374	24541
5376	24544
5377	24545
5380	24547
5381	24550
5388	24555
5390	24558
5392	24560
5397	24565
5398	24566
5399	24573
5400	24568
5401	24577
5405	24581
5407	24582
5410	24585
5412	24586
5417	24592
5418	24593
5420	24595
5421	24598
5423	24600
5427	24603
5431	24604
5432	24605
5435	24607
5438	24612
5442	24614
5445	24615
5446	24617
5447	24618
5449	24620
5450	24621
5456	24627
5462	24631
5463	24632
5464	24634
5465	24635
5467	24639
5469	24641
5471	24644
5472	24645
5473	24647
5474	24652
5475	24650
5481	24659
5484	24660
5488	24664
5492	24672
5495	24673
5496	24674
5500	24675
5506	24681
5507	24682
5508	24683
5509	24685
5511	24686
5514	24690
5517	24692
5518	24693
5519	24694
5520	24697
5522	24699
5523	24700
5524	24701
5525	24702
5529	24707
5532	24710
5536	24714
5539	24715
5542	24719
5543	24720
5545	24723
5547	24722
5548	24724
5549	24725
5556	24731
5557	24733
5558	24737
5561	24734
5560	24736
5565	24740
5566	24741
5567	24743
5568	24744
5573	24751
5575	24748
5577	24750
5578	24753
5584	24761
5585	24762
5586	24764
5587	24766
5592	24770
5589	24767
5591	24768
5595	24765
5594	24771
5599	24775
5598	24776
5602	24780
5605	24782
5611	24787
5608	24785
5609	24786
5613	24788
5614	24789
5619	24792
5620	24793
5626	24798
5627	24799
5629	24801
5630	24800
5631	24803
5639	24811
5644	24815
5652	24822
5654	24824
5655	24825
5658	24829
5661	24833
5663	24834
5666	24837
5674	24843
5678	24845
5679	24846
5681	24847
5682	24848
5685	24851
5691	24858
5692	24859
5694	24865
5699	24866
5700	24867
5704	24870
5706	24871
5709	24872
5714	24878
5717	24885
5719	24883
5720	24890
5721	24886
5725	24895
5727	24899
5730	24903
5731	24904
5737	24907
5741	24910
5743	24913
5745	24916
5746	24918
5747	24919
5749	24920
5753	24923
5752	24924
5755	24927
5756	24928
5757	24930
5760	24934
5759	24933
5762	24936
5764	24941
5765	24942
5769	24946
5770	24945
5771	24947
5773	24948
5775	24949
5776	24951
5778	24952
5779	24953
5782	24956
5784	24958
5786	24964
5792	24966
5795	24970
5796	24971
5798	24972
5802	24978
5803	24980
5804	24982
5806	24985
5813	24988
5815	24993
5821	24995
5825	24997
5818	24996
5819	24999
5820	24998
5822	25000
5824	25002
5826	25004
5827	25005
5829	25007
5830	25008
5831	25009
5833	25010
5834	25011
5836	25012
5837	25013
5838	25014
5840	25015
4629	25017
5847	25020
5849	25022
5851	25024
5852	25027
5853	25028
5856	25033
5860	25035
5862	25036
5867	25040
5868	25043
5869	25045
5873	25047
5876	25050
5879	25054
5881	25055
5883	25058
5885	25061
5888	25062
5892	25068
5897	25072
5896	25073
5898	25075
5906	25079
5907	25080
5908	25081
5909	25082
5912	25084
5913	25085
5922	25089
5923	25091
5927	25092
5933	25098
5934	25101
5935	25102
5941	25105
5947	25109
5949	25111
5950	25112
5951	25113
5953	25114
5956	25117
5957	25118
5963	25124
5964	25127
5967	25129
5968	25130
5971	25135
5972	25133
5974	25136
5976	25138
5979	25140
5981	25143
5984	25148
5985	25149
5989	25157
5990	25155
5993	25162
6001	25176
6002	25177
6011	25184
6013	25187
6017	25188
6018	25191
6024	25190
6023	25193
6027	25196
6030	25200
6029	25199
6032	25201
6033	25202
6036	25204
6040	25206
6041	25207
6044	25210
6048	25215
6051	25216
6050	25217
6054	25221
6056	25227
6057	25226
6058	25231
6061	25225
6060	25229
6062	25235
6064	25238
6065	25239
6068	25243
6071	25248
6072	25251
6073	25253
6078	25258
6081	25260
6083	25261
6084	25262
6085	25263
6089	25265
6092	25267
6093	25270
6094	25269
6095	25271
6097	25272
6098	25275
6099	25276
6102	25281
6104	25283
6105	25284
6106	25287
6109	25291
6113	25292
6114	25296
6117	25298
6118	25299
6120	25303
6121	25304
6122	25305
6123	25306
6124	25307
6129	25313
6130	25315
6131	25316
6132	25317
6136	25319
6135	25320
6137	25322
6138	25323
6139	25325
6148	25329
6151	25331
6155	25333
6158	25334
6161	25339
6163	25340
6168	25345
6169	25348
6173	25353
6174	25352
6181	25362
6183	25365
6184	25366
6186	25367
6187	25369
6189	25371
6193	25372
6196	25377
6197	25378
6198	25379
6200	25381
6203	25384
6204	25385
6206	25386
6209	25388
6210	25390
6214	25392
6216	25394
6218	25395
6219	25401
6222	25397
6223	25403
6224	25405
6225	25411
6226	25412
6233	25418
6234	25419
6239	25421
6238	25422
6240	25424
6242	25425
6243	25426
6244	25427
6245	25428
6246	25430
6247	25429
6248	25431
6249	25432
6252	25437
6258	25441
6262	25442
6265	25445
6266	25447
6272	25456
6273	25457
6274	25458
6275	25462
6276	25460
6281	25463
6283	25466
6289	25473
6290	25474
6291	25475
6292	25476
6298	25480
6300	25483
6302	25485
6304	25486
6311	25488
6307	25490
6312	25494
6316	25497
6321	25499
6324	25500
6325	25501
6327	25506
6328	25508
6331	25509
6332	25513
6334	25514
6337	25517
6338	25520
6342	25522
6345	25525
6346	25528
6347	25527
6349	25531
6356	25539
6357	25540
6361	25544
6362	25545
6365	25547
6374	25558
6376	25561
6377	25563
6380	25567
6381	25568
6383	25569
6386	25572
6390	25574
6389	25575
6395	25581
6396	25584
6398	25586
6399	25585
6403	25592
6407	25596
6408	25597
6410	25600
6416	25604
6420	25608
6421	25611
6424	25613
6425	25614
6428	25615
6430	25616
6431	25617
6432	25619
6433	25620
6435	25621
6437	25624
6443	25628
6444	25629
6445	25630
6446	25633
6448	25635
6462	25644
6461	25647
6466	25653
6474	25656
6476	25657
6480	25661
6483	25663
6486	25666
6489	25668
6491	25670
6492	25672
6493	25673
6494	25676
6495	25675
6496	25678
6499	25681
6500	25683
6501	25682
6502	25684
6504	25686
6507	25688
6509	25690
6510	25691
6514	25695
6515	25696
6517	25705
6518	35874
6520	25703
6521	25704
6525	25710
6529	25712
6530	25713
6534	25715
6537	29792
6538	25723
6539	25720
6541	25722
6547	25728
6549	25730
6554	25732
6553	25733
6556	25734
6558	25735
6563	25741
6565	25743
6566	25746
6567	25747
6568	25749
6571	25755
6572	25756
6575	25759
6576	25760
6580	25765
6582	25768
6583	25769
6587	25772
6591	25775
6592	25776
6593	25777
6596	25786
6597	25784
6598	25782
6603	25787
6605	25790
6607	25797
6613	25798
6620	25803
6624	25809
6627	25810
6632	25813
6635	25814
6638	25821
6640	25824
6645	25829
6647	25830
6650	25832
6651	25833
6655	25838
6656	25839
6658	25841
6660	25842
6661	25844
6662	25845
6664	25846
6665	25848
6672	32929
6667	25849
6671	25850
6668	25851
6669	25852
6674	25856
6675	25860
6676	25861
6677	25865
6678	25862
6679	25863
6681	25866
6683	25869
6684	25870
6685	25871
6687	25880
6688	25875
6689	25876
6691	25879
6695	25884
6697	25885
6698	25887
6699	25888
6702	25890
6703	25891
6705	25893
6708	25894
6709	25896
6710	25897
6713	25898
6715	25901
6716	25902
6718	25904
6720	25910
6721	25909
6722	25908
6725	25911
6726	25912
6730	25916
6733	25920
6734	25923
6735	31983
6736	25921
6737	25922
6738	25924
6739	25925
6740	25927
6742	25929
6743	25930
6754	25938
6757	25942
6758	25943
6759	25941
6760	25944
6761	25945
6765	25948
6767	22366
6769	25953
6774	25954
6776	25955
6779	25962
6785	25967
6786	25968
6787	25969
6789	25971
6791	25973
6794	25976
6797	25978
6800	25982
6804	25987
6805	25988
6806	25989
6807	25990
6808	25991
6809	25992
6818	26000
6821	26004
6827	26006
6826	26008
6828	26009
6830	26010
6833	26015
6836	26017
6839	26018
6841	26021
6842	26023
6845	26025
6855	26034
6856	26035
6861	26040
6862	26041
6867	26043
6869	26044
6870	26045
6873	26046
6878	26053
6882	26058
6886	26062
6888	26063
6891	26069
6894	26070
6899	26073
6901	26074
6904	26077
6905	26076
6908	26079
6913	26084
6914	26086
6915	26087
6920	26096
6925	26097
6930	26099
6931	26100
6934	26102
6941	26107
6942	26105
6944	26109
6946	26110
6948	26111
6950	26112
6952	26113
6955	26116
6958	26120
6961	26123
6963	26125
6967	26128
6968	26129
6971	26130
6973	26131
6975	26133
6976	26134
6977	26136
6980	26139
6983	26145
6985	26146
6986	26148
6987	26150
6989	26154
6990	26155
6991	26157
6992	26158
6994	26160
6996	26162
6997	26161
6999	26166
7000	26168
7005	26172
7007	26175
7009	26177
7013	26183
7016	26184
7018	26190
7019	26192
7022	26198
7023	26197
7024	26199
7025	26201
7030	26205
7031	26206
7035	26213
7036	26214
7040	26216
7044	26221
7047	26224
7048	26227
7049	26228
7050	26229
7051	26230
7054	26232
7055	26233
7058	26240
7059	26238
7065	26248
7067	26249
7069	26250
7073	26255
7078	26256
7080	26258
7083	26262
7086	26267
7093	26275
7094	26276
7096	26279
7100	26280
7103	26283
7106	26284
7108	26287
7109	26288
7110	26289
7111	26293
7122	26303
7121	26301
7123	26302
7125	26305
7127	26307
7129	26308
7131	26310
7133	26312
7142	26318
7143	26323
7147	26322
7153	26327
7158	26330
7159	26331
7166	26335
7168	26339
7169	26340
7170	26342
7171	26344
7172	26348
7173	26349
7176	26354
7177	26355
7178	26357
7180	26356
7181	26358
7182	26360
7183	26361
7184	26364
7186	26366
7187	26372
7188	26369
7189	26368
10847	26371
7192	26373
7194	26374
7195	26376
7206	26382
7207	26384
7208	26386
7209	26387
7210	26388
7211	26389
7212	26390
7214	26391
7218	26394
7221	26397
7225	26400
7227	26403
7231	26406
7234	26408
7236	26412
7242	26416
7245	26421
7247	26423
7250	26427
7251	26428
7252	26430
7254	26431
7255	26432
7259	26437
7260	26438
7261	26439
7264	26446
7265	26448
7266	26447
7268	26450
7276	26455
7278	26457
7280	26460
7282	26461
7284	26463
7292	26468
7285	26464
7287	26466
7288	26467
7290	26469
7291	26470
7294	26473
7301	26478
7303	26479
7305	26481
7307	26483
7308	26487
7309	26484
7311	26489
7314	26491
7317	26490
7318	26495
7319	26496
7324	26501
7330	26502
7334	26507
7336	26509
7337	26510
7338	26511
7342	26514
7343	26516
7351	26522
7352	26523
7353	26525
7357	26530
7358	26529
7360	26533
7365	26540
7369	26542
7371	26543
7372	26544
7373	26550
7375	26549
7377	26552
7378	26555
7379	26556
7380	26557
7383	26561
7388	26569
7390	26568
7401	26574
7395	26573
7396	26576
7400	26578
7394	26572
7403	26579
7406	26580
7407	26581
7408	26587
7409	34314
7410	26588
7411	26589
7413	26591
7417	26594
7419	26598
7423	26603
7425	26605
7428	26606
7432	26612
7435	26613
7437	26621
7438	26619
7442	26617
7440	26620
7448	26628
7449	26630
7451	26631
7452	26635
7456	26637
7461	26643
7462	26642
7463	26644
7466	26645
7465	26646
7470	26649
7477	26652
7478	26653
7479	26654
7480	26655
7481	26656
7482	26657
7483	26659
7484	26660
7493	26665
7495	26666
7496	26668
18206	26670
7499	26671
7500	26673
7501	26672
7502	26674
7504	26676
7509	26677
7516	26683
7518	26685
7520	26686
7523	26688
7524	26690
7533	26696
7534	26697
7536	26700
7542	26705
7545	26706
7548	26707
7549	26708
7550	26709
7551	26710
7554	26714
7558	26720
7559	30761
7567	26725
7564	26726
7565	26727
7568	26730
7569	26731
7570	26732
7574	26734
7577	26737
7578	26739
7580	26745
7583	26742
7585	26746
7589	26750
8030	26751
7594	26761
7595	26754
7596	26758
7597	26757
7598	26760
7599	26759
7613	26773
7617	26776
7620	26780
7623	26785
7622	26782
7625	26784
7627	26788
7629	26787
7632	26791
7633	26794
7639	26798
7640	26800
7645	26802
7646	26811
7649	26806
7648	26805
7652	26809
7658	26816
7659	26817
7661	26819
7669	26822
7667	26828
7673	26830
7675	26831
7676	26834
7680	26833
7688	26836
7691	26838
7694	26839
7695	26840
7697	26841
7698	26842
7700	26843
7701	26844
7702	26845
7703	26846
7711	26853
7705	26847
7707	26848
7710	26852
7719	26859
7716	26858
7717	26860
7718	26857
7721	26861
7726	26870
7727	26871
7728	26872
7732	26875
7733	26876
7730	26873
7731	26874
7735	26878
7737	26883
7739	26885
7745	26891
7747	26892
7750	26895
7751	26896
7752	26897
7754	26898
7759	26902
7761	26905
7762	26906
7764	26908
7769	26912
7765	26909
7767	26911
7770	26914
7777	26915
7779	26918
7780	26920
7783	26924
7786	26928
7787	26929
7790	26931
7795	26938
7797	26940
7794	26936
7800	26946
7803	26950
7805	26955
7807	26957
7808	26958
7809	26959
7810	26960
7812	26966
7815	26967
7816	26968
7817	26969
7822	26972
7824	26973
7826	26976
7827	26977
7828	26979
7829	26978
7830	26980
7831	26981
7832	26982
7833	26983
7837	26988
7839	26990
7840	26994
7842	26995
7844	26999
7848	27007
7849	27008
7850	27009
7854	27012
7856	27013
7858	27014
7860	27016
7862	27017
7866	27021
7867	27029
7869	27032
7876	27039
7880	27042
7881	27043
7886	27047
7888	27049
7889	27050
7890	27051
7891	27052
7892	27054
7894	27057
7895	27058
7899	27064
7900	27061
7901	27066
7902	27065
7903	27069
7905	27068
7906	20892
7916	27076
7909	27072
7907	27070
7913	27074
12049	27079
7921	36891
7919	27083
7918	27081
7920	27082
7922	27087
7923	27086
7925	27088
7926	27092
7927	27093
7928	27094
7930	27096
7931	27097
7932	27098
7933	27099
7936	27100
7937	27101
7942	27110
7943	27115
7947	27118
7945	27123
7946	27119
7948	27121
7955	27125
7951	27126
7953	27128
7954	27129
7956	27131
7957	27132
7961	27134
7962	27136
7966	27138
7968	27140
7973	27149
7976	27154
7979	27157
7981	27159
7984	27161
7987	27168
7990	27172
7992	27174
7993	27175
7995	27176
7996	27181
7999	27185
8002	27186
8005	27195
8001	27187
8003	27189
8004	27197
8007	27194
8014	27198
8015	27200
8019	27203
8020	27205
8025	27209
8023	27208
8024	27210
8027	27213
8028	27215
8029	27216
8031	27217
8036	27220
8037	27223
8038	27224
8040	27225
8043	27226
8042	27229
8047	27230
8049	27232
8052	27237
8055	27239
8068	27249
8070	27250
8072	27254
8074	27258
8078	27259
8079	27269
8082	27264
8086	27268
8089	27272
8090	27273
8092	27276
8093	27277
8094	27278
8096	27279
8100	27285
8110	27295
8108	27296
8112	27298
8115	27299
8116	27300
8123	27306
8126	27308
8127	27309
8128	27310
8132	27311
8131	27313
8133	27315
8135	27317
8138	27320
8139	27322
8140	27323
8141	27325
8146	27327
8149	27334
8150	27329
8151	27333
8154	27341
8155	27342
8158	27345
8159	27347
8160	27348
8161	27349
8162	27350
8167	27352
8169	27353
8171	27355
8172	27356
8173	27357
8174	27358
8177	27361
8179	27363
8181	27368
8185	27374
8186	27376
8189	27377
8190	27380
8192	27385
8193	27387
8196	27390
8198	27395
8208	27402
8211	27404
8212	27405
8214	27407
8216	27409
8217	27410
8225	27420
8229	27423
8230	27424
8231	27426
8232	27430
8233	27427
8240	27434
8241	27436
8247	27446
8252	27450
8250	27449
8256	27451
8260	27454
8261	27455
8262	27456
8264	27457
8269	27463
8270	27464
8274	27466
8275	27472
8277	27470
8279	27471
8280	27473
8282	27474
8283	27476
8284	27477
8285	27478
8290	27492
8291	27489
8292	27488
8293	27490
8294	27493
8295	27494
8296	27495
8297	27496
8298	27497
8300	27498
8301	27499
8303	27502
8308	27506
8311	27507
8312	27510
8313	27512
8315	27513
8319	27521
8321	27520
8322	27526
8325	27527
8326	27525
8330	27530
8332	27531
8333	27532
8335	27534
8338	27539
8342	27543
8343	27548
8344	27547
8345	27549
8346	27550
8347	27553
8350	27554
8351	27555
8352	27556
8353	27557
8358	27561
8360	27563
8364	27566
8365	27567
8366	27568
8367	27570
8372	27571
8374	27578
8376	27582
8379	27583
8381	27586
8384	27588
8388	19103
8390	27596
8391	27598
8392	27599
8393	27600
8397	27607
8399	27608
8400	27611
8410	27618
8411	27620
8413	27621
8414	27623
8415	27624
8418	27626
8420	27629
8423	27632
8425	27634
8426	27636
8427	27635
394	27637
8430	27639
3353	27640
8434	27643
8440	27647
8441	27648
8443	27652
8444	27653
8445	27656
8446	27655
8453	27660
8460	27664
8462	27665
8464	27668
8469	27673
8470	27674
8474	27678
8475	27677
8481	27689
8482	27691
8484	27692
8494	27700
8501	27704
8500	27705
8502	27710
8507	27713
8508	27716
8510	27715
8512	27718
8519	27723
8521	27725
8523	27728
8525	27732
8527	27734
8528	27735
8529	27737
8530	27738
8532	27741
8535	27748
8538	27745
8537	27746
8540	27749
8543	27753
8546	27758
8548	27760
8549	27762
8551	27766
8553	27767
8554	27768
8558	27770
8559	27771
8563	27774
8564	27775
8567	27779
8569	27782
8570	27783
8572	27792
8575	27790
8580	27795
8582	27796
8586	27800
8587	27801
8588	27807
8590	27802
8595	27803
8593	27806
8602	27817
8599	27819
8603	27822
8606	27824
8607	27825
8610	27826
8616	27827
8623	27829
8618	27830
8627	27836
8628	27838
8629	27841
8631	27844
8632	27843
8634	27848
8635	27849
8636	27851
8644	27855
8646	27857
8653	27862
8655	27863
8656	27864
8657	27872
8658	27865
8663	27874
8664	27876
8665	27880
8667	27889
8668	27885
8669	27887
8673	27891
8675	27896
8680	27898
8682	27899
8683	27901
8684	27902
8687	27904
8689	27908
8692	27910
8694	27914
8695	33671
8697	27916
8698	27917
8703	27923
8705	27925
8711	27927
8716	27931
8720	27932
8719	27933
8722	27935
8726	27938
8729	27943
8731	27942
8736	27946
8743	27950
8748	27952
8749	27954
8755	27957
8756	27958
8757	27959
8760	27960
8759	27961
8763	27963
8764	27964
8767	27966
8768	27968
8769	27970
8771	27972
8775	27978
8781	27980
8788	27983
8790	27987
8793	27989
8794	27991
8800	27993
8802	27995
8806	27997
8808	27999
8810	28000
8811	28001
8816	28006
8818	23192
8820	28015
8822	28018
8824	28019
8826	28021
8829	28029
8831	28030
8832	28032
8833	28033
8838	28034
8837	28036
8840	28038
8841	28039
8843	28042
8848	28044
8847	28045
8853	28050
8854	28053
8862	28057
8863	28058
8866	28061
8867	28062
8873	28063
8872	28065
8871	28066
8874	28070
8876	28071
8878	28076
8880	28075
8886	28080
8888	28082
8890	28084
8891	28085
8892	28087
8894	28089
8895	28090
8896	28091
8897	28092
8898	28094
8901	28101
8902	28103
8903	28102
8904	28104
8905	28106
8906	28107
8908	28109
8912	28111
8914	28113
8920	28114
8916	28115
8919	28117
8922	28118
8923	28119
8928	28125
8931	28127
8934	28129
8937	28131
8938	28130
8941	28134
8942	28136
8943	28138
8947	28141
8951	28148
8954	28154
8959	28159
8961	28161
8963	28165
8964	28166
8965	28168
8969	28172
8970	28176
8971	28175
8974	28183
8976	28185
8978	28186
8981	28189
8983	28193
8984	28194
8986	28195
8987	28197
8989	28313
8990	28199
8992	28201
8994	28204
8995	28205
8997	28208
9000	28210
9004	28219
9006	28222
9008	28223
9012	28227
9022	28242
9027	28239
9026	28241
9029	28244
9038	28245
9031	28246
9032	28247
9033	28248
9034	28249
9036	28250
9037	28252
9040	28256
9042	28257
9049	36570
9050	28270
9052	28269
9053	28272
9054	28271
9055	28273
9057	28276
9058	28277
9059	28278
9062	28280
9065	28282
9071	28289
9074	28290
9076	28292
9077	28294
9079	28297
9082	28298
9083	28299
591	28305
9090	28304
9097	28309
9098	28311
9100	28315
9106	28316
9105	28317
9108	28320
9112	28322
9114	28324
9116	28325
9117	28327
9125	28332
9126	28334
9128	28336
9131	28337
9132	28338
9133	28339
9143	28347
9151	28352
9153	28354
9155	28356
9156	28361
9157	28357
9162	28364
9163	28363
9168	28368
9171	28375
9172	28373
9174	28380
9178	28381
9186	28389
9187	28385
9188	28388
9190	28390
9191	28392
9194	28397
9195	28398
9198	28402
9200	28403
9201	28404
9202	28406
9203	28407
9204	28409
9206	28412
9212	28416
9218	28420
9221	28424
9228	28434
9229	28435
9230	28436
9236	28442
9235	28439
9237	28443
9240	28444
9243	28447
9244	28449
9245	28450
9246	28451
9252	28458
9256	28461
9257	28463
9263	28470
9265	28473
9269	28477
9272	28481
9273	28482
9274	28484
9280	28493
9281	28495
9284	28496
9285	28497
9286	28498
9291	28507
9294	28512
9295	28515
9296	28519
9297	28517
9298	28518
9303	28524
9305	28526
9307	28527
9308	28529
9310	28531
9312	28536
9317	28540
9318	28541
9320	28543
9321	28544
9322	28545
9324	28548
9326	28550
9327	28552
9328	28557
9329	28559
9330	28558
9332	28560
9333	28561
9336	28566
9337	28567
9341	33685
9339	28572
9340	28571
9342	28576
9344	28579
9345	28581
9346	28580
9348	28583
9352	28585
9353	28586
9358	28590
9359	28591
9360	28592
9361	28593
9364	28597
9370	28598
9369	28602
9376	28606
9379	28609
9384	28611
9385	28616
9390	28619
9393	28623
9394	28624
9397	28626
9400	28638
9401	28630
9402	28631
9403	28629
9411	28642
9412	28643
9414	28646
9416	28647
9421	28652
9420	28651
9423	28654
9425	28655
9427	28656
9430	28659
9431	28661
9432	28662
9433	28663
9436	28666
9437	28667
9441	28674
9445	28677
9448	28682
9453	28686
9451	28685
9458	28692
9465	28696
9466	28697
9467	28698
9472	28700
9473	28701
9479	28708
9484	28711
9485	28712
9486	28713
9487	28714
9488	28715
9489	28716
9491	28720
9493	28719
9497	28722
9498	28725
9499	28727
9500	28728
9501	28731
9502	28733
9503	28735
9506	28739
9511	28741
9514	28742
9518	28744
9519	28748
9520	28746
9522	28749
9525	28751
9527	28752
9529	28754
9530	28755
9533	28759
9536	28770
9538	28763
9539	28766
9540	28769
9543	28771
9545	28773
9548	28775
9549	28778
9551	28782
9554	28784
9556	28786
9557	28787
9560	28790
9561	28793
9566	28800
9567	28798
9569	28799
9576	28806
9577	28807
9580	28808
9581	28809
9583	28810
9584	28811
9586	28812
9588	28814
9590	28818
9596	28821
9600	28826
9601	28827
9603	28831
9605	28835
9609	28837
9611	28839
9615	28842
9618	28844
9619	28845
9622	28846
9623	28848
9629	28854
9630	28855
9632	28859
9633	28861
9636	28864
9646	28868
9643	28869
9649	28876
9650	28877
9652	28880
9653	28881
9655	28884
9657	28887
9664	28893
9660	28889
9671	28896
9675	28900
9677	28902
9680	28905
9681	28906
9683	28909
9685	28912
9689	28915
9694	28920
9696	28923
9697	28926
9698	28927
9699	28924
9700	28929
9703	28932
9704	28931
9709	28939
9710	28937
9713	28945
9718	28946
9719	28947
9720	28948
9723	28949
9722	28950
9725	28958
9728	28959
9729	28961
9734	28966
9738	28969
9740	28974
9741	28976
9742	28977
9751	28983
9749	28982
9752	28984
9753	28986
9755	28990
9764	28997
9765	29000
9769	29002
9774	29006
9773	29007
9778	29017
9780	29022
9786	29030
9787	29031
9789	29033
9792	29038
9793	29046
9795	29047
9800	29054
9802	29055
9804	29057
9806	29059
9807	29060
9811	29062
9810	29063
9813	29065
9817	29043
9818	29069
9819	29067
9821	29070
9826	29081
9827	29083
9828	29085
9829	29086
9833	29090
9831	29088
9832	29089
9837	29093
9838	29094
9841	29096
9843	29101
9844	29102
9847	29104
9849	29107
9852	29113
9858	29119
9861	29122
9862	29123
9863	29124
9867	29127
9868	29128
9869	29129
9871	29130
9875	29134
9873	29132
9876	29131
9877	29133
9883	29137
9885	29138
9886	29139
9891	29146
9892	29148
9893	29149
9894	29150
9897	29153
9898	29157
9899	29158
9900	29159
9901	29160
9902	29161
9904	29166
9906	29168
9907	29170
9911	29173
9914	29175
9918	29180
9924	29184
9925	29186
9926	29188
9930	29189
9931	29190
9932	29191
9934	29192
9936	29196
9937	29198
9943	29201
9947	29202
9946	29203
9948	29204
9949	29205
9951	29211
9952	29210
9955	29214
9960	29219
9961	29221
9964	29226
9965	29227
9967	29228
9968	29231
9969	29232
9972	29233
9971	29241
9973	29236
9974	29237
9979	29242
9981	29245
9986	29250
9989	29253
9992	29259
9993	29260
9994	29261
9998	29265
9999	29268
10000	29267
10001	29269
10003	29273
10008	29279
10010	29282
10012	29283
10016	29287
10017	29288
10018	29290
10019	29289
10026	29297
10028	29298
10032	29299
10030	29300
10035	29301
10038	29307
10040	29305
10042	29306
10044	29309
10051	29314
10052	29315
10054	29316
10056	29322
10057	29323
10060	29325
10061	29328
10062	29327
10063	29326
10066	29334
10069	29338
10070	29340
10071	29344
10072	29345
10073	29341
10074	29346
10076	29352
10078	29357
10081	29359
10082	29360
10087	29362
10088	29363
10086	29364
10092	29366
10093	29367
10094	29368
10095	29369
10098	29372
10099	29374
10101	29375
10106	29379
10107	29380
10113	29384
10112	29385
10116	29388
10119	29390
10118	29391
10124	29395
10125	29396
10128	29398
10130	29399
10133	29403
10136	29405
10140	29407
10141	29409
10145	29410
10147	29413
10150	29417
10153	29420
10154	29421
10156	29424
10157	29423
10158	29425
10160	29429
10161	29431
10162	29430
10164	29432
10165	29433
10167	29436
10169	29437
10174	29440
10172	29441
10173	29443
10176	29446
10184	29447
10181	29450
10185	29452
10186	29453
10189	29454
10191	29456
10192	29457
10195	29459
10196	29464
10207	29468
10209	29474
10211	29475
10212	29477
10213	29479
10217	29481
10215	29482
10218	29486
10219	29487
10220	29488
10222	29490
10225	29501
10227	29502
10228	29497
10232	29503
10233	29506
10239	29512
10244	29518
10242	29515
10245	29517
10247	29516
10249	29519
10253	29520
10252	29521
10254	29523
10257	29525
10258	29527
10259	29531
10262	29533
10263	29534
10265	29537
10268	29541
10270	29544
10273	22144
10274	29546
10275	29549
10279	29555
10283	29557
10285	29561
10286	29559
10287	29560
10288	29564
10289	29562
10293	29567
10297	29571
10299	29572
10305	29579
10312	29582
10310	29583
10314	29586
10317	29589
10319	29591
10320	29592
10322	29595
10323	29597
10325	29598
10326	29601
10331	29604
10332	29605
10334	29608
10336	29612
10344	29620
10345	29621
10349	29622
10347	29624
10352	29626
10354	29629
10358	29631
10361	29635
10375	29643
10370	29644
10371	29648
10373	29647
10377	29650
10381	29653
10386	29655
10389	29658
10392	29659
10393	29660
10395	29664
10397	29665
10402	30713
10404	29670
10405	29672
10406	29674
10412	29680
10414	29681
10415	29682
10417	29683
10423	29689
10424	29691
10429	29696
10430	29695
10440	29700
10441	29702
10442	29701
10443	29703
10444	29705
10445	29707
10451	29710
10452	29713
10453	29712
10458	29715
10456	29717
10462	29725
10475	29740
10478	29744
10479	29745
10486	29751
10493	29760
10489	29755
10491	29761
10495	29762
10501	29768
10502	29769
10506	29771
10507	29772
10511	29776
10513	29780
10516	29781
10517	29783
10521	30769
10523	29789
10537	29805
10542	29811
10540	29808
10548	29821
10549	29822
10552	29823
10553	29824
10554	29825
10555	29827
10557	29828
10558	29829
10560	29831
10562	29833
10563	29832
10564	29835
10565	29836
10567	29838
10573	29844
10585	29857
10589	29861
10592	29862
10598	29864
10601	29867
10605	29869
10606	29870
10614	29877
10617	29880
10621	29883
10622	29884
10623	29886
10624	29885
10625	29887
10629	29893
10630	29894
10634	29896
10638	29902
10646	29906
10654	29908
10649	29909
10652	29911
10653	29914
10656	29915
10657	29916
10659	29918
10662	29919
10666	29925
10667	29926
10668	29927
10669	29928
10677	29937
10678	29940
10679	29943
10683	29953
10688	29956
10689	29957
10690	29960
10691	29959
10694	29962
10696	29965
10697	29966
10698	29967
10704	29970
10707	29973
10708	29972
10709	29978
10713	29979
10718	29986
10719	29987
10721	29990
10722	29991
10724	29992
10727	29995
10733	29999
10731	30000
10739	30003
10738	30004
10740	30005
10743	30011
10745	30012
10746	30013
10748	30015
10750	30020
10751	30018
10754	30022
10760	30028
10761	30029
10762	30030
10765	30033
10767	30034
10766	30036
10777	30042
10784	30046
10785	30047
10786	30048
10788	30049
10789	30050
10791	30052
10792	30053
10795	30055
10797	30057
10798	30059
10801	30061
10802	30062
10806	30064
10807	30065
10812	30070
10816	30073
10817	30075
10819	30078
10825	30081
10832	30084
10830	30085
10837	30088
10839	30091
10841	30095
10842	30096
10844	30102
10848	30104
10849	30105
10851	30107
10853	30113
10854	30112
10858	30118
10859	30119
10861	30120
10864	30121
10866	30122
10873	30130
10876	30133
10877	30135
10878	30139
10879	30137
10884	30141
10883	30142
10887	30146
10888	30148
10891	30152
10894	30156
10897	30159
10900	30162
10901	30163
10903	30170
10907	30168
10909	30174
10912	30176
10914	30178
10915	30180
10916	30181
10918	30182
10922	30185
10924	30187
10925	30195
10926	30189
10928	30191
10929	30192
10937	30201
10940	30203
10943	30208
10945	30209
10947	30210
10948	30211
10950	30212
10953	30218
10956	30220
10958	30224
10959	30225
10964	30230
10965	30232
10966	30235
10967	30236
10968	30237
10969	30241
10971	30243
10977	30244
10976	30246
10981	30256
10982	30254
10985	30260
10988	30261
10989	30263
10990	30265
10991	30264
10992	30266
10993	30268
10996	30270
10998	30272
10999	30274
11000	30275
11001	30276
11002	30277
11004	30284
11007	30283
11012	30288
11014	30291
11015	30292
11019	30293
11018	30295
11022	30299
11025	30303
11027	30304
11028	30305
11032	30307
11036	30312
11043	30314
11042	30315
11044	30317
11046	30320
11050	30322
11051	30323
11059	30328
11060	30330
11062	30332
11067	30336
11068	30337
11070	30338
11071	30339
11072	30341
11075	30340
11074	30342
11077	30344
11079	30348
11082	30350
11083	30351
11085	30352
11088	30356
11090	30359
11101	30369
11102	30371
11110	30376
11111	30377
11115	30378
11118	30386
11120	30387
11122	30388
11123	30391
11124	30392
11125	30393
11128	30396
11129	30398
11133	30400
11136	30402
11141	30406
11145	30408
11144	30410
11157	30420
11158	30425
11159	30424
11161	30428
11163	30429
11168	30432
11169	30434
11177	30441
11178	30442
11180	30444
11183	30448
11186	30454
11190	30457
11191	30458
11193	30460
11194	30463
11197	30464
11199	30465
11206	30474
11211	30478
11213	30483
11216	25278
11215	30485
11217	30489
11219	30490
11220	30492
11221	30495
11227	30501
11229	30503
11231	30506
11234	30509
11236	30510
11239	30512
11245	30518
11246	30520
11252	30526
11253	30527
11254	30528
11256	30529
11257	30531
11259	30537
11267	30547
11269	30554
11270	30548
11272	30555
11271	30553
11273	30562
11274	30556
11276	30558
11275	30557
11279	30563
11280	34212
11281	30565
11283	30568
11284	30573
11285	30572
11286	30571
11287	30569
11288	30570
11289	30574
11291	30575
11293	30577
11292	30576
11294	30578
11298	30581
11301	30588
11304	30590
11306	30592
11308	30593
11309	30594
11313	30598
11315	30599
11320	30609
11323	30616
11325	30617
11326	30613
11335	30621
11336	30623
11337	30622
11340	30630
11341	30633
11343	30635
11345	30639
11346	30640
11348	30645
11349	30647
11351	30651
11352	30652
11353	30654
11355	30655
11356	30656
11358	30658
11360	30659
11363	30661
11364	30662
11366	30664
11367	30665
11374	30671
11375	30672
11383	30678
11388	30680
11391	30681
11394	30685
11395	30686
11404	30688
11399	30690
11403	30693
11406	30697
11409	30701
11410	30702
11413	30703
11414	30704
11419	30712
11420	30714
11424	30718
5430	30722
11437	30726
11442	30724
11441	30727
11443	30728
11445	30730
11447	30733
11453	30743
11454	30745
11459	30754
11460	30753
11463	30756
11465	30757
11467	30758
11475	30765
11478	30768
11480	30770
11482	30773
11484	30784
11485	30780
11487	30788
11486	30781
11490	30787
11491	30786
11501	30792
11496	30793
11497	30794
11500	30796
11505	30798
11508	30803
11509	30802
11512	30807
11514	30806
11520	30808
11515	30809
11517	30810
11522	30822
11523	30820
11526	30824
11529	30827
11532	30832
11534	30833
11535	30834
11537	30836
11540	30840
11542	30843
11544	30845
11545	30846
11550	30847
11548	30848
11549	30849
11551	30851
11554	30852
11555	30855
11562	30860
11556	30858
11557	30857
11560	30859
11566	30867
11572	30869
11570	30870
11573	30871
11575	30875
11576	30876
11581	30882
11582	30883
11584	30885
11585	30887
11586	30886
11587	30884
11589	30891
11590	30893
11591	30894
11592	30895
11593	30898
11594	30897
11595	30903
11596	30902
11597	30900
11598	30901
11599	34552
11600	30905
11602	30908
11611	30918
11610	30916
11614	30921
11618	30924
11621	30928
11624	30931
11627	30935
11629	30936
11632	30938
11638	30941
11639	30942
11647	30949
11643	30945
11645	30946
11649	30951
11650	30956
11653	30958
11655	30960
11661	30963
11662	30966
11663	30965
11666	30968
11669	30969
11672	30973
11673	30975
11675	30976
11676	30981
11678	30983
11679	30984
11680	30985
11683	30989
11684	30993
11685	30995
11689	31001
11690	31003
11691	31004
11696	31007
11703	31009
11704	31010
11705	31011
11707	31012
11708	31014
11709	31016
11710	31015
11714	31017
11712	31018
11715	31022
11723	31031
11724	31033
11725	31034
11730	31039
11733	31042
11736	31045
11738	31047
11740	31049
11741	31053
11742	31052
11743	31054
11744	31057
11745	31063
11746	31060
11749	31067
11750	31065
11751	31066
11752	31069
11753	31072
11756	31076
11765	31085
11780	31099
11781	31101
11783	31103
11785	31104
11787	31106
11788	31108
11789	31113
11790	31114
11791	31115
11792	31116
11793	31118
11794	31120
11796	31123
11797	31124
11798	31125
9663	28892
11800	31127
11801	31130
11804	31131
11810	31132
11806	31133
11809	31134
11812	31136
11815	31139
11818	31141
11821	31145
11823	31147
11824	31146
11827	31148
11828	31150
11829	31151
11830	31152
11836	31159
11840	31162
11843	31165
11845	31166
11847	31167
11848	31171
11852	31172
11856	31178
11859	31187
11860	31186
11866	31189
11865	31191
11869	31193
11875	31197
11879	31199
11883	31201
11882	31202
11886	31206
11888	31208
11890	31210
11891	31211
11892	31212
11896	31217
11898	31222
11901	31229
11904	31231
11905	31232
11907	31235
11908	31234
11910	31233
11911	31236
11912	31238
11913	31237
11918	31244
11919	31245
11920	31246
11923	31249
11925	31251
11927	31256
11928	31253
11930	31254
11934	31259
11936	31261
11938	31262
11942	31264
11944	31265
11949	31269
11951	31273
11952	31275
11956	31276
11957	31279
11958	31281
11959	31282
11960	31284
11967	31290
11969	31295
11972	31297
11976	31301
11978	31304
11979	31305
11980	31306
11985	31310
11982	31308
11983	31309
11987	31313
11990	31315
11991	31316
11993	31317
11999	31321
12000	31331
12001	31325
12008	31334
12010	31335
12012	31337
12015	31339
12018	31344
12021	31349
12023	31352
12030	31358
12029	31360
12033	31363
12039	31367
12043	31371
12045	31373
12046	31374
12051	31377
12055	31381
12058	31384
12064	31395
12066	31393
12067	31396
12068	31397
12071	31401
12072	31402
12073	31403
12076	31409
12081	31414
12082	31415
12083	31416
12085	31418
12086	31419
12087	31420
12089	31422
12091	31425
12092	31427
12093	31428
12095	31429
12096	31430
12101	31434
12105	31435
12111	31442
12116	31447
12114	31445
12118	31453
12122	31455
12126	31458
12127	31459
12128	31460
12132	31462
12133	31463
12140	31469
12141	31470
12143	31474
12151	31478
12153	31481
12157	31484
12161	31486
12162	31487
12165	31489
12168	31495
12167	31491
12170	31494
12174	31504
12173	31499
12175	31498
12178	31503
12193	31513
12201	31521
12196	31516
12198	31518
12200	31522
12203	31523
12204	31524
12206	31528
12209	31531
12223	31539
12222	31540
12224	31604
12225	31546
12227	31547
12228	31550
12229	31548
12233	31554
12239	31557
12240	31559
12244	31562
12246	31563
12249	31567
12251	31571
12252	31572
12257	31577
12258	31578
12259	31581
12264	31585
12265	31586
12271	31588
12269	31589
2463	31591
12279	31592
12274	31593
12281	31601
7846	31599
12276	31595
12277	31596
12283	31602
12286	31603
12297	31614
12301	31617
12304	31618
12305	31619
12307	31620
12308	31621
12310	31622
12312	31628
12314	31632
12315	31633
12316	31634
12317	31635
12320	31639
12323	31643
12324	31644
12327	31646
12333	35260
12328	31654
12329	31653
12330	31649
12331	31651
12336	31657
12337	31658
12339	31659
12341	31661
12342	31662
12345	31663
12347	31666
12351	31669
12352	31670
12353	31671
12356	31674
12357	31675
12358	31676
12367	31682
12368	31681
12369	31683
12372	31687
12374	31692
12375	31693
12378	31695
12380	31696
12381	31698
12385	31700
12387	31702
12392	31705
12395	31708
12404	31720
12405	31722
12408	31725
12410	31728
12414	31734
12415	31735
12416	31742
12417	31737
12418	31736
12420	31740
12421	31741
12423	31743
12424	31745
12426	31746
12427	31751
12431	31752
12434	31755
12439	31757
12438	31758
12441	31761
12443	31763
12447	31769
12455	31773
12458	31780
12462	31782
12463	31784
12465	31785
12472	31791
12475	31792
12478	31793
12479	31796
12483	31801
12487	31805
12488	31807
12491	31815
12494	31816
12496	31819
12498	31821
12499	31826
12503	31830
12505	31832
12510	31834
12508	31835
12513	31838
12514	31839
12515	31840
12517	31841
12520	31844
12526	31850
12530	31854
12532	31857
12537	31865
12538	31863
12542	31867
12546	31871
12544	31870
12551	31876
12557	31881
12559	31883
12560	31887
12564	31886
12562	31888
12565	31891
12567	31892
12568	31895
12571	31900
12577	31902
12576	31903
12579	31906
12580	31907
12583	31910
12587	31917
12588	31919
12590	31925
12593	31923
12594	31922
12595	31926
12597	31928
12600	31930
12603	31934
12607	31943
12613	31948
12614	31949
12617	31951
12619	31955
12624	31970
12625	31971
12627	31972
12630	31974
12632	31976
12635	31980
12636	31981
12639	31985
12641	31988
12643	31991
12644	31990
12648	31998
12649	32000
12651	32001
12657	32002
12653	32003
12656	32005
12660	32010
12661	32013
12665	32021
12670	32023
12671	32024
12677	32029
12676	32028
12679	32031
12681	32033
12683	32035
12685	32036
12688	32041
12689	32040
12693	32044
12694	32045
12697	32046
12698	32047
12699	32049
12701	32053
12702	32054
12703	32055
12707	32058
12706	32059
12708	32060
12713	32064
12714	32065
12716	32067
12719	32071
12720	32072
12721	32074
12722	32075
12726	32080
12729	32082
12730	32086
12731	32084
12733	32087
12738	32088
15510	34998
12736	32090
12739	32093
12740	32098
12745	32096
12746	32100
12748	32103
12749	32104
12751	32105
12758	32109
12756	32110
12759	32113
12761	32115
12762	32117
12766	32120
12767	32121
3193	32122
12771	32124
12773	32130
12778	32126
12774	32127
12784	32134
12786	32136
12787	32140
12791	32142
12789	32139
12792	32143
12794	32145
12795	32146
12796	32147
12799	32151
12803	32153
12804	32154
12806	32155
12809	32156
12814	32160
12816	32162
12817	32164
12818	32165
12819	32166
12822	32172
12824	32175
12827	32177
12829	32179
12832	32183
12833	32184
12834	32187
12838	32186
12837	32188
12839	32190
12840	32192
12842	32196
12845	32195
12848	32194
12849	32199
12846	32198
12855	32201
12853	32206
12854	32203
12856	32207
12859	32208
12867	32214
12868	32215
12874	32222
12876	32224
12878	32226
12883	32234
12886	32235
12896	32257
12900	32252
12903	32256
12904	32062
12906	32258
12908	32261
12912	32262
12911	32263
12913	32266
12915	32273
12918	32274
12921	32276
12923	32278
12925	32279
12927	32282
12929	32284
12930	32288
12934	32291
12935	32293
12939	32295
12938	32296
12941	32298
12943	32300
12947	32304
12948	32309
12951	32313
12952	32314
12953	32316
12954	32317
12958	32322
12961	32328
12962	32326
12963	32330
12965	32332
12969	32335
12971	32336
12976	32343
12977	32342
12979	32344
12982	32348
12986	32353
12989	32356
12990	32357
12993	32360
12996	32361
13003	32366
13004	32369
13008	32373
13009	32375
13014	32379
13016	32382
13018	32384
13019	32385
13020	32386
13022	32391
13023	32392
13024	32393
13028	32396
13033	32402
13035	32405
13037	32406
13038	32407
13045	32414
13046	32416
13049	32419
13055	32424
13056	21915
13057	32427
13058	32426
13059	32428
13060	32429
13061	32430
13062	32431
13063	32433
13064	32434
13069	32440
13070	32447
13071	32444
13072	32446
13074	32449
13075	32451
13076	32452
13077	32453
13078	32454
13079	32461
13080	32458
13081	32457
13082	32462
13086	32463
13091	32468
13096	32470
13095	32474
13104	32478
13103	32479
13105	32481
13110	32488
13115	32492
13118	32495
13119	32497
13121	32498
13124	32502
13129	32507
13133	32510
13132	32512
13137	32518
13138	32519
13147	32524
13149	32527
13150	32529
13151	32534
13152	32531
13154	32536
13156	32537
13159	32541
13162	32544
13164	32545
13167	32547
13175	32554
13176	32555
13177	32558
13179	32570
13180	32564
13182	32568
13185	32565
13183	32567
13186	32566
13188	32569
13194	32576
13196	32577
13202	32585
13203	32588
13205	32589
13207	32590
13208	32591
13211	32593
13212	32594
13218	32599
13220	32602
13222	32606
13224	32607
13226	32609
13229	32611
13230	32612
13231	32613
13232	32614
13234	32616
13236	32619
13237	32621
13239	32626
13240	32627
13241	32628
13242	32630
13244	32632
13248	32637
13249	32638
13253	32641
13254	32645
13255	32643
13256	32646
13259	32647
13260	32648
13261	32649
13262	32652
13263	32651
13271	32660
13273	32666
13275	32667
13277	32671
13278	32672
13281	32678
13283	32679
13285	32683
13286	32685
13287	32686
13288	32687
13293	32690
13294	32691
13298	32692
13297	32693
13302	32698
13311	32704
13303	32700
13304	32701
13307	32702
13306	32705
13308	32703
13310	32707
13315	32711
13317	32714
13320	32717
13322	32719
13323	32720
13324	32721
13325	32722
13327	32726
13328	32727
13329	32728
13331	32729
13333	32734
13334	32736
13335	32737
13341	32740
13342	32741
13344	32742
13347	32746
13348	32749
13351	32754
13352	32756
13356	32761
13357	32762
13358	32764
13360	32766
13361	32767
13364	32770
13365	32771
13370	32773
13378	32782
13377	32781
13381	32786
13382	32787
13388	32792
13389	32794
13393	32796
13397	32797
13398	32799
13400	32801
13401	32804
13402	32805
13406	32809
13409	32808
13412	32810
13413	32814
13415	32815
13422	32820
13423	32822
13424	32823
13426	32825
13428	32829
13433	32835
13437	32837
13439	32843
13442	32844
13443	32845
13445	32846
13447	32848
13450	32852
13454	32854
13458	32859
13461	32862
13462	32864
13463	32865
13466	32867
13470	32871
13474	32874
13471	32873
13479	32879
13480	32883
13481	32885
13483	32887
13485	32891
13486	32889
13487	32892
13491	32897
13492	32899
13493	32900
13497	32905
13498	32906
13502	32911
13507	32913
13510	32919
13512	32923
13513	32922
13515	32926
13517	32934
13518	32932
13522	32933
13528	32940
13530	32945
13532	32947
13533	32948
13534	32952
13535	32953
13538	32957
13541	32960
13542	32961
13545	32964
13546	32965
13547	32966
13553	32972
13554	32974
13555	32973
13558	32977
13564	32986
13565	32987
13566	32992
13567	32993
13570	32998
13572	32999
13573	33000
13579	33007
13580	33006
13582	33008
13584	33010
13586	33009
13587	33011
13588	33012
13590	33016
13591	33017
13592	33018
13593	33019
13595	33021
13596	33022
13599	33024
13600	33027
13603	33031
13604	33032
13605	33033
13606	33036
13607	33038
13609	33041
13611	33042
13612	33048
13614	33043
13616	33049
13617	33051
13618	33053
13620	33055
13621	33056
13622	33057
13625	33061
13628	33063
13630	33065
13631	33066
13632	33069
13633	33068
13635	33072
13639	33076
13640	33077
13644	33082
13646	24504
13645	33083
13647	21428
13649	33088
13651	33091
13652	33095
13653	33093
13654	33094
13656	33096
13657	33100
13658	33098
13665	33106
13666	25175
13670	33114
13675	33110
13674	33111
13671	33112
13678	33117
13679	33118
13684	33121
13688	33125
13692	33135
13693	33131
13695	33134
13697	33138
13701	33139
13702	33140
13704	33141
13705	33142
13706	33143
13707	33145
13708	33147
13709	33149
13711	33151
13713	33152
13714	33154
13727	19252
13723	33160
13724	33161
13725	33162
13729	33170
13731	33171
13732	33172
13734	33176
13735	33177
13736	33179
13737	33181
13738	33182
13739	33184
13741	33186
13743	33188
13746	33190
13747	33192
13754	33204
13755	33197
13756	33200
13757	33201
13758	33198
13761	33202
13764	33203
13765	33208
13770	33211
13771	33212
13772	33213
13773	33216
13775	33217
13779	27508
13776	33219
13782	33222
13780	33223
13783	33226
13784	33227
13787	33228
13791	33233
13795	33234
13799	33241
13805	33249
13806	33250
13807	33258
13809	33253
13810	33254
13812	33265
13818	33275
13819	33274
13821	33276
13822	33279
13824	33283
13830	33291
13833	33293
13834	33294
13835	33296
13837	33295
13840	33298
13843	33305
13844	33306
13848	33311
13849	33312
13860	33317
13852	33316
13858	33322
13862	33329
13863	33328
13864	33330
13866	33338
13867	33337
13870	33339
13882	33343
13879	33345
13880	33346
13881	33347
13884	33349
13885	33350
13893	33356
13902	33363
13903	33361
13905	33364
13909	33370
13910	33371
13912	33372
13914	33373
13916	33374
1984	33375
13917	33376
13918	33377
13923	33379
13924	33380
13925	33381
13931	33386
13937	33392
13938	33395
13940	33398
13942	33400
13947	33403
13948	33404
13953	33408
13958	33411
13961	33415
13962	33416
13964	33417
13970	33423
13971	33424
13973	33426
13974	33429
13975	33430
13980	33435
13984	33438
13985	33439
13988	33441
13991	33448
13993	33452
13995	33454
13996	33457
13997	33458
13999	33460
14003	33467
14006	33469
14007	33470
14009	33471
14017	33474
14020	33479
14022	33481
14024	33480
14023	33482
14025	33485
14026	33488
14027	33486
14028	33490
14030	33491
14031	33493
14033	33494
14036	33496
14037	33497
14039	33498
14041	33499
14044	33504
14046	33508
14047	33506
14048	33507
14053	33510
14054	33514
14055	33516
14057	33519
14058	33520
14064	33527
14066	33524
14067	33529
14068	33530
14074	33536
14075	33534
14077	33539
14092	33551
14093	33552
14095	33554
14099	33559
14100	33560
14102	33562
14104	33565
14110	33571
14111	33572
14113	33574
14117	33579
14120	33581
14121	33584
14123	33582
14125	33585
14126	33589
14131	33593
14133	33594
14134	33595
14135	33597
14137	33598
14138	33600
14143	33605
14144	33606
14145	33607
14146	33611
14147	33609
14148	33610
14151	27170
14153	33612
14158	33620
14162	33621
14164	33624
14163	33625
14168	33628
14171	33631
14172	33632
14174	33633
14175	33634
14179	33635
14180	33636
14183	33638
14185	33641
14191	33644
14192	33645
14194	33646
14196	33647
14202	33649
14206	33652
14207	33656
14208	33659
14209	33660
14210	33658
14212	33665
14216	33670
14218	33672
14220	33675
14221	33676
14224	33682
14228	33686
14233	33692
14235	33694
14236	33697
14238	33698
14240	33701
14242	33706
14244	33708
14247	33709
14248	33711
14250	33713
14251	33715
14253	33714
14254	33717
14261	33728
14263	33730
14264	33733
14266	33736
14268	33739
14272	33741
14273	33743
14275	33745
14277	33749
14279	33752
14283	33756
14284	33757
14285	33758
14291	33759
14290	33761
14294	33765
14295	33766
14296	33767
14298	33769
14300	33770
14303	33772
14310	33776
14312	33778
14317	33782
14318	33783
14322	33788
14326	33792
14329	33794
14335	33799
14337	33800
14338	33803
14340	33807
14342	33808
14350	33812
14351	33814
14357	33820
14359	33821
14361	33822
14365	33826
14366	33825
14370	33829
14371	33830
14374	33831
14381	33833
14379	33834
14380	33836
14382	33838
14383	33839
14388	33841
14389	33845
14390	33847
14392	33849
14395	33850
14400	33853
14402	33854
14403	33855
14404	33856
14405	33859
14408	33860
14410	33861
14411	33862
14412	33863
14414	33867
14422	33875
14421	33872
14429	33882
14431	33886
14430	33884
9526	28753
14435	33889
14436	33894
14437	33892
14438	33893
14442	33891
14443	33895
14450	33901
14454	33907
14455	33911
14456	33912
14458	33914
14459	33913
14463	33916
14466	33918
14467	33920
14468	33919
14470	33928
14471	33930
14477	33934
14478	33935
14480	33937
14481	33938
14489	33947
14490	33948
14491	33953
14493	33954
14494	33955
14495	33960
14496	33959
14497	33961
14498	33962
14499	33966
14503	33969
14505	33971
977	33976
14508	33974
14509	33973
14510	33982
14513	33984
14514	33981
14519	33985
14520	33988
14524	33989
14523	33992
14528	34001
14529	34000
14530	34003
14531	34008
14534	34011
14538	34014
14544	34020
14545	34021
14546	34022
14548	34024
14552	34026
14555	34029
14558	34033
14559	34034
14561	34035
14563	34036
14569	34039
14570	34040
14571	34047
14572	34038
14575	34045
14573	34044
14578	34051
14581	34052
14585	34054
14587	34056
14589	34057
14592	34062
14597	34065
14598	34069
14601	34070
14602	34071
14603	34072
14605	34073
14606	34074
14608	34078
14609	34079
14610	34088
14611	34081
14613	34084
14616	34086
14622	34087
14620	34090
14623	34092
14624	34093
14627	34098
14629	34101
14631	34103
14632	34104
14636	19293
14637	34109
14648	34118
14647	34120
14642	34116
14643	34113
14644	34114
14645	34115
14646	34122
14650	34121
14652	34123
14656	32909
14655	34126
14659	34127
14657	34129
14661	34133
14663	34134
14664	34136
14665	34137
14667	34138
14670	34139
14671	34141
14672	34146
14673	34145
14675	34147
14676	34148
14682	34153
14683	25057
14684	34154
14686	34157
14687	34159
14688	34160
14689	34164
14692	34166
14696	34168
14698	34169
14700	34170
14702	34175
14704	34173
14705	34176
14709	34177
14713	34188
14714	34184
14718	34190
14721	34193
14724	34197
14727	34198
14728	34202
14730	34203
14737	34207
14738	34208
14739	34209
14740	34210
14744	34213
14745	34215
14747	34220
14749	34221
14750	34222
14753	34224
14754	34225
14756	34227
14757	34228
14758	34230
14759	34231
14761	34232
14763	34233
14768	34240
14772	34247
14773	34250
14778	34251
14779	34252
14783	34255
14786	34260
14787	34262
14789	34267
14790	34268
14793	34270
14796	34272
14797	34273
14800	34276
14803	34279
14805	34281
14807	34283
14810	34287
14812	34288
14818	34290
14819	34294
14822	34295
14824	34300
14826	34302
14831	34308
14832	34310
14833	34311
14834	34312
14837	34315
14839	34317
14843	34320
14847	34323
14850	34327
14854	34330
14858	34333
14861	34336
14862	34337
14863	34338
14867	34341
14868	34343
14869	34344
14875	34352
14876	34354
14878	34355
14879	34356
14880	34358
14883	34359
14882	34360
14887	34367
14888	34369
14890	34372
14891	34373
14892	34371
14900	34378
14902	34380
14904	34382
14910	34388
14914	34389
14917	34397
14919	34400
14920	34401
14924	34406
14925	34407
14927	34408
14932	34413
14936	34415
14946	34425
14947	34427
14949	34429
14950	34431
14952	34433
14956	34435
14958	34436
14961	34439
14964	34441
14966	34442
14968	34447
14971	34449
14972	34450
14974	34452
14977	34455
14984	34461
14986	34462
14987	34463
14990	34467
14991	34468
14992	34469
14994	27252
14995	34471
14996	34473
14998	34476
14999	34477
15004	34481
15005	34482
15007	34489
15008	34490
15010	34491
15013	34492
15014	34494
15018	34500
15020	34501
15022	34504
15027	34507
15034	34511
15035	34512
15039	34514
15041	34517
15042	34519
15043	34521
15044	34520
15049	34524
15054	36172
15052	34533
15053	34536
15055	34532
15056	34530
15057	34535
15059	34531
15061	34537
15064	34540
15069	34545
15072	34549
15075	34550
15078	34558
15079	34555
15080	34556
15081	34557
15085	34560
15086	34563
15093	34567
15094	34568
15096	34570
15097	34572
15098	34573
15101	34576
15105	34581
15107	34583
15108	34585
15110	34586
15116	34592
15120	34593
15122	34595
15127	34600
15136	34606
15135	34607
15139	34611
15144	34616
15145	34617
15148	34619
15150	34623
15152	34625
15153	34631
15155	34633
15157	34634
15159	34635
15158	34637
15160	34638
15162	34639
15167	34642
15169	34643
15175	34652
15177	34656
15180	34660
15181	34661
15185	34665
15186	34666
15188	34671
15189	34672
15192	34675
15195	34679
15199	34682
15201	34684
15202	34685
15203	34686
15209	34694
15214	34697
15217	34700
15218	34699
15220	34702
15222	34703
15223	34705
15230	34710
15234	34714
15236	34715
15239	34718
15242	34720
15243	34722
15244	34723
15246	34721
15251	34734
15254	34733
15261	34738
15265	34739
15266	34740
15272	34747
15275	34750
15278	34753
15279	34754
15282	34755
15280	34756
15286	34760
15287	34762
15290	34765
15291	34766
15292	34767
15296	34770
15297	34771
15300	34775
15305	34778
15306	34779
15308	34782
15309	34780
15310	34783
15313	34788
15314	34789
15315	34790
15316	34791
15317	34794
15318	34795
15320	34799
15323	34800
15327	34803
15330	34804
15334	34807
15335	34809
15337	34810
15338	34814
15339	34815
15340	34816
15343	34817
15348	34822
15354	34827
15355	34828
15356	34829
15359	34831
15360	34832
15363	34836
15367	34837
15377	34846
15378	34847
15380	34851
15381	34855
15385	34860
15391	34865
15393	34869
15400	34876
15404	34883
15405	34882
15407	34886
15408	34885
15411	34887
15419	34896
15422	34903
15423	34902
15426	34907
15428	34900
15435	34912
15437	34914
15439	34915
15440	34916
15443	34917
15446	34923
15447	34926
15448	34928
15450	34929
15456	34937
15457	34938
15458	34939
15460	34940
15463	34942
15466	34944
15468	34946
15470	34947
15472	34949
15473	34950
15474	34952
15475	34951
15481	34962
15482	34963
15486	34974
15487	34968
15488	34970
15490	34975
15493	34977
15494	34979
15496	34984
15498	34986
15500	34988
15506	34995
15508	34996
15513	35004
15514	35003
15515	35002
15516	35006
15518	35005
15521	35010
15523	35012
15532	35023
15533	35024
15534	35025
15537	35028
15538	35029
15539	35030
15540	35032
15542	35033
15543	35034
15544	35035
15548	35038
15549	35040
15551	35045
15554	35047
15555	35048
15556	35049
15557	35050
15558	35051
15563	28431
15565	35057
15564	35058
15569	35063
15566	35060
15567	35059
15568	35061
15576	35073
15579	35074
15580	35075
15589	35083
15588	35079
15585	35080
15595	35082
15593	35085
15596	35087
15597	35089
15598	35092
15599	35091
15602	35094
15603	35095
15604	35096
15605	35097
15607	35099
15611	35104
15615	35111
15619	35113
15625	35118
15623	35119
15624	35120
15631	35129
15633	35132
15635	35135
15638	35139
15640	35141
15641	35142
15645	35146
15651	35153
15652	35154
15653	35155
15654	35156
15658	35157
15660	35159
15663	35158
15662	35161
15664	35163
15671	35166
15672	35167
15675	35171
15678	35173
15680	35176
15681	35177
15685	35182
15690	35189
15693	35192
15700	35196
15696	35195
15698	35197
15701	35199
15702	35203
15703	35202
15709	35209
15711	35210
15714	35211
15716	35214
15717	35217
15719	35220
15720	35221
15721	35224
15725	35229
15728	35232
15729	35234
15730	35236
15731	35240
15732	35238
15736	35241
15737	35242
15738	35244
15744	35249
15745	35251
15746	35252
15753	35262
15754	35263
15755	35264
15756	35265
15757	35266
15763	35269
15768	35270
15766	35271
15769	35272
15770	35273
15771	35275
15774	35281
15775	35282
15776	35283
15777	35284
15780	35287
15781	35289
3720	35290
4326	35293
15783	35291
15794	35299
15786	35294
15788	35296
15789	35297
15793	35301
15795	35302
15799	35310
15800	35312
15802	35314
15803	35316
15808	35320
15812	35325
15813	35326
15815	35328
15816	35330
15817	35333
15820	35336
15821	35338
15822	35340
15823	35339
15835	35350
15833	35351
15838	35354
15839	35356
15844	35358
15843	35359
15845	35360
15849	35364
15851	35362
15853	35366
15856	35370
15863	35374
15865	35377
15866	35378
15867	35381
15868	22057
15870	35384
15874	35385
15871	35386
15878	35393
15880	35394
15883	35396
15891	35402
15887	35401
15890	35406
15893	35407
15894	35408
15898	35417
15899	35416
15903	35420
15905	35422
15908	35423
15909	35424
15910	35425
15912	35426
15913	35428
15915	35429
15919	35431
15922	35435
15923	35436
15925	35440
15927	35444
15930	35447
15932	35448
15933	35450
15937	35455
15938	35456
15939	35459
15944	35463
15950	35467
15951	35470
15957	35479
15958	35475
15960	35478
15963	35481
15972	35484
15967	35485
15968	35486
15973	35489
15974	35491
15979	35501
15982	35493
15981	35495
15983	35502
15988	35503
15989	35505
15996	35512
16003	35516
16005	35518
16006	35520
16010	35522
16015	35529
16017	35532
16020	35533
16022	35536
16031	35546
16032	35547
16037	35549
16048	35555
16049	35556
16051	35557
16052	35559
16056	35564
16060	35565
16063	35568
16065	35569
16067	35570
16069	35571
16070	35573
16071	35572
16072	35574
16074	35576
16075	35577
16078	35582
16080	35583
16081	35585
16083	35586
16084	35587
16085	35588
16090	35591
16093	35595
16094	35598
16095	35596
16097	35599
16101	35603
16103	35605
16104	35606
16108	35607
16111	35609
16113	35610
16116	35611
16119	35616
16120	35617
16121	35619
16122	35620
16128	35625
16130	35628
16131	35629
16133	35630
16134	35633
16135	35631
16136	35632
16138	35642
16139	35640
16141	35643
16143	35646
16145	35650
16148	35655
16149	35657
16151	35658
16152	35660
16154	35661
16156	35665
16158	35666
16160	35671
16162	35673
16163	35674
16166	35679
16168	35683
16170	35686
16174	35689
16173	35688
16175	35692
16176	35691
16179	35693
16181	35695
16182	35696
16185	35698
16186	35699
16190	35702
16193	35706
16196	35709
16198	35711
16201	35713
16203	35715
16205	35717
16209	35724
16211	35727
16212	35726
16217	35730
16218	35729
16219	35731
16220	35732
16224	35738
16227	34877
16228	35740
16229	35742
16231	35744
16233	35743
16238	35757
16241	35759
16242	35760
16243	35761
16247	35764
16250	35766
16252	35767
16254	35769
16260	35778
16264	35783
16265	35784
16270	35789
16272	35792
16273	35795
16277	35801
16281	35804
16282	35806
16283	35805
16284	35807
16285	35808
16286	35810
16287	35811
16289	35816
16293	35820
16294	35821
16295	35822
16297	35823
16299	35826
16300	35827
16302	35832
16305	35829
16306	35834
16307	35835
16308	35836
16309	35837
16313	35842
16316	35846
16318	35848
16323	35854
16324	35856
16325	35860
16329	35855
16327	35858
16328	35859
16330	35861
16331	35863
16332	35865
16334	35866
16337	35868
16338	35869
16342	35870
16341	35871
16347	35876
16351	35878
16354	35882
16355	35883
16357	35885
16364	35889
16367	35892
16372	35896
16373	35898
16377	35905
16378	35906
16384	35911
16386	35914
16392	35917
16394	35921
16396	35922
16400	35925
16402	35928
16403	35929
16405	35931
16410	35937
16411	35938
16412	35939
16413	35941
16415	35942
16416	35943
16420	35952
16426	35959
16425	35958
16427	35963
16429	35964
16431	35969
16432	35970
16434	35973
16436	35975
16438	35978
16442	35981
16443	35983
16444	35984
16449	35988
16450	35989
16451	35991
16454	35993
16457	35996
16460	35997
16461	35998
16463	36004
16472	36012
16473	36013
16479	36021
16480	36022
16481	36023
16483	36024
16485	36029
16486	36028
16487	36030
16489	36032
16490	36035
16492	36038
16495	36041
16505	36047
16506	36050
16510	36056
16512	36060
16517	36062
16518	36063
16523	36068
16521	36067
16524	36069
16525	36070
16527	36072
16528	36073
16529	36076
16533	36084
16536	36085
16538	36087
16540	36093
16541	36094
16543	36097
16546	36099
16547	36100
16548	36101
16549	36102
16550	36103
16554	36105
16559	36109
16565	36113
16566	36114
16567	36115
16568	36116
16569	36117
16571	36120
16574	36121
16576	36122
16575	36123
16578	36126
16579	36130
16580	36131
16584	36134
16583	36135
16586	36136
16590	36141
16594	36144
16597	36147
16604	36157
16607	36159
16608	36161
16609	36162
16612	36164
16613	36165
16617	36170
16619	36173
16621	36176
16627	36178
16630	36181
16631	36182
16634	36185
16636	36186
16643	36193
16644	36196
16645	36200
16650	36203
16653	36205
16652	36208
16656	36213
16655	36214
16659	36217
16660	36226
16661	36220
16662	36224
16667	36223
16668	36219
16669	36229
16666	36225
16671	36231
16672	36232
16675	36240
16677	36243
16679	36252
16680	36249
16682	36251
16690	36257
16693	36262
16695	36264
16698	36267
16699	36269
16705	36276
16712	36288
16713	36289
16715	36291
16717	36293
16719	36294
16722	36296
16721	36297
16723	36298
16724	36306
16725	36301
16727	36307
16729	36315
16730	36316
16732	36319
16737	36324
16738	36325
16742	36329
16747	36332
16748	36331
16752	36337
16753	36338
16757	36344
16759	36345
16760	36347
16764	36351
16767	36352
16770	36354
16771	36355
16772	36359
16773	36357
16777	36362
16779	36364
16780	36365
16781	36366
16784	36367
16783	36368
16785	36369
16787	36370
16788	36371
16792	36375
16794	36378
16795	36379
16796	36380
16797	36382
16800	36388
16801	36386
16802	36387
16803	36391
16805	36392
16806	36393
16807	36394
16811	36398
16816	36402
16815	36403
16823	36408
16825	36412
16829	36414
16832	36419
16834	36422
16836	36425
16837	36427
16838	36428
16839	36429
16840	36430
16841	36431
16842	36432
16845	36433
16847	36436
16848	36437
16849	36438
16857	35318
16852	36441
16853	36443
16854	36444
16855	36447
16858	36450
16859	36451
16861	36452
16865	36457
16866	36458
16864	36456
16867	36459
16868	36460
16872	36468
16874	36469
16877	36471
16880	36474
16881	36475
16883	36478
16884	36482
16889	36477
16888	36480
16887	36481
16895	36491
16897	36492
16903	36495
16902	36494
16910	36500
16909	36501
16913	36505
16915	36506
16918	36509
16925	36517
16928	36519
16930	36523
16931	36532
16932	36526
16933	36529
16935	36527
16936	36528
16938	36531
16942	36535
16943	36534
16944	36537
16946	36539
16949	36542
16950	36544
16953	36548
16955	36550
16956	36553
16957	36552
16958	36554
16961	36560
16967	36567
16972	36571
16973	36573
16976	36575
16984	36580
16987	36583
16989	36585
16990	36586
16991	36587
16993	36590
16999	36591
16995	36592
16996	36593
17001	36600
17004	36603
17008	36605
17005	36604
17012	36610
17018	36613
17021	36616
17023	36618
17025	36620
17027	36621
17028	36622
17031	36626
17033	36628
17035	36632
17036	36634
17037	36636
17038	36637
17040	36638
17045	36644
17046	36641
17047	36643
17049	36646
17050	36647
17052	36649
17053	36650
17055	36654
17056	36656
17057	36658
17058	36659
17059	36661
17061	36662
17064	36667
17063	36665
17066	36670
17067	36671
17068	36674
17070	36678
17071	36679
17076	36685
17077	36683
17079	36687
17080	36689
17087	36692
17086	36695
17088	36697
17092	36703
17093	36702
17094	36704
17099	36709
17102	36711
17105	36714
17106	36713
17108	36715
17110	36716
17111	36721
17112	36720
17118	36723
17119	36725
17121	36727
17125	36730
17128	36732
17129	36733
17130	36734
17132	36738
17135	36744
17136	36745
17139	36748
17140	36749
17141	36750
17142	36752
17143	36755
17144	36756
17146	36758
17147	36762
17148	36761
17150	36764
17151	36765
17158	36779
17168	36784
17175	36789
17178	36790
17179	36791
17180	36792
17182	36793
17186	36799
17187	36800
17188	36801
17191	36803
17192	36805
17194	36806
17195	36807
17199	36812
17204	36813
17202	36814
17203	36815
17211	36820
17212	36822
17216	36827
17219	36830
17220	36831
17222	36833
17231	36841
17233	36842
17236	36847
17237	36848
17238	36850
17239	36851
17243	36857
17244	36858
17245	36859
17248	36862
17250	36865
17251	36866
17257	36872
17260	36875
17262	36876
17263	36877
17267	36879
17268	36882
17270	36884
17273	36885
17276	36887
17279	36890
17284	36895
17285	36896
17287	36901
17294	36904
17295	36905
17299	36913
17300	36916
17301	36917
17307	36921
17309	36925
17310	36926
17312	36932
17319	36938
17326	36946
17327	36947
17328	36948
17329	36949
17330	36950
17333	36953
17335	36956
17336	36957
17340	36959
17346	36967
17347	36968
17349	36971
17350	36972
17356	36980
17358	36976
17355	36977
17357	36979
17359	36983
17361	36985
17362	36987
17363	36989
17365	36995
17370	36996
17379	37001
2683	37003
17384	37005
17388	37008
17393	37013
17392	37012
17397	37015
13979	37016
17400	37020
17401	37021
17406	37022
17412	37026
17410	37028
17414	37030
17417	37034
17425	37041
17428	37042
17430	37045
17432	37047
17433	37048
17443	37057
17445	37060
17446	37062
17447	37064
17448	37065
17449	37066
17452	37074
17456	37075
17458	37076
17460	37079
17463	37080
17466	37085
17471	37086
17472	37087
17476	37090
17477	37092
17480	37093
17487	37101
17488	37102
17490	37105
17492	37109
17493	37110
17495	37111
17500	37117
17503	37119
17505	37123
17506	37122
17507	37124
17508	37125
17510	37126
17511	37128
17512	37127
17513	37130
17515	37132
17520	37136
17521	37139
17522	37138
17523	37140
17525	37142
17535	37148
17534	37149
17537	37150
17538	37154
17539	37155
17541	37159
17549	37166
17552	37169
17556	37173
17557	37177
17558	37178
17561	37182
17566	37185
17568	37188
17570	37190
17575	37195
17578	37200
17580	37201
17583	37205
17584	37206
17588	37208
17590	37209
17591	37210
17592	37211
17597	37214
17600	37216
17603	37218
17605	37220
17606	37222
17607	37224
17610	37225
17611	37226
17616	37234
17618	37235
17620	37237
17623	37238
17627	37240
17628	37242
17630	37243
17631	37245
17633	37244
17635	37248
17638	37250
17639	37252
17640	37251
17641	37253
17644	37256
17647	37257
17646	37258
17650	37259
17652	37262
17653	37264
17654	37267
17655	37268
17656	37269
17659	37271
17660	37272
17661	37273
17663	37275
17665	37278
17667	37280
17668	37279
17669	37282
17670	37283
17671	37284
17674	37286
17677	37288
17679	37289
17683	37291
17684	37292
17687	37296
17691	37304
17692	37305
17703	37310
17705	37313
17710	37318
17711	37320
17715	37323
17716	37327
17717	37329
17719	37332
17721	37333
17723	37334
17726	37343
17727	37342
17728	37341
17730	37347
17731	37353
17732	37346
17733	37352
17734	37354
17738	37360
17742	37365
17745	37367
17752	37373
17755	37376
17757	37377
17760	37378
17761	37381
17762	37382
17763	37386
17766	37388
17768	37390
17771	37391
951	37392
17773	37393
17775	37398
17781	37400
17786	37405
17787	37409
17792	37412
17795	37413
17797	37415
17798	37416
17799	37417
17805	37418
17806	37424
17809	37427
17812	37430
17813	37431
17814	37432
17818	37434
17828	37440
17831	37443
17832	37444
17838	37448
17840	37450
17842	37451
17843	37452
17847	37457
17852	37462
17853	37463
17854	37464
17857	37468
17859	37471
17860	37472
17863	37474
17864	37475
17866	37476
17868	37478
17870	37479
17874	37487
17873	37483
17876	37486
17877	37488
17882	37491
17884	37494
17886	37495
17888	37497
17892	37502
17894	37505
17896	37506
17903	37509
17905	37512
17900	37511
17904	37515
17909	37518
17910	37519
17914	37520
17917	37524
17929	37530
17928	37531
17935	37536
17936	37538
17937	37539
17938	37541
17939	37542
17942	37547
17945	37555
17949	37563
17952	37566
17957	37568
17958	37574
17959	37572
17962	37578
17964	37579
17966	37581
17967	37580
17968	37582
17969	37583
17970	37584
17971	37586
17973	37593
17974	37591
17979	37596
17980	37598
17981	37599
17982	37600
17984	37602
17990	37605
17997	37612
18003	37616
18005	37617
18009	37619
18012	37621
18013	37622
18014	37624
18015	37623
18016	37625
18020	37629
18021	37630
18022	37631
18024	37633
18032	37637
18035	37642
18038	37645
18043	37650
18045	37651
18046	37652
18047	37655
18048	37654
18053	37657
18054	37658
18061	37660
18057	37661
18062	37665
18064	37666
18066	37668
18067	37669
18068	37670
18069	37671
18071	37674
18073	37675
18080	37685
18083	37688
18085	37694
18086	37693
18088	37696
18093	37699
18094	37701
18097	37704
18099	37705
18101	37707
18102	37708
18103	37710
18108	37716
18111	30814
18112	37719
18115	37729
18117	37726
18120	37728
18124	37737
18127	37741
18128	37742
18131	37743
18133	37744
18134	37745
18137	37749
18138	37746
18139	37747
18140	37748
18143	37754
18151	37759
18154	37763
18156	37765
18163	37771
18167	37772
18168	37774
18172	37776
18175	37778
18179	37781
18182	37785
18185	37788
18186	37789
18187	37790
18188	37791
18189	37793
18190	37794
18196	37797
18203	37804
18204	37805
18209	37810
18210	37811
18211	37812
18212	37813
18213	37814
18215	37816
18217	37818
18218	37821
18223	37824
18224	37825
18227	37826
18229	37829
18230	37834
18231	37835
18238	37850
18240	37853
18244	37856
18246	37857
18247	37858
18104	37712
18251	37859
18253	37862
18255	37868
18254	37864
18262	37865
18256	37866
18259	37872
18260	37869
18263	37873
18267	37880
18269	37881
18271	37889
18273	37891
18275	37892
18285	37895
18286	37896
18293	37900
18294	37901
18296	37905
18300	37908
18301	37910
18303	37912
18304	37911
18305	37913
18307	37914
18310	37916
18312	37920
18313	37924
18314	37925
18316	37927
18317	37930
18318	37929
18320	37933
18321	37934
18322	37935
18323	37939
18324	37940
18333	37951
18334	37953
18335	37954
18337	37955
18338	37956
18340	37958
18342	37962
18343	37961
18344	37964
18346	37968
18347	37969
18353	37973
18354	37977
18355	37979
18358	37980
18357	37981
18360	37983
18363	37985
18365	37990
18370	37992
18372	37997
18381	38003
18382	38004
18383	38006
18385	38007
18386	38008
18388	38011
18394	38015
18395	38018
18396	38019
18397	38021
18403	38030
18405	38026
18408	38031
18415	38034
18416	38037
18417	38038
18422	38044
18424	19711
18427	38058
18430	38057
18432	38059
18431	38055
18436	38060
18443	38068
18445	38070
18446	38071
18447	38072
18448	38073
18449	38074
18450	38076
18453	38080
18458	38086
18464	38093
18465	38094
18469	38096
18470	38098
18472	38103
18473	38104
18474	38106
18482	38112
18487	38115
18492	38120
18493	38121
18497	38124
18499	38126
18500	38128
18502	38129
18506	38132
18507	38133
18508	38134
18510	38135
18511	38136
18512	38137
18513	38139
18517	38138
18515	38141
18520	38144
18521	38143
18522	38142
18523	38145
18526	38147
18528	38149
18530	38150
18532	38158
18533	38153
18534	38155
18536	38157
18537	38159
18538	38160
18540	38161
18542	38164
18544	38165
18548	38166
18550	38172
18551	38173
18553	38176
18556	38178
18558	38182
18562	38184
18566	38190
18571	38192
18572	38193
18580	38204
18581	38201
18587	38203
18592	38209
18597	38220
18599	38221
18602	38224
18606	38227
18610	38231
18612	38233
18618	38236
18621	38237
18624	38242
18631	38249
18632	38251
18635	38254
18637	38258
18639	38259
18643	38261
18644	38264
18646	38266
18648	38267
10828	30083
18651	38270
18653	38272
18654	38278
18663	38282
18660	38280
18666	38286
18667	38284
18668	38283
18671	38290
18674	38292
18676	38294
18678	38296
18680	38298
18681	38299
18682	38304
18683	38306
18685	38305
18690	38315
18692	38316
18693	38317
18695	38324
18696	38320
18697	38321
18704	38327
18710	38334
18713	38340
18719	38346
18721	38347
18726	38352
18727	38353
18730	38357
18733	38361
18734	38362
18735	38364
18736	38363
18737	38365
18741	38366
18746	38373
18751	38380
18756	38389
18758	38390
18762	38393
18764	38397
18767	38399
18769	38402
18770	38403
18771	38404
18772	38406
18774	38410
18775	38412
18777	38414
18780	38415
18783	38420
18784	38423
18787	38426
18788	38427
18794	38428
18790	38429
18791	38430
18793	38431
18798	38434
18801	38435
18802	38438
18803	38439
18804	38441
18806	38444
18811	38446
18814	38450
18810	38449
18820	38458
18823	38461
18824	38462
18828	38466
18829	38467
18834	38468
18835	38469
18836	38472
18837	38473
18838	38474
18841	38478
18842	38484
18843	38482
18846	38487
18850	38490
18851	38492
18853	38493
