20278	1578
4155	13149
2927	11708
8596	17590
9042	18036
20037	3754
2810	11468
21716	8056
9608	18700
2621	11053
6213	15207
21598	18865
2072	9933
6145	15139
2897	11648
21213	6788
20242	4308
8662	17656
8316	17310
4300	13294
7136	16130
22267	9440
3840	12834
7030	16024
20631	8560
21044	6349
20602	5222
21303	16053
8319	17313
22201	19589
6571	1474
22021	8820
5753	14747
9536	18563
20847	5835
19863	3349
7544	16538
5927	145
2608	20634
9428	18422
20377	5301
20936	11485
6111	15105
4342	22422
21025	6291
9294	18288
7883	16877
21945	8643
3800	12794
7481	16475
4593	13587
7967	16961
4270	13264
3437	12431
6157	15151
9537	18566
21366	16939
3368	12362
20604	8228
21482	7426
2176	10147
20563	5106
22226	19611
21909	19220
2694	11200
7055	16049
20321	4513
21198	6749
21454	7380
8417	17411
6158	15152
7155	1601
2886	11626
4180	13174
6901	15895
2192	10181
21916	19237
7673	16667
20376	5290
20090	2306
20624	5277
6210	15204
1977	9760
2877	21760
3227	12221
7364	16358
21967	8695
21696	8000
3755	12749
185	636
2294	10401
5098	14092
8334	17328
9614	18706
2872	21740
6141	15135
468	1283
2809	11467
21357	16848
21662	7922
7783	16777
362	1047
3038	11923
4021	13015
20319	4508
4196	22409
5832	14826
3125	12118
6603	15597
6966	15960
19968	1887
20311	4511
6787	15781
22252	19648
21885	8451
20230	1453
6317	15311
9561	18616
21202	14931
21673	7941
2651	11123
9132	18126
19784	3136
8324	17318
21756	8145
4023	13017
9466	18460
459	1267
6972	15966
5151	14145
174	605
8478	1949
2182	10159
5858	14852
6816	15810
20613	8392
7917	16911
21796	8248
9570	18638
9475	18469
21925	8593
21504	7474
20332	4537
25	83
5135	14129
2171	10139
21263	6896
21822	8305
21351	16732
2522	10847
3908	12902
21328	7045
4486	13480
2416	19891
20593	8134
2434	10686
20004	3677
7117	16111
3524	12518
21559	18800
2915	11686
2076	9942
20453	6095
3103	12069
5787	14781
21146	14051
423	1186
6835	15829
5206	14200
6501	15495
21029	6307
20432	4752
2286	10386
8745	1741
2277	10370
4027	13021
2933	11715
6962	15956
22092	19447
2921	11695
9014	18008
20375	5285
8364	17358
19	61
20931	6060
3142	12136
6782	1523
9472	18466
21032	12707
2379	10566
2017	9839
22056	19396
21024	6290
7310	16304
20727	5539
21412	17487
20281	4416
21754	8142
323	948
5859	14853
4048	13042
7822	16816
19801	1682
4641	13635
7156	16150
21860	19160
22115	9065
20686	5433
20476	4861
428	1197
20983	6191
20261	4357
8548	17542
528	1427
7523	16517
21866	19168
20096	3889
5242	14236
438	1213
6612	15606
3369	12363
4903	13897
3260	12254
2303	10415
5904	14898
9527	18541
3357	12351
20289	1614
20456	4811
2360	10522
9459	18453
4770	13764
19963	1880
20145	4033
20021	3720
8535	17529
20852	10373
20177	4127
21060	6384
21589	7740
3352	12346
3915	12909
21609	7797
9496	18490
2351	10508
6441	15435
9117	22527
20404	5558
7562	16556
20617	8438
7275	16269
8986	17980
5310	14304
21644	18923
19956	3571
22096	9009
21931	19270
21232	6834
5767	14761
440	1218
20228	4284
20291	4438
19816	3239
3470	12464
19952	3562
20660	8948
7268	16262
20918	6032
524	1421
19951	1867
4907	13901
437	1211
19912	3454
20657	5358
9211	18205
8236	17230
22147	9159
22235	19624
20848	10302
5086	14080
19989	3642
21015	12451
7561	16555
7730	16724
4230	13224
21768	19034
21507	7482
21022	6283
3498	12492
3990	12984
20646	5328
2267	10352
518	1405
19934	1838
21850	8378
20826	10021
2520	10844
21448	7358
7649	16643
2399	10618
6651	15645
20398	5506
6941	15935
2702	11212
6185	15179
20480	6427
20879	10730
2918	11692
21981	8729
21109	13593
20082	2257
455	1256
2576	20508
3054	11965
8083	17077
2812	11472
21118	13694
5530	22545
3120	12112
4393	22425
8359	17353
21344	7099
7097	16091
22133	9121
20524	5001
20499	4918
20934	6069
21921	8584
2395	10602
1989	9785
21432	17794
2543	10898
5544	14538
8262	2686
5875	14869
2721	11252
4637	13631
21293	6963
20766	5624
21698	8013
20117	3949
20193	4178
19943	3540
2013	9833
7808	16802
21848	8373
9618	18712
7105	16099
2292	10393
152	538
21472	18222
22238	19626
6625	15619
5538	14532
4966	13960
4088	13082
454	1253
20513	4960
5964	14958
22030	8834
4575	13569
21239	15389
22207	19598
21219	6802
3443	12437
2659	11139
20337	4857
9510	1870
21005	6245
7283	16277
170	599
22131	9116
2232	19747
20	68
21478	18267
2167	10128
3	13
5527	14521
20191	3039
5265	14259
21761	8154
5485	14479
5298	22525
21555	18789
2348	10501
3489	12483
2540	20372
20479	4866
9560	18614
461	1269
408	1160
3029	11909
7762	16756
7601	16595
21262	6892
2091	9979
21578	18833
7979	16973
9271	18265
7098	16092
9071	18065
3594	12588
8891	2744
2948	11749
19879	1770
20829	10076
21181	6684
8240	17234
4643	13637
7564	16558
8707	17701
9437	18431
6922	15916
20986	6199
21227	6821
22287	19693
21932	8613
22019	19363
2400	10620
7737	16731
5775	14769
5592	14586
20875	10675
20535	7320
20184	2990
7545	16539
8907	17901
164	589
3036	22299
7841	16835
20222	4524
20726	9631
21341	16576
6493	15487
21812	19099
3749	12743
20501	6719
20817	5762
9141	18135
21675	18940
20845	10267
21658	18931
2645	11114
6648	15642
3153	12147
444	1227
8498	276
8232	17226
21435	7332
5557	14551
3106	22313
7578	16572
2	12
20334	4802
22268	19668
6036	15030
19961	3580
3421	12415
20109	3921
20580	7877
2561	10928
20823	10001
4900	13894
3269	12263
21185	14654
2475	10759
8265	17259
2715	11241
19811	3229
41	120
22141	9146
4842	13836
6217	15211
21681	7968
22160	19541
3072	11994
3805	12799
21481	18282
2318	10446
21984	19335
7761	16755
2066	9924
458	1265
20522	4997
2217	10241
20896	10972
20885	10816
2843	21610
2276	10369
19990	1914
19931	1834
21205	6767
5671	14665
20085	3864
5603	14597
2435	10687
9282	18276
20122	3970
21639	7884
19876	3380
2556	10920
21424	17668
8576	17570
5171	14165
21711	18980
2798	21439
499	1360
4884	13878
7052	16046
4822	13816
21973	19317
446	1234
7792	16786
404	1149
22179	9217
2153	10100
20143	4028
319	941
21672	7940
8193	17187
2302	19762
7198	16192
3584	12578
20231	1458
6984	15978
2133	10057
7869	1905
7770	16764
451	1245
19908	3448
22196	9264
6581	1476
216	716
6123	15117
7818	16812
20510	6830
9504	18498
7548	16542
21874	8424
6944	15938
20013	3699
21624	7855
9203	18197
7514	16508
9185	18179
8663	17657
19925	3497
21510	7496
2525	10852
21852	8381
9607	18697
22208	9295
2969	11790
20042	2047
6565	15559
5266	14260
2883	11609
6104	15098
4594	13588
4585	13579
22175	9208
21543	18774
4979	13973
417	1178
20537	7344
4337	22421
21123	6525
9147	18226
2140	10077
20306	4474
3053	11963
21056	6375
379	1081
7324	16318
346	1008
20911	11153
22144	19526
4168	13162
7301	1630
9481	18475
5720	14714
20656	5352
19996	3657
20419	4725
9579	18921
20723	5525
422	1184
22151	19531
9580	18657
20926	11364
6252	15246
2255	10329
19938	3520
22085	8981
9037	18031
2751	11315
21950	8654
2934	11718
2729	11272
8574	1503
21942	8638
3966	12960
4024	13018
21208	15007
4665	13659
7617	16611
7873	16867
2695	11203
2109	10010
2230	10258
248	786
2992	11848
20003	1932
2289	10389
2980	11824
2193	19737
4947	13941
21487	7439
22111	9044
2724	21104
19798	3187
4315	13309
19887	3415
2281	10381
8351	17345
2953	11756
2177	10148
21086	13331
7999	16993
20493	6609
8532	17526
21605	18872
8644	1576
20466	6251
2486	10778
2136	10069
22162	19543
20841	10232
4464	13458
21092	13402
22018	8816
5522	14516
6382	15376
2509	10829
21041	6339
8967	17961
7501	16495
3996	12990
21267	15691
3097	12057
2635	11089
21648	7903
8739	17733
6170	15164
19845	3314
5012	14006
3052	11960
2922	11697
3590	12584
2012	9831
21531	7573
7963	16957
8435	17429
1986	9772
21679	18951
21963	19302
418	1179
21497	18473
21501	7471
8784	17778
20436	5874
2038	9876
4695	13689
21367	7159
7500	16494
9534	18561
21817	19106
20277	1568
22236	9354
20329	4532
4564	13558
6579	15573
19994	1918
20426	4740
7759	1844
9518	18528
5682	14676
4211	13205
21560	7653
21132	13870
301	896
4878	13872
2978	11815
20685	5429
20151	4052
3084	12024
21744	19015
8186	17180
21715	8053
21040	12803
2956	11760
3806	12800
21214	15092
20139	4018
3553	12547
3778	12772
8159	17153
20512	4957
4141	22404
20154	4057
20008	3683
2015	9836
8138	17132
22205	9289
19942	3538
2633	11083
20626	8501
7889	16883
6052	15046
6203	15197
20919	6034
21010	12406
2870	11577
21775	8182
3838	12832
6420	1439
5512	14506
7064	16058
22073	19418
22066	8924
7554	16548
3650	12644
3018	11895
20116	3947
21082	6436
7356	16350
6233	15227
19928	3500
20638	8656
5466	14460
21795	8241
21212	15072
5725	14719
4980	13974
4322	13316
3350	12344
388	1101
21180	6683
5397	14391
20181	4138
20871	10629
21296	15983
21818	19107
2762	11338
21313	16199
3188	12182
456	1258
8300	17294
237	761
3791	12785
3468	12462
4453	22432
2409	10637
434	1207
20260	4356
20175	4125
5422	14416
19859	3342
8706	17700
1979	9762
21995	8766
21467	7404
283	864
372	1066
6143	442
8794	17788
2495	10799
173	603
4758	13752
8777	17771
21277	6931
4391	13385
22094	19451
8368	17362
9373	18367
20469	4846
3986	12980
22136	19513
21564	18810
5797	14791
2563	10930
327	956
5941	14935
20325	4681
21884	19186
8074	17068
8934	17928
2658	11136
3771	12765
2438	10694
20364	4619
21376	17115
22213	9310
7276	16270
2452	10723
3968	12962
20667	5378
21250	15485
348	1011
6580	15574
21089	6451
7958	16952
181	621
503	1370
486	1334
21491	18403
22178	9216
2935	11719
20257	4352
4803	13797
2917	11690
20114	2489
9220	18214
4526	13520
21668	7935
2024	9849
8957	17951
4940	13934
7390	16384
4874	13868
19808	1692
425	1190
9343	18337
3518	12512
21926	19262
6292	15286
3789	12783
21979	8725
19792	3171
6227	15221
21179	14544
4495	13489
20323	4661
7154	16148
2406	10630
3391	12385
19883	3401
21883	8447
4922	13916
6725	15719
19877	3382
20920	6035
2366	10535
21671	7939
4277	13271
21337	7076
6649	15643
3548	12542
6163	15157
2317	10444
21178	14539
6244	2222
6226	15220
5777	14771
2895	11640
20094	2338
5121	14115
5043	14037
7722	16716
8604	1533
20421	4727
8542	17536
2794	11411
22229	19614
21242	15414
5621	14615
20103	3902
19886	1782
4294	13288
21068	6406
22155	9168
22154	9166
6638	15632
20679	9180
7072	16066
2668	11156
517	1403
21930	19268
7683	1803
2422	10658
21389	7218
5227	14221
19821	3249
7627	16621
215	715
8721	17715
20223	4648
2382	10572
21343	16622
2093	9988
487	1336
22008	8792
19970	3598
5408	14402
3007	11876
20596	8153
2115	10028
20067	3826
2427	10671
21695	18967
20907	6000
6428	15422
2669	11159
189	646
21192	14805
3049	11955
20397	5502
6785	15779
2867	11564
4037	13031
7657	16651
7070	16064
7602	16596
433	1206
3645	12639
20836	5805
7193	16187
6269	15263
8813	17807
490	1341
3757	12751
4246	13240
20025	1957
20747	5590
494	1347
20056	2152
20047	2097
9029	18023
21720	18986
20612	8352
4329	13323
20690	9305
3477	12471
3366	12360
4043	13037
2821	21553
21828	8323
20380	4647
21556	7630
5209	14203
21492	18423
20212	4243
4287	13281
20559	7589
20029	3737
2928	11709
3671	12665
2106	10007
3163	12157
21099	6468
8171	2451
401	1141
3758	12752
6635	15629
8343	17337
20609	5234
20519	4985
2227	10254
5967	147
6362	15356
2149	10090
20953	11671
8665	17659
2264	10347
6594	15588
4707	13701
20950	6101
449	1238
2074	9938
7660	16654
2290	10391
4599	22448
2756	11327
2652	11126
20195	3067
5202	14196
9089	18083
5139	14133
9162	18876
2839	11516
20816	9900
9513	18514
20388	5412
20387	5401
3632	12626
19992	1917
20543	7398
20201	4199
20516	4974
6272	15266
22261	19653
4397	13391
20274	4385
21	72
7469	16463
2505	10821
21922	19256
20188	3017
6843	15837
8699	1637
20443	4779
5314	14308
4209	13203
6254	15248
9187	18181
21512	18725
397	1133
21223	6814
21334	16506
2637	11093
21708	8035
20993	12194
2103	9999
2337	10481
9602	18691
21112	13643
3063	11980
21717	8059
4683	13677
8674	1609
2214	10237
4466	13460
7292	16286
4282	13276
20772	5634
22258	9418
4629	13623
9068	18062
9603	18692
7018	16012
3512	22360
21857	19154
2362	10528
3911	12905
26	84
20737	9648
20153	4056
4354	13348
2457	10729
21612	7812
22107	19464
19995	1919
2151	10094
8774	17768
5316	14310
21190	14760
20365	4621
6011	15005
21309	7002
48	136
2849	11528
2586	10973
8878	17872
1974	9754
3843	12837
20924	11314
3912	12906
2049	9896
6985	15979
6483	15477
20390	5446
20743	9653
9381	18375
6751	15745
3616	12610
8244	17238
2549	10907
4625	13619
7085	16079
7832	16826
9082	18076
8437	17431
4480	13474
21561	18806
6088	322
168	596
21615	18889
9370	18364
20997	12260
8697	17691
22054	19395
21986	8750
5695	14689
19927	3499
5962	14956
21536	18761
21728	18992
2070	19710
20219	4256
8789	17783
3411	12405
2428	10672
21634	7874
20515	6961
7744	16738
20716	9599
20299	4458
20032	1978
20409	5593
3533	12527
2196	10187
5486	14480
2001	9810
3945	22387
4705	22460
4906	13900
8007	17001
20441	4773
20839	10207
8736	17730
482	1326
22031	8838
5356	14350
8693	17687
8293	17287
475	1313
21374	7186
4673	13667
3020	22296
2570	10941
2454	20050
7886	16880
19797	3180
9499	1676
9571	18639
21441	7348
371	1065
9566	18863
21965	19304
9558	18607
2339	10486
9079	18073
5830	14824
4223	13217
20020	1952
8115	17109
7259	16253
21631	18909
8298	17292
8700	17694
20063	3821
8469	17463
20681	5418
7831	16825
7961	16955
2285	10385
20187	3011
9163	18157
8587	17581
8618	17612
2183	10163
8087	17081
8761	17755
5703	14697
19881	1776
21975	8718
20812	9835
5919	14913
20459	6181
2819	11483
20649	8773
2369	10546
20806	5730
21703	8027
281	862
21980	19326
21558	18798
8247	17241
7975	16969
279	860
20433	4753
3654	12648
20632	8565
20735	9643
19813	3234
19786	3141
4897	13891
21868	19170
3070	11991
8692	17686
5528	14522
6083	15077
2993	11849
21846	8358
22009	8793
20765	5623
20099	3896
5223	22518
7043	16037
4484	13478
256	808
8403	3013
19914	1810
3237	12231
20751	5598
20589	5189
4623	13617
6839	15833
19810	1695
9268	19875
20945	11585
2092	9987
22033	8842
4544	22443
20328	4732
4860	13854
2840	11517
21582	7710
2181	10158
19892	3424
21355	7134
7697	16691
4962	13956
6040	15034
19900	3436
4646	13640
21777	19048
4403	22426
21218	15137
2981	11826
19971	1890
249	789
7937	16931
20166	4095
7123	16117
2781	11386
21231	6833
7013	16007
20298	4457
21391	7220
2742	11296
19860	3343
183	632
6048	230
3037	11920
21915	19232
21635	18911
6935	15929
2714	11240
20517	4975
198	670
21298	6971
7563	16557
2757	21234
269	837
3003	11866
20023	1954
2501	10812
4672	13666
20497	6654
4774	13768
2349	10505
2670	11160
20400	4687
4791	13785
6363	15357
20370	4634
20648	5331
21670	18935
20577	5152
8651	17645
21147	6586
4481	13475
21789	8221
6532	15526
21113	6505
4147	13141
2968	11789
2236	10280
21997	19341
2617	11034
4819	13813
2130	10050
21353	7131
370	1063
19856	3335
19794	3176
21978	19321
5977	14971
3861	12855
20115	2491
2972	11796
21707	8034
21652	18927
20990	12169
6900	15894
8457	17451
8930	17924
32	101
2830	11499
6419	15413
3417	22351
4560	13554
2484	10773
20694	5456
21905	19211
3888	12882
21215	15102
5990	14984
8395	17389
2533	10870
3857	12851
22075	8956
20957	11751
21665	18933
6093	330
3085	12028
1967	9742
21749	8129
21682	18955
20423	5748
507	1377
22065	8921
9613	18705
5413	14407
4734	13728
20121	2544
8393	17387
5041	14035
8261	17255
3719	12713
9046	18040
4626	13620
7789	16783
6494	15488
21321	7027
3473	12467
21186	6706
6066	15060
374	1068
2377	10563
7141	16135
2429	10673
5824	14818
22113	9059
2638	11094
7463	16457
22032	8840
20985	12084
6142	15136
3835	12829
7860	16854
1991	9788
6094	15088
5291	14285
19807	1689
5746	22565
2785	11396
2462	10739
1980	9763
2079	19713
20265	1539
502	1367
6242	15236
2099	9995
20784	5664
2747	11304
4598	13592
3273	12267
2940	11734
2291	10392
4099	13093
7093	16087
21176	6669
3637	12631
21416	7280
4360	13354
20354	4590
21629	7861
21592	7747
21251	6874
2799	11430
6342	15336
21858	19155
20164	4090
219	720
21276	6929
3792	12786
399	1137
9148	18142
6730	15724
268	836
20100	3897
21534	7580
8203	17197
3914	12908
8876	17870
20944	11580
5737	14731
20876	5916
22220	19609
21474	7416
2530	10865
9035	18029
21053	12959
369	1059
21830	8328
4274	13268
21308	16129
7945	1944
8377	2955
21520	18747
21469	7409
4808	13802
6969	15963
21359	7142
19830	3284
20523	7086
20894	5966
254	806
20336	4554
6491	1456
9263	18257
2603	11014
19896	3431
2371	10550
7582	1752
21316	7017
4435	13429
7079	1583
3547	12541
3549	12543
3430	12424
8527	17521
20964	11827
21054	12964
20009	3687
7335	16329
20333	4541
2571	10943
6518	15512
3839	22382
21977	19320
20576	7846
2601	11011
21780	8197
22017	8815
4091	22400
3937	12931
8164	17158
20815	9895
384	1096
8723	17717
2417	10651
20888	10861
5006	14000
8669	1605
9441	18435
21143	14036
2554	10917
2740	11291
22189	9240
20739	9650
8608	17602
2343	10495
19930	1833
21611	18885
21535	7581
4156	13150
2841	11518
6336	15330
4164	13158
3859	12853
20356	5114
20859	5873
4852	13846
3393	12387
2187	10172
2127	10046
4515	13509
9308	18302
3738	12732
8780	1828
21378	17125
21036	6327
21584	7714
7850	16844
9359	18353
8557	17551
4901	13895
20645	5320
2022	9846
186	638
20525	5002
3756	12750
3170	12164
8155	17149
21889	8463
4912	13906
20710	5510
3858	12852
2769	11355
2709	11229
8580	17574
2253	10322
20118	2516
8918	17912
6712	15706
5565	22551
47	133
5616	14610
22052	19392
2772	11361
3985	12979
22222	9322
9361	18355
4697	13691
20676	5410
4784	13778
3080	12016
2745	11299
2582	10968
9530	18549
19812	1696
21554	18788
2892	11634
5549	14543
21991	8760
20246	1495
3043	11942
2322	10451
20603	8220
6989	1560
22079	19428
2389	10588
3987	12981
2962	22116
3019	11896
21952	19282
2461	10738
2275	10368
20273	4384
9543	18578
5615	22554
7172	16166
8089	17083
2403	10623
21957	19297
2951	11752
21753	8140
8900	17894
19899	1797
7666	16660
22060	19401
22146	9157
21643	7894
19822	1709
19967	1885
4994	13988
4818	13812
9616	18708
20734	5556
9578	18651
20572	7750
5325	14319
2425	10669
21956	19295
20771	9683
3112	12097
2784	11393
2498	20205
20446	6009
9419	22540
6710	15704
22053	19393
8681	17675
7746	16740
7235	16229
7143	16137
21619	18897
6148	15142
21661	7921
20905	5996
21870	19172
8292	2759
8791	17785
20012	1939
3956	12950
9088	18082
3578	12572
9193	18187
28	96
20854	10383
2077	9943
3035	11916
8598	17592
20303	1649
20251	1508
6454	15448
20518	4981
21335	7073
2242	10301
20912	6013
21065	13120
22137	9134
21091	6453
19865	3353
2326	10461
22251	19647
20267	4372
21255	6881
3526	12520
504	1371
2455	10726
2256	10330
21732	18997
20086	2280
22074	19422
21320	7025
20887	5943
2973	11799
6868	1537
6192	15186
20966	6149
21370	7178
3639	12633
3334	12328
2229	19746
6855	15849
8909	17903
19940	3525
2997	11856
7594	16588
5154	14148
2051	9902
278	858
2835	11507
2328	10466
3326	22340
9586	18666
2722	11254
7340	16334
5576	14570
3413	12407
4299	13293
21034	6322
2481	10770
3709	12703
4309	13303
21437	17829
9274	18268
20351	5013
21617	18892
5351	14345
8480	17474
288	871
20742	5574
20659	5367
20991	12174
2068	9926
20786	5670
20970	11917
9476	18470
20055	2148
5913	14907
5169	14163
4631	13625
2448	10717
20707	9559
21929	8607
2441	10704
21175	6666
8843	17837
8239	17233
2421	10657
3060	11974
20465	4830
7060	16054
21111	6499
4407	13401
19969	1888
4471	13465
21776	19047
2020	9844
21640	7885
9611	18703
20616	8416
19910	3451
20955	6120
19848	1742
2126	10044
3118	12110
7513	16507
21595	18856
21365	16934
21189	14755
20137	4013
4306	13300
2987	22248
21583	7711
9051	18045
2159	10108
21167	6636
20711	5511
8116	17110
22182	9222
22037	8852
22132	19508
8709	1650
3046	11950
453	1252
20158	4072
7244	16238
8836	17830
19972	3604
8167	17161
4303	13297
7606	16600
3410	12404
9429	22559
2664	11147
9292	18286
1970	9749
8295	17289
21779	19052
21436	7333
2581	10965
3104	12070
20489	6548
349	1016
19851	1743
3585	12579
3194	12188
6521	15515
5885	14879
19983	3631
5838	14832
21651	7909
22062	19403
364	1049
7530	16524
20379	5315
8727	17721
21891	8467
7249	16243
21901	8492
7820	16814
21886	8453
21014	6265
6597	15591
3528	12522
6606	15600
9574	18898
21538	18767
22216	9314
7650	16644
20045	3783
4321	13315
20732	5552
4835	13829
5846	14840
2157	10106
22181	19565
2186	10171
6484	15478
9442	18436
6367	15361
21990	8759
21392	17266
2312	10434
7034	1571
8989	17983
9142	18136
357	1035
21235	15339
21726	8076
8022	17016
4022	13016
2166	10127
2213	10236
22234	9347
21194	6739
2476	10764
22157	19537
7658	16652
2063	19708
22040	8858
8980	17974
7234	16228
9149	18143
20478	4864
22174	19558
2100	19720
9073	18067
2680	11175
21061	6387
21000	6234
435	1208
22011	19356
368	1058
9575	18648
4126	22403
2223	19744
21394	7228
22219	19608
2087	19716
46	131
5605	22553
20130	3995
5908	14902
21784	19054
21408	7257
7878	16872
4998	13992
20636	8616
20780	9695
5679	14673
20197	4187
7001	15995
3848	12842
20834	5802
21105	13543
6826	15820
20371	4635
21387	7216
19941	1852
7187	16181
22203	19594
7077	16071
21765	8162
6206	15200
20809	9794
2057	9912
22284	19690
9524	18536
21187	14700
203	683
20671	5388
4679	22457
21606	18874
20088	3867
1982	9767
21048	6360
20788	9702
2626	11070
20902	5989
19850	3323
6455	1446
20863	10529
378	1079
7038	16032
20753	9663
5694	14688
8331	17325
20808	5736
20282	4423
305	900
2970	11794
2991	11847
21429	17744
6559	15553
2203	10203
20807	9764
4319	13313
3923	12917
3026	11904
3655	12649
7695	16689
9351	18345
20192	4174
20844	10262
2210	10231
8204	17198
6842	15836
21859	19159
21418	17578
23	78
5493	14487
20503	4930
7993	16987
22273	9457
224	727
8299	17293
20642	8687
3408	12402
238	762
7864	16858
22102	19455
2231	10259
4652	13646
6789	15783
20725	9630
9445	18439
2703	11214
21345	7102
9421	18415
21525	18752
21144	14041
5003	13997
3479	12473
8092	17086
21248	6865
176	608
7029	16023
21581	18834
20389	4669
20755	5604
6743	15737
20424	5759
9567	18630
22163	9183
20135	2636
2688	11186
20046	3786
2201	10200
6155	15149
298	888
7015	16009
2353	10512
3248	12242
20293	1626
4549	22444
7781	16775
8508	1641
20752	5599
22195	9255
20566	5116
19915	3465
4224	13218
3971	12965
22288	19694
22176	19560
4221	13215
8233	17227
20147	2713
2059	9914
2708	11225
3290	12284
2864	11561
6608	15602
20084	3860
7652	16646
5411	14405
8476	17470
21998	19344
8103	17097
3810	12804
9143	18137
8603	17597
2565	10932
8525	17519
3021	11898
3271	22332
5765	14759
3566	12560
6837	15831
20005	3678
20868	5901
5548	14542
20558	7586
20758	9669
2249	10312
2699	11209
21723	8069
21346	7108
19999	1928
20872	5905
3640	12634
19809	3223
8455	17449
5295	14289
20211	4242
21052	12954
7503	16497
3047	11952
7773	16767
6779	15773
20622	5273
8594	1524
4615	13609
4134	13128
6721	15715
20877	5917
21258	15565
21396	7232
464	1276
20342	4569
182	624
21199	6750
4518	22440
21793	8235
9528	18545
20295	4452
4473	13467
9340	18334
3086	12029
8183	17177
20407	5573
2006	9821
20914	6022
21767	19033
20551	5084
7689	16683
9130	18124
2482	10771
21243	6857
21693	18966
7326	1638
6409	15403
19826	1715
9339	18333
20427	4743
3199	12193
2649	11121
20553	7529
21587	7729
21073	13221
8888	17882
20693	5453
5956	14950
376	1077
35	107
20862	10509
426	1195
21406	7255
22142	19522
20899	11017
2433	10684
2367	10540
5053	14047
2720	11249
350	1018
2787	11401
4148	13142
6308	15302
2718	11247
5057	22495
21124	13759
509	1380
20160	4076
20221	4263
20651	5340
2754	11323
2717	11246
2691	11195
4690	13684
21992	19338
21762	8156
20842	5827
19919	1813
20359	4609
7952	16946
22148	19529
22283	19686
3663	12657
3031	11911
4793	13787
20142	2693
7120	16114
3008	11879
21286	6946
1962	9725
21137	13925
8790	1857
21339	7081
9278	20383
19901	1798
389	1104
20637	5303
5560	14554
21007	12390
6389	15383
3673	22372
21071	6414
3006	11875
5635	14629
6829	15823
2966	11784
20393	5481
2945	11741
2467	10746
5771	22570
21314	16219
20169	4110
3808	12802
2485	10777
4539	22442
4738	13732
5020	14014
20619	5269
21128	6536
8063	17057
21791	19068
21305	16088
5869	14863
20027	1959
4711	13705
20923	6039
19819	3245
210	704
8860	2357
4214	13208
21046	6358
6502	15496
2089	9976
6124	15118
43	124
19817	3240
7094	1588
6513	15507
20590	5197
21596	7757
20668	9013
8726	17720
2583	10969
21157	6607
3706	12700
20699	9473
1999	9808
6474	15468
20712	9591
21348	16707
21292	15953
9515	18519
20060	3815
7978	16972
8414	17408
2054	9909
7303	16297
7633	16627
8814	17808
20226	4276
20217	4253
5738	14732
2607	11019
3341	22342
9487	18481
7243	16237
7274	16268
3953	12947
21012	6259
5685	14679
20774	5636
6765	15759
21078	13261
20874	5912
20300	1643
20051	3803
20526	7137
22156	19536
1988	9781
3999	12993
21499	18503
8550	17544
4208	13202
20678	9171
7349	16343
20720	5521
8338	17332
5489	14483
21304	16068
3620	12614
20018	1943
21256	15555
20350	5008
3606	12600
22101	9021
6591	15585
20824	5781
493	1346
3587	12581
6402	15396
9329	18323
4691	13685
21125	13789
4447	13441
21721	8065
3485	12479
9544	18731
21410	7265
20635	5299
2035	19702
6179	15173
7842	16836
20126	3979
3581	12575
7360	16354
2890	11630
20568	7696
2411	10644
8781	17775
21090	13387
355	1030
21375	7190
6442	15436
7605	16599
3296	12290
4987	13981
19950	1866
2963	11775
2527	20301
1998	9807
2513	10834
20155	4058
5931	14925
21372	17054
21402	17371
400	1140
20882	10765
3940	22386
9055	18049
4238	13232
6001	14995
5044	14038
19918	1812
20420	4726
2604	11015
21813	19101
22016	19362
8073	17067
159	578
6768	15762
20386	4662
21566	7672
20083	2262
495	1348
21733	18998
22278	9474
7214	16208
8382	17376
5300	14294
20684	5424
7778	16772
6445	15439
21654	18929
484	1330
21792	19072
9188	18182
20074	2220
19898	3433
2534	10871
6756	15750
21999	8776
20965	6147
7738	1832
6385	15379
2085	9963
20236	1469
20318	4581
21508	7492
4937	13931
8611	17605
7295	16289
2588	10979
7397	16391
5404	22537
180	618
261	815
20939	11510
9576	18649
3004	11868
6243	15237
20262	1535
21769	19035
3818	12812
2098	9993
19835	3299
2346	10498
20429	4745
154	551
21057	13009
2696	11205
7467	16461
21127	6535
21356	7135
6043	221
21131	6542
9311	18305
20573	5131
20910	6006
19867	1756
22272	9455
20297	4456
336	987
21976	19319
5105	14099
6079	15073
3076	12009
21385	17200
515	1398
2529	10864
21835	19126
8270	17264
467	1282
19878	1769
20092	3877
246	782
21434	7330
5253	22521
22086	8982
511	1385
354	1028
8743	17737
2725	11259
2419	10654
6678	15672
21659	7918
22223	9323
6795	15789
20157	2796
2175	10145
8668	17662
4170	13164
2391	10594
4268	13262
2511	10832
21486	7438
2188	10174
21888	19190
21577	7693
21456	18071
22237	19625
21327	7041
22090	8988
19806	3217
8850	2233
5109	14103
234	755
20256	4350
21399	7241
6390	15384
20141	2678
3636	12630
21301	16033
21110	13608
8832	17826
5620	22555
20746	5588
4324	13318
20132	4001
21188	6720
21249	15475
22001	19346
20235	4298
7758	16752
21220	15158
20798	5716
21264	6897
20186	4161
20492	6593
3837	12831
2086	9969
6074	15068
4291	13285
8559	17553
2008	9824
2418	10652
2643	11106
6426	15420
9052	18046
21354	7132
5792	14786
7647	16641
479	1319
21571	18825
22047	19383
22114	19476
19998	1922
20368	4630
20895	5971
21557	18796
21680	18953
6568	15562
20286	4429
9620	18717
21415	7278
2578	10959
7454	16448
6193	15187
21409	7261
22058	19398
6504	15498
20458	6156
3607	12601
20959	6134
5101	14095
20287	4430
21743	19014
6772	1520
20562	5103
2252	10321
4410	13404
20131	2623
7315	16309
19907	3445
3246	12240
2265	10348
9200	18194
5199	14193
3441	12435
8289	17283
8044	17038
2599	11009
21833	19124
7312	16306
9074	18068
20340	4565
6256	15250
22277	19681
20548	5078
21966	8694
5563	14557
7270	1625
20146	4034
5723	14717
4741	13735
22158	19538
21814	19103
212	707
3871	12865
21669	18934
20891	10901
21573	7685
3516	12510
20767	9681
4257	13251
478	1317
2510	10830
5233	14227
20846	5834
8388	17382
21752	19023
7716	16710
8922	17916
22128	9105
9550	18587
4123	13117
20270	1549
2912	11680
19805	3211
4172	13166
20857	10413
8360	17354
4754	13748
20341	4567
8994	17988
5668	14662
20439	4762
2313	10437
9461	18455
7638	1779
4910	13904
22281	9479
2575	10948
21450	7367
20129	2600
19839	1736
22044	8866
20238	4302
20722	5523
20618	8445
20585	5177
8659	17653
9449	18443
20335	4550
4618	13612
2121	10035
20312	4492
8541	17535
297	886
8256	17250
21083	13311
20663	8970
2712	11233
8897	17891
526	1423
529	1432
3785	12779
19843	3311
2723	11256
8339	17333
20053	2141
20849	5841
21009	12400
21847	19141
8192	17186
5191	14185
2309	10425
9380	18374
6740	15734
27	95
21802	19090
6424	15418
19880	3389
7938	16932
2541	10892
7046	16040
20731	5550
2114	10025
4433	13427
22202	19591
3023	11901
20564	7645
8990	17984
8363	17357
20374	5275
3339	12333
8458	17452
236	758
6516	15510
20820	9970
2010	9828
5238	14232
20988	12149
9239	18233
17	57
6676	15670
21569	7678
9036	18030
21455	7381
2111	10014
6167	15161
19829	1724
22036	19376
3819	22381
4642	13636
21731	18996
7028	16022
8206	2545
8530	17524
295	883
2648	11117
6582	15576
5470	14464
6309	15303
21757	8149
3016	11893
3119	12111
22172	19556
7165	16159
8068	17062
8768	17762
2916	11689
218	719
4891	13885
20098	3892
20233	1465
5080	14074
19988	1912
6863	15857
2595	20583
20827	10041
20259	1528
4218	13212
2272	10360
5077	22497
191	651
20232	1461
3464	12458
20245	1494
9072	9629
3794	12788
2325	10459
20569	7700
20984	12078
5476	14470
7840	16834
20579	7871
2423	10662
20039	2033
21026	12597
20395	5491
2663	11146
21825	19114
2083	9957
9133	18127
22263	9430
20450	4789
20974	6166
21160	6620
3050	11956
20893	10936
3974	12968
2447	10712
20856	10408
2212	10234
20449	4788
3752	12746
4400	13394
8507	17501
21563	18809
21101	6476
21043	6341
5820	14814
20036	2000
2320	19765
21001	12310
21875	8431
7407	16401
21216	15107
20831	10096
6828	15822
21390	17246
8715	17709
309	912
8642	17636
20621	5271
8493	2831
9275	18269
20030	3739
7012	16006
4520	13514
5659	14653
20575	5136
5137	14131
7989	16983
20762	9675
2832	11502
2734	11278
2145	10085
7596	16590
21790	19066
21539	7591
3216	12210
6144	15138
21066	13145
7623	1768
22165	19546
7944	16938
2589	10984
21597	18858
8505	17499
20932	11429
20837	10182
272	845
21039	12798
3002	11865
7022	16016
21238	6849
19824	3261
20412	5647
20149	4045
489	1339
7140	1598
7317	16311
5794	14788
4135	13129
9622	18721
4136	13130
470	1290
8185	17179
8314	17308
6058	15052
9175	18169
7304	16298
22266	9438
4117	13111
3272	12266
9366	18360
2025	9851
21222	6813
20119	3960
2478	10767
3717	12711
6605	15599
19888	3416
21069	6408
2887	11627
20304	1652
4977	13971
1969	9747
3143	12137
21782	8200
5939	14933
8384	17378
2657	11132
3313	12307
4297	13291
20761	9674
22253	9409
2786	11398
20654	5349
3092	12050
5740	14734
20010	3691
8744	17738
2469	10750
21632	7872
21206	14976
326	953
225	729
20582	5168
2341	10492
21892	19195
5092	22499
2431	10676
8187	17181
20502	4926
8526	17520
2874	21748
2062	9918
7211	16205
21919	8568
20178	2936
7374	16368
21913	8529
2904	11661
307	907
20930	11409
20199	4192
6856	15850
21133	13875
21177	6670
20269	4376
6316	15310
8769	17763
21413	17492
3943	12937
2250	19751
366	1051
21712	18981
20904	5992
3267	12261
21315	7016
2279	10375
8484	17478
2134	10060
20925	11344
4146	13140
21545	7608
2445	10710
5822	14816
19913	3456
21381	7201
21701	8019
2465	10743
22286	19692
8481	17475
20415	4720
21638	18917
2518	10840
3328	12322
21100	6475
7210	1611
9297	18291
20538	5050
20430	5828
7662	16656
6575	15569
312	919
6049	15043
20529	5015
8474	17468
6564	15558
21523	7556
8549	17543
8390	17384
5293	14287
21576	18828
9020	18014
2577	10955
21691	7986
521	1413
21184	6703
2168	10130
21927	19263
3527	12521
20781	9696
2493	10789
21382	17160
21602	7776
3300	12294
22007	19353
20909	6003
20792	9708
9444	18438
22027	8831
4829	13823
2463	10740
21803	8266
8539	17533
2284	10384
3121	12113
8908	17902
2842	11519
1973	9753
21964	8689
465	1277
2164	10121
3093	12052
19804	1685
9585	18665
9365	18359
19823	3257
21047	6359
20805	5729
20189	3027
6509	15503
6742	15736
22108	19465
20317	4499
282	863
8242	17236
9145	18139
21350	16727
2037	9873
20549	7499
3718	12712
22126	19499
2007	9822
415	1172
21171	14398
3743	12737
163	587
2878	11594
21849	8374
20813	9845
4184	13178
20655	8857
500	1361
402	1143
8174	17168
6152	15146
21869	19171
5704	14698
20487	6523
8082	17076
3193	12187
20402	5542
21490	7447
21735	19000
21362	7151
3059	11970
7771	16765
21959	19298
3449	12443
3935	12929
9090	18084
9508	18505
2239	10295
5419	14413
5626	14620
22106	19461
19975	3611
21197	6746
4699	13693
20285	1606
20687	9280
8470	17464
22276	9468
21719	8062
19861	3345
8227	17221
22291	19696
5284	14278
466	1278
21524	18750
3561	12555
20284	4425
6127	15121
21985	8748
2674	20915
21342	7090
20977	6172
4051	13045
20880	5928
21502	7472
20591	8105
7505	16499
2521	10846
8676	17670
3012	11888
21254	6879
22098	19453
20249	4333
19791	1660
1987	9779
20170	4115
2683	11181
7413	16407
165	590
21398	17351
6019	15013
222	723
2364	10533
2487	10781
9434	15
217	717
2822	11487
7223	16217
21165	14292
4444	13438
4832	13826
20361	5149
2737	11283
9327	18321
7636	16630
5807	14801
21641	7887
9102	22352
21718	8061
9402	18396
472	1303
7181	16175
6519	15513
21509	18624
3024	22297
21600	18868
2685	11183
2764	11341
9588	18668
3873	12867
6722	15716
20683	5423
20016	3704
20869	5902
21951	8655
21747	19018
3117	12109
4612	13606
382	1091
3000	11861
3394	12388
20789	9704
20969	11902
8538	1464
20713	9592
5572	14566
9229	18223
7000	15994
21933	8615
20540	7363
4368	13362
2949	11750
2215	10238
5231	14225
2036	9866
4009	13003
4382	13376
21660	7919
20091	3874
21449	17970
2296	10405
20106	3907
7067	16061
19977	1903
7600	16594
6188	15182
9066	18060
4886	13880
20313	4493
4978	13972
2014	9834
2420	10656
6841	15835
20557	5094
21444	17915
21077	13256
3078	12012
6539	15533
2142	10082
20978	6174
7329	16323
20601	5221
21944	8641
20369	4633
20445	5994
20007	3682
3570	12564
9460	18454
2310	10426
20623	8482
5757	14751
9283	20625
2826	11495
4070	13064
21420	7293
20488	4890
21764	19029
3033	11914
2323	10454
21411	7266
19837	1735
5684	14678
9158	18152
4258	13252
21879	19178
6862	15856
20124	3976
2219	10243
19987	3638
3419	12413
21724	18989
6680	15674
6942	15936
8349	17343
2361	10526
2460	10734
3666	12660
21920	8578
21787	8215
4093	13087
38	111
4436	13430
20366	4622
9269	18263
2560	10926
2218	10242
20721	9621
9498	18492
20486	6487
4799	13793
9405	18399
20417	4722
21445	7353
3741	12735
8841	17835
21210	15027
8485	17479
5707	14701
20024	3724
9492	18486
21788	19061
5632	14626
7451	16445
5519	14513
6323	15317
2738	11284
5341	14335
4970	13964
21119	13719
2138	10075
7240	1619
9505	18500
497	1356
4231	13225
5214	14208
20396	5496
21586	7723
4708	13702
20860	5876
21380	17140
22274	19679
20457	6150
2352	10510
2039	9879
20254	4343
20908	6002
5069	14063
471	1291
20662	5370
8489	17483
5677	14671
8081	17075
2200	10199
19920	3481
2515	10837
20641	5313
7897	16891
7379	16373
6355	1557
5879	14873
20324	4517
20666	8995
431	1200
4814	13808
21551	7619
8180	17174
21989	19337
2162	10113
6557	15551
33	102
2358	10520
3504	12498
9156	18150
20071	3830
21383	17165
21897	19203
21946	19280
227	735
20821	9991
2806	11457
8108	17102
21834	19125
3447	22354
21722	18987
2412	10646
21457	7385
5172	14166
2692	11196
2084	19714
2443	10708
2042	9887
20000	3668
2225	10250
20378	4644
21072	13211
20884	5936
20864	5888
21443	17910
6295	15289
22270	19672
6215	15209
22211	19603
9600	18687
4869	13863
365	1050
21278	6934
6099	15093
2453	10724
21570	7682
5611	14605
20532	5035
21736	19001
21873	8423
22138	9140
21506	7479
3728	12722
8844	17838
3386	22345
6276	15270
20900	5985
6131	15125
20234	4296
4561	13555
7484	16478
5323	14317
21603	7777
19795	1666
19858	3338
5065	14059
7434	16428
4639	22452
19993	3651
4965	13959
413	1168
19802	3203
3519	12513
3102	12067
20360	5144
2241	10300
21772	19038
9114	18108
20901	5986
21035	12748
5110	14104
20302	4463
3453	12447
21663	7923
20296	1635
20814	9870
20315	4563
5789	14783
20033	3747
20546	7449
8088	17082
7197	16191
20851	5852
21371	7180
19948	3550
22012	19357
8724	17718
21579	7701
19936	1839
8104	17098
5374	22533
4533	13527
3146	12140
4114	13108
7911	16905
3509	12503
3545	12539
2532	10869
7230	16224
22191	9249
19973	1895
20592	5205
206	694
21955	19286
20403	4693
8041	17035
6497	15491
6948	1550
7289	16283
21572	7684
5715	14709
3138	12132
2158	10107
20413	4716
9257	18251
3707	12701
21904	8499
2775	11370
39	117
20933	6064
20775	5638
4584	13578
245	781
5850	14844
8312	17306
5046	14040
20017	3705
5763	14757
3586	12580
20640	8667
20653	5348
7965	1956
8102	17096
30	99
20940	11545
20544	5063
2199	10193
21226	6819
2514	10836
4019	13013
20606	8253
3672	12666
22167	19549
8391	17385
21288	15882
20128	3984
3610	12604
8701	17695
21649	7904
21806	8277
22020	8819
20724	5526
20470	4847
6029	15023
3496	12490
20054	2146
321	946
2947	11744
2440	10698
8281	17275
21987	19336
3208	12202
20999	6232
21150	14116
21464	7399
259	813
6685	15679
3381	22344
2021	19700
6119	15113
20198	4191
2394	19789
8835	2044
2502	10814
9436	18430
7032	16026
20769	5629
9287	18281
22057	8903
20658	5361
3351	12345
5031	14025
204	684
162	585
2868	11568
20906	5997
2143	10083
2814	21533
21158	14197
20696	9416
2690	11192
20475	6392
2345	10497
9306	18300
4487	13481
20172	4121
20252	1511
2048	9893
4700	22459
9609	18701
21159	14207
20897	5973
9517	18522
8097	17091
20599	5216
2150	10093
8747	17741
8026	17020
7452	1686
2161	10112
2672	11162
6610	15604
9569	18637
4323	13317
20917	6031
480	1322
1993	9791
21608	7794
20382	4651
5589	14583
5368	14362
3667	12661
19902	3438
2783	11392
9266	18260
6115	15109
7951	16945
432	1204
20408	5587
2386	10582
8226	2597
20833	5800
21809	19097
20677	9164
7157	16151
3028	22298
22135	9128
3077	12010
8682	17676
2838	11514
21156	14161
21306	6990
9495	18489
8991	17985
20190	4171
8963	17957
7854	1900
7391	1655
7992	16986
441	1219
6968	15962
8583	17577
8952	17946
21971	19314
2823	11489
22227	9330
5487	14481
20076	3841
5407	14401
34	104
22034	8845
21163	6630
7465	16459
8124	17118
525	1422
2081	9951
2043	9888
7095	16089
6326	15320
20159	4075
5870	14864
5162	22506
20069	3828
21742	19011
21326	16335
20597	8175
21319	16264
9583	18661
22199	9273
5758	14752
19906	3444
8303	17297
4426	13420
0	5
7191	16185
3536	12530
21517	7535
5333	22530
6162	15156
7442	16436
19962	3583
2375	19779
21495	7459
2041	9885
2580	10963
20280	4413
20080	3851
9383	18377
5040	14034
2298	10407
2327	10465
3407	12401
21862	8405
5570	22552
3865	12859
21627	7858
21361	7149
2269	10357
6734	15728
4213	13207
21204	14961
21843	19137
19895	3428
20830	10091
7130	1596
20521	4991
5649	14643
22170	9197
22134	9124
20308	4488
7242	16236
2579	10962
21425	17678
20484	4873
6305	15299
20840	10227
20810	5739
21656	7915
22000	19345
21134	6552
2860	11556
21006	6250
2846	11525
19844	3312
5373	14367
20797	5713
20268	4373
2144	10084
4713	13707
21245	15449
6396	15390
343	1003
3646	12640
21902	8497
21684	18958
8751	17745
21228	6823
8439	17433
8969	17963
21871	8421
19945	3542
2913	11681
2101	9997
9040	18034
3750	12744
21653	18928
7735	16729
6413	15407
22254	9410
2700	11210
2655	11130
2705	11216
22185	9228
9002	17996
6063	262
21678	18948
21468	7405
8513	17507
8625	17619
20081	3854
19857	3336
7382	16376
2535	10873
516	1399
21816	8297
21705	8030
7448	16442
19935	3510
9349	18343
21751	19022
19980	3624
20363	4616
21544	18776
19814	1699
1997	9800
4094	13088
2195	10186
5855	14849
2458	20070
20748	9661
9382	18376
21300	16028
20794	5698
21704	8028
21953	8660
21182	6692
8269	17263
20586	5178
5385	14379
3079	12014
7174	16168
2711	11232
8904	17898
6639	15633
9557	18797
19965	1883
7023	16017
5518	14512
2900	11654
462	1270
2726	11260
19818	3242
9190	18184
7913	16907
20471	4849
5463	14457
3656	12650
8389	17383
6927	15921
20682	9221
5853	14847
4923	13917
197	669
3474	12468
20527	5010
9509	18507
9333	22333
2622	11054
7692	16686
19937	1843
8446	17440
8939	17933
20574	7775
20688	5435
21079	6431
20136	2641
19986	1908
9533	18558
2108	10009
21549	18783
6895	15889
5395	14389
20346	4578
8196	17190
337	989
20890	5955
21907	19216
3256	22329
22233	9346
8003	16997
2030	9859
3087	12035
2847	11526
20275	4386
20079	3847
21844	8353
6257	15251
2766	11346
5311	14305
8350	17344
6628	15622
40	118
5658	14652
2803	11444
4601	13595
2370	10548
22164	9184
213	708
8945	17939
8260	17254
21070	13170
5883	14877
5732	14726
3502	22358
527	1424
5389	14383
7906	16900
21621	7847
20418	4723
510	1381
21727	8079
5752	14746
3913	12907
20967	6151
5439	14433
21838	19130
6555	15549
7667	16661
3107	12080
6804	15798
20237	4301
21867	19169
9224	18218
22149	9161
21421	17623
243	774
22217	19607
2587	10976
22259	19652
274	847
4005	12999
6838	1529
7592	16586
8037	17031
2045	19704
513	1393
21055	12989
2942	22049
7347	16341
22204	9288
241	772
9350	18344
21275	6928
2365	19775
21209	6777
6533	15527
8778	17772
3258	12252
20028	3735
3111	12090
20444	4780
2519	10842
22247	9390
4327	13321
9446	18440
6496	1459
296	885
21829	19120
3045	11949
2779	11378
7422	16416
2293	10396
7691	16685
20828	5791
5768	14762
19976	1899
3090	12044
5783	14777
7408	16402
7801	16795
2750	11310
19803	1684
8433	17427
4292	13286
235	756
381	1087
2069	9929
21537	18765
22240	9376
22010	8802
6466	15460
22264	9432
8645	17639
3486	12480
7972	16966
9316	18310
21683	18957
4570	13564
22120	19491
342	1000
5569	14563
22212	9307
19939	3521
6338	15332
21352	16753
2552	10914
3994	12988
5773	14767
20506	6791
20533	5036
2404	10625
20614	8394
6411	15405
5513	14507
6205	15199
6781	15775
21297	6970
5302	14296
21882	19184
2499	10808
6457	15451
8372	2941
2169	10132
20861	10504
21900	8487
2243	19750
19917	1811
9597	18682
6023	15017
20514	6912
523	1419
20078	3844
20206	3123
20800	9719
21625	18903
252	794
21121	13744
2875	11586
4011	13005
21266	6906
8873	17867
6587	15581
21840	8344
3694	12688
7584	16578
4663	13657
7736	16730
3829	12823
20803	9724
21162	6627
411	1163
21911	19221
21797	8254
2056	9911
7354	16348
3450	12444
9532	18554
3619	12613
21379	7196
20461	6207
427	1196
20578	5153
6611	15605
7805	16799
7637	16631
2854	11536
20705	5498
6867	15861
9332	18326
20947	6097
4166	13160
4317	22420
6393	15387
7914	1933
22209	9303
4267	22416
5843	14837
9067	18061
21618	7835
21738	8100
29	97
3222	12216
2733	11277
6178	15172
4735	13729
20922	6038
21268	15696
3681	12675
333	983
6201	15195
6832	15826
209	702
184	635
19964	1882
4638	13632
6723	15717
155	552
16	49
22071	8943
22063	19405
4925	13919
5641	14635
8107	17101
2094	9989
3503	12497
5244	14238
8984	17978
3235	12229
304	899
7138	16132
6129	15123
4640	13634
21417	17568
21270	6915
22124	9097
21949	8652
21899	19205
303	898
22285	19691
4887	13881
20416	5693
9337	18331
275	851
223	725
21594	7754
20507	6794
8633	17627
21613	7813
3041	11931
20892	10921
6563	15557
6641	15635
3469	12463
2354	10513
20271	1552
21548	18782
3790	12784
5377	14371
7527	16521
22184	9226
7014	1566
2031	9860
335	985
22200	19587
21440	17874
2517	10839
4132	13126
20052	3804
3760	12754
20112	3941
20804	9729
20347	4579
380	1083
2297	10406
3796	12790
21002	12315
21130	6541
21763	8158
2598	11005
21785	19057
6877	15871
21960	8680
20068	3827
3148	12142
21864	8409
8137	17131
21423	17663
3110	12088
7971	16965
3658	22370
8877	17871
20878	10725
20253	1518
21496	18468
21442	7350
21876	8432
21098	13457
347	1009
22088	19439
21282	15852
3066	11985
9411	18405
201	674
353	1027
2189	10175
4245	13239
2776	11371
20156	4066
5058	14052
19831	3286
1965	9737
5995	14989
20994	6216
2938	11729
21259	15570
42	122
2760	11332
20555	7555
2504	20220
2129	10049
4395	13389
20208	391
21045	6353
8071	17065
20244	4314
8572	17566
2064	9921
3577	12571
5860	14854
21169	14373
4049	13043
2876	11587
2321	10450
21706	18977
21755	8143
299	891
2855	11537
9521	18532
21287	6947
3555	12549
3776	12770
4479	13473
3675	12669
8765	1790
21003	12320
5562	14556
271	843
21030	12662
19782	3129
21135	6554
9480	18474
22186	19569
8234	17228
211	706
21088	6447
21865	19167
2863	11560
21460	18111
9120	18114
3233	12227
2237	10283
4069	13063
3899	12893
5140	14134
7221	16215
2027	9855
22228	19613
2924	11704
21771	19037
19842	1738
445	1228
4943	13937
9522	18533
20795	9715
2424	10666
22055	8899
20550	5083
6846	15840
2815	11476
22173	9206
21515	7533
9601	18690
21084	6438
20838	5817
9246	18240
6173	15167
8810	17804
8191	2507
21233	15314
4576	13570
21798	19083
21961	19301
19984	1906
3114	12099
19834	3295
7628	1772
2605	11016
21620	7843
6047	15041
2355	10515
6462	15456
9617	18711
20504	6780
9595	18678
9189	18183
20672	9063
2884	21801
3883	12877
21827	19118
2566	10935
2194	10185
20440	4765
9108	18102
20554	7546
3279	12273
20120	3967
2023	9847
7551	16545
403	1147
21446	17935
9624	18727
19905	1802
5251	14245
1	8
20791	9706
3157	12151
19796	1668
2536	10876
4420	13414
20462	4825
506	1374
20065	3823
7346	16340
8472	17466
4040	22396
8400	17394
7111	16105
6219	15213
8803	17797
20035	1995
6613	15607
7663	16657
5126	14120
2488	10782
6811	15805
5842	266
21285	15867
294	880
7785	16779
21102	13512
193	656
7765	16759
202	677
7674	16668
20779	5656
9482	18476
1981	9766
21364	16924
21947	8648
6713	15707
3190	22325
21910	8519
8686	17680
2824	11493
21824	19113
20832	5799
6840	15834
4718	13712
21903	19208
192	652
19785	3137
22080	19431
20615	5260
6724	15718
20652	5343
19846	3315
20938	6078
21837	19129
21746	8117
421	1182
5821	14815
3615	12609
7010	16004
21924	19257
20718	9606
7195	16189
5743	14737
2374	10558
2732	11276
2271	10359
2564	20467
394	1122
20835	5804
22257	9415
2894	11639
21626	7857
7675	16669
4498	22438
22006	8788
19832	1728
6275	15269
457	1261
21877	8434
2040	9880
387	1099
21750	8130
21097	13442
6925	15919
6422	15416
5617	14611
2088	9971
6450	15444
2238	10294
21426	7306
2682	11180
8354	17348
9170	18164
21642	7888
3025	11903
2512	10833
522	1415
3232	12226
6938	1548
19815	1700
8631	17625
2859	21686
20162	4086
6653	15647
21183	6697
21972	8714
2910	11678
200	673
3205	12199
6368	15362
20552	5085
2763	11340
3178	12172
7583	16577
8865	17859
3113	12098
6726	15720
3930	12924
20639	8661
21284	15862
20717	9604
20243	4311
2594	10996
20140	2673
7020	16014
3414	12408
2765	11345
22029	19368
19825	3264
452	1249
19868	3358
3324	12318
20594	5207
8720	17714
2446	10711
21934	19273
5884	14878
21154	6601
20001	1929
3177	12171
3057	22303
20224	4266
2569	10940
6369	15363
21377	7194
21016	6268
20702	5495
7233	16227
19853	3329
6404	15398
21240	6851
21318	7021
21049	6361
21856	19153
2614	11031
7642	16636
21800	8257
20183	4152
3126	12119
1984	9769
21161	6621
19793	3175
4992	13986
21059	13034
22290	9497
21466	18171
3716	12710
21616	7826
21028	12612
21519	7550
5839	14833
21465	18156
7644	16638
8231	2611
20927	6053
8704	17698
1966	9738
19800	3196
21601	18869
21280	15842
410	1162
2170	10138
4092	13086
20455	4804
491	1342
2630	11079
4380	13374
2263	10346
8658	17652
3255	12249
22118	19484
21655	18930
20987	6200
21685	7976
21149	6590
4801	13795
6884	15878
3062	11976
19790	3167
21690	7984
21074	6423
367	1056
20850	10323
477	1316
21360	7145
4614	22450
7879	16873
8415	17409
21031	12667
460	1268
3152	12146
20258	1526
2666	20889
21246	15454
4721	13715
2330	10468
6824	15818
3030	11910
20165	2844
2914	11684
9050	18044
21451	17995
2490	10784
232	752
7720	16714
19897	1796
20793	9709
1992	9790
7943	16937
5414	22539
1990	9787
2002	9811
20331	4759
6325	15319
9001	2032
21141	6572
194	664
20104	3903
2295	10402
20339	4882
20764	9678
2837	11513
5815	14809
20883	5933
5274	14268
3145	12139
7557	16551
8090	17084
6366	15360
2125	10042
5241	14235
3601	12595
6953	15947
4003	12997
20173	2908
21193	6737
22256	9414
20472	4851
4241	13235
9484	1575
20689	5437
2426	10670
21820	19110
20989	6209
21994	19339
21918	19246
2278	10374
45	126
20675	5403
20102	3901
325	952
21485	18332
21958	8678
20757	5606
2523	10849
20127	3983
21527	7568
21804	19092
3482	12476
9553	18590
4450	13444
22117	9069
4828	13822
8516	17510
6986	15980
8367	2929
4217	22410
9284	18278
205	688
21217	15112
358	1040
338	996
2450	10721
9451	18445
21699	8016
19869	3360
4281	13275
8317	17311
20929	11404
284	865
20481	4868
2653	11128
7282	16276
5461	14455
2761	11333
5814	14808
5974	14968
5200	14194
21470	7411
9494	18488
20345	4574
2131	19726
7106	16100
19841	3306
20973	6164
20483	4870
21475	18242
21786	8211
7019	1567
21552	18784
2706	11217
8974	17968
7299	16293
20778	5650
7876	16870
7558	16552
6997	15991
414	1171
7724	16718
22271	9452
20138	4016
469	1286
19932	3505
3530	12524
2105	10006
20759	9670
2923	11701
21588	18848
21017	12466
21021	6279
6604	15598
20881	5929
20819	9965
6526	15520
2743	11297
4006	13000
3731	12725
2858	11554
3218	12212
20171	2896
22244	19638
2982	22232
3318	12312
2308	10423
2494	10797
20210	4235
8953	17947
5561	14555
2919	11693
2046	9891
4130	13124
8170	17164
9223	18217
20355	4596
3745	12739
7973	16967
19820	1704
22024	8827
6705	15699
21689	7982
8536	17530
20958	11772
20203	4202
2767	21283
2770	11356
2319	10447
21737	19002
22002	19347
2185	10170
7966	16960
2432	10678
20547	7458
4712	13706
21700	18971
21085	6440
22279	19683
2805	11453
5891	14885
9245	18239
3068	11988
5906	14900
20048	3793
19893	3425
7490	16484
20496	4909
9471	18465
20505	6786
156	555
22025	8828
21494	7455
4936	13930
20401	4689
5811	18
20468	6281
19949	1865
21529	7570
5890	14884
8861	17855
6289	2777
2179	10152
22064	19407
21122	6524
443	1226
5119	14113
22091	8992
20425	5778
8436	17430
6240	15234
9450	18444
6236	15230
20276	4392
7215	1612
4551	13545
2619	11045
4510	13504
22095	9007
22245	19639
5184	14178
20097	3891
5779	14773
21244	6859
20976	11968
6481	1452
20643	5318
20057	3809
2268	10355
7486	16480
8426	17420
8294	17288
2018	19699
21599	18867
20381	5326
20760	5614
20937	6075
2774	11369
2889	11629
5691	22561
3032	11912
2679	11174
393	1113
158	575
3959	12953
2528	10859
3303	12297
6549	15543
2163	10120
3459	12453
20692	9371
8085	17079
5954	14948
3885	12879
21414	7269
4100	13094
20049	2117
21758	8150
7477	16471
2555	10919
2206	19741
21323	16295
6081	15075
2612	11027
20263	4361
21794	19075
7203	16197
4313	13307
19862	3347
8954	17948
22188	19572
3169	12163
21890	8466
6020	15014
20373	5270
20627	5283
21289	15907
21676	18942
9538	18567
3275	12269
505	1373
7267	16261
2957	11765
20107	2401
9167	18161
21493	18428
2979	11819
3685	12679
3531	12525
429	1198
9516	18520
6996	15990
4522	13516
6378	15372
21063	13105
5934	14928
5854	14848
2602	11013
21476	7418
20972	11933
4271	13265
9594	18676
21710	8040
20802	9720
242	773
277	856
8325	17319
409	1161
2976	11811
22103	9027
21395	7231
19985	3634
3535	12529
7635	16629
5865	14859
22260	9420
9025	18019
5021	14015
220	721
22282	19685
20283	4424
8902	17896
5457	14451
22214	9312
3173	12167
21164	6631
2537	20352
21511	7504
2248	10311
8047	17041
3432	22353
5823	14817
21968	8696
20343	4933
5398	14392
9547	18741
7597	16591
2902	11659
7053	16047
253	796
22230	19616
383	1094
20110	3932
6298	15292
21004	12335
19921	1825
361	1043
21139	6566
177	611
2567	10937
20385	5391
1972	9752
3768	12762
6673	15667
9525	18539
20782	5660
3614	12608
2147	10087
19894	3426
20796	5710
7368	16362
21114	13658
4185	13179
19855	1746
21861	8399
20600	8205
377	1078
21823	8308
21087	6443
179	617
8189	17183
21541	18773
3733	12727
7116	16110
20776	9688
9584	18662
7679	16673
9619	18714
21759	8151
3051	11958
7614	16608
22083	8975
3288	12282
20460	6186
6790	15784
3124	12117
3856	12850
2818	11482
2707	11220
7891	16885
20981	12023
20700	9501
2960	11769
8979	17973
36	109
21081	6433
6950	15944
21773	8176
4065	13059
2500	20209
19978	3622
5005	13999
7585	16579
20454	6105
20703	9552
328	958
21422	7298
20741	9652
2442	10707
19924	1830
20995	6223
22168	19550
21585	18841
8737	17731
2646	11115
2055	9910
19946	1861
9572	18640
21140	6570
7308	16302
22015	19360
22104	19459
6793	15787
2620	11047
20152	4053
21783	8201
21369	17019
8173	17167
20002	1930
5249	14243
1960	9721
21419	7286
8540	17534
21988	8756
2538	10888
24	80
5011	22486
22061	19402
229	742
3197	12191
2701	11211
3946	12940
4748	13742
19959	3574
21677	18946
2245	10305
4706	13700
21514	7532
20148	4036
7836	16830
2299	10409
3472	22356
21023	6288
329	964
5607	14601
21126	13799
4366	13360
9582	18932
175	606
5090	14084
21237	6847
2082	9956
22159	19540
21393	17276
5280	14274
3058	11969
2624	11063
311	918
3005	11871
4071	13065
20670	9038
21810	8288
5346	14340
20730	9637
5372	14366
21893	8473
4044	13038
5467	14461
481	1324
2994	11851
7648	16642
6992	15986
9548	18585
5091	14085
2817	11479
5061	14055
9177	9502
3081	12017
8617	17611
264	829
7327	16321
4159	13153
20935	6073
5749	14743
2472	10756
21821	19111
21895	19199
8690	17684
22100	9018
6978	15972
22194	9254
21294	6964
257	810
20511	4950
20214	2661
4562	13556
4378	13372
21637	7880
21725	8075
5386	14380
8635	17629
5972	14966
4210	13204
19944	3541
3890	12884
20545	7443
4899	13893
6695	15689
2644	11108
2258	19754
21839	19131
20733	9638
420	1181
20886	5942
5459	22542
3969	12963
5048	14042
21302	16048
6975	15969
21405	17412
20227	4283
20006	1934
9198	18192
6208	15202
4338	13332
8371	17365
7321	1636
3109	12082
20975	6169
8222	17216
7665	16659
20216	4248
20799	5717
5982	148
20485	4876
9281	18275
9325	18319
20584	7974
3762	12756
21836	19127
20560	7595
5868	14862
21329	16405
7227	16221
20867	5900
6138	430
20072	2209
21336	7075
485	1331
7182	16176
448	1237
20202	4201
22275	9467
6882	15876
22242	9378
8805	1901
20105	3906
20541	7383
20611	8291
21453	18015
8290	17284
244	778
21076	6425
22180	19564
21058	13014
2385	10581
21324	16320
6469	15463
21260	6888
4408	22427
22250	9403
250	790
21170	14388
7780	16774
21142	6573
4523	22441
2676	11171
20307	4482
19828	1721
22068	19415
9507	1799
6195	15189
8993	17987
8118	17112
2689	11188
2677	11172
21851	8380
7302	16296
3895	12889
4252	22414
19833	1730
21067	6405
20405	5566
6920	15914
7622	16616
6126	15120
2244	10303
2332	10471
5786	14780
21325	16330
351	1023
21265	15666
7279	16273
3371	12365
7559	16553
231	746
6008	15002
8018	17012
20031	3742
3563	12557
2959	11768
5784	14778
4973	13967
172	601
5648	14642
8719	1672
20435	4756
21064	6398
21384	17185
9564	18625
2315	10442
4335	13329
21290	6957
8157	17151
150	534
8418	3056
5430	14424
9276	18270
20437	5880
314	921
9555	18597
21108	6488
4772	13766
9227	18221
2593	10995
6255	15249
4286	13280
290	873
5747	14741
21936	8622
2198	10191
287	870
9152	18740
4704	13698
21940	8632
2609	11024
4116	13110
19854	3332
9565	18626
20022	3722
21872	8422
9179	18173
8821	17815
20353	4588
20452	4798
21528	18759
9493	18487
20738	5568
8672	17666
21647	18925
2314	10440
8998	17992
9397	18391
22105	9034
8347	2882
5871	14865
2139	19729
20610	5235
6477	15471
4398	13392
7074	1582
7751	16745
8179	17173
4941	13935
20034	3748
21404	7250
6681	15675
21489	18373
20790	5681
5112	14106
195	665
21252	15525
21565	18815
20962	6139
21430	17754
21241	6852
9623	18722
4320	13314
5766	22569
20391	5452
2174	10144
7865	16859
3427	12421
3363	12357
5072	22496
7061	16055
21513	18737
7264	16258
5258	14252
20108	2405
4158	13152
5014	14008
9169	18163
21938	8630
2471	10754
3379	12373
4659	13653
2585	20536
8999	17993
2120	10034
22150	19530
4460	13454
19991	1916
22097	19452
169	597
2368	10541
251	791
2383	10574
2931	11713
7588	16582
22043	19382
21908	19219
20951	11641
21941	19277
8168	17162
3100	12063
9207	18201
3556	12550
2881	11606
5022	14016
6778	15772
8569	1499
2524	10850
8259	17253
21687	18960
315	928
3219	12213
8504	17498
2958	11766
8936	17930
2828	11497
2574	10947
5196	14190
6910	15904
6258	15252
2665	11152
2029	9858
7423	16417
7331	1639
2283	19758
20785	5669
8872	17866
22152	19532
270	838
4409	13403
2748	11306
9556	18598
20292	4442
5434	14428
9433	18427
8666	17660
21713	18982
20266	4370
5896	14890
2342	10493
21880	19179
20225	4272
21811	19098
5529	14523
4490	13484
6784	15778
20014	3700
5727	14721
21279	6939
412	1165
21447	7357
20669	5382
22139	19519
8301	17295
7661	16655
280	861
8500	17494
1968	9745
22076	19425
6331	15325
20058	2155
6655	15649
20587	5180
207	695
21505	7478
7489	16483
22059	8905
228	737
2477	10766
21948	8649
19872	3372
3301	12295
7960	16954
22161	9178
22171	9201
8479	17473
20073	2216
22013	19358
292	875
20608	5232
5861	14855
19884	1780
488	1337
20941	6087
7718	16712
5262	14256
5981	14975
21166	6633
4264	13258
20367	5201
4083	13077
2827	11496
9573	18642
5342	14336
20338	4879
2950	22077
6887	15881
7351	16345
20768	5628
3096	12056
21461	7393
21136	13905
9546	18583
20695	5460
2834	11505
6632	15626
4081	22399
20697	5462
20463	6228
5951	14945
21896	19201
514	1397
7462	16456
20644	5319
2060	9916
4905	13899
20447	4785
8772	17766
20019	1951
6977	15971
19849	3320
22110	9043
3537	12531
22169	19551
20473	4856
3710	12704
21271	6916
3982	12976
3744	22375
20818	9930
20650	5336
20113	3942
20176	2920
21257	15560
3633	22368
8407	17401
7537	1733
20314	4494
21774	19040
5115	14109
3071	11993
530	1433
4310	13304
5637	14631
2937	11727
21628	7859
9209	18203
20167	2861
3132	12126
3189	12183
9118	18112
7352	16346
20928	6054
21574	7687
4004	12998
9596	18680
7435	16429
8459	17453
20607	8258
6615	15609
9173	18167
2235	10273
21431	17759
9551	18588
21138	13945
2640	11098
2771	21307
4251	13245
8365	17359
9230	18224
21709	8036
19911	1807
21172	6657
20745	9658
9319	18313
2995	11854
5478	14472
2384	10577
4834	13828
9545	18581
3993	12987
21120	13734
2124	19725
4262	22415
3220	22328
196	666
4265	13259
20326	4528
22051	19391
22193	9253
2977	11813
20595	5208
19871	1761
4505	13499
3384	12378
226	733
2347	10500
239	763
8600	17594
9285	18279
22292	19697
21200	6752
3388	12382
20773	9684
2067	19709
2627	11073
2856	11538
5924	14918
6661	15655
8537	17531
9213	18207
9593	18675
21331	7063
5097	14091
9514	18517
9362	18356
188	645
20344	4572
4359	13353
21636	18914
2572	10945
3098	12059
3083	12021
20059	3812
171	600
22215	9313
21401	17366
5268	14262
22198	19584
247	785
5134	14128
20963	6140
21340	7084
21819	19109
22022	8824
22123	9096
2880	11602
463	1271
7450	16444
4823	13817
20680	5417
390	1109
2378	19780
7024	1569
2172	10142
2629	11075
3476	12470
6614	15608
5968	14962
306	901
2287	10387
2165	10123
2408	10636
5625	14619
21923	8590
7318	16312
258	812
20949	11616
21107	6485
19933	3506
21397	17341
8894	17888
2851	11532
21038	6332
8420	17414
4812	13806
4877	13871
5257	14251
7343	16337
6960	15954
6988	15982
7705	16699
20442	5975
19864	1753
21657	7916
21062	6391
22125	19498
20229	4285
21018	6271
2508	10828
22014	8807
8851	17845
2789	11403
22187	19570
20062	3820
20855	10403
3297	12291
6106	15100
8601	17595
21607	7791
300	895
20534	7313
20044	3780
2473	10757
5016	22487
3508	12502
21145	14046
8230	17224
9085	18079
7281	16275
2376	10562
2128	10047
5619	14613
7875	16869
20200	4195
20414	4719
20150	2752
160	581
2741	11295
3075	12007
9519	18530
21730	18995
21778	19049
6693	15687
4597	13591
19866	3356
21912	19225
2631	11080
20630	5289
267	832
4760	13754
4875	13869
5965	14959
3265	12259
8932	17926
8503	17497
21894	19198
6911	15905
3228	12222
21996	8767
21633	18910
5944	14938
20633	8570
21530	7572
20588	8023
21522	18749
21906	19212
4082	13076
21019	12501
22231	19619
20163	2833
8011	17005
3042	11935
3115	12102
22003	19349
4603	13597
5520	22544
2388	10585
2456	10727
20095	3887
4014	13008
20598	8178
22265	19661
4684	13678
3010	11883
4951	22481
20756	9666
20474	4858
3591	12585
5950	14944
21567	18819
3287	12281
9107	22395
20394	4680
7042	16036
21463	18146
21299	16018
9199	18193
19874	3377
5958	14952
21093	13412
5697	14691
8160	17154
2075	19712
5160	14154
8025	2095
3182	12176
7417	16411
21562	18808
406	1156
6264	2468
9231	18225
20903	5991
2825	11494
4653	13647
8342	2873
20961	11807
22140	19521
9549	18586
3073	11995
4288	13282
6187	15181
20061	2173
20490	4896
20921	6037
21310	7003
320	945
2573	20498
2205	10220
8396	17390
2790	11406
2871	11578
22038	8854
4154	13148
21983	8746
2807	11458
9563	18622
21020	12506
21403	7246
22241	9377
7512	1722
2954	11757
2662	11145
21333	16496
7925	1937
9101	18095
21050	12934
6410	15404
20255	4344
21542	7599
20729	5546
2753	11320
7521	16515
9057	22479
20996	12255
324	950
9503	18497
6891	15885
9286	18280
21129	6538
21155	6602
21935	8619
2755	11326
5279	14273
2028	9856
22035	8847
20673	9104
2780	11384
5645	14639
2112	10017
4225	13219
19788	3165
7760	16754
4483	22437
22004	8782
4183	13177
2480	10769
3009	11880
8112	17106
21498	7466
3926	12920
340	998
356	1032
2998	11859
3101	12066
20410	5627
21729	18993
4611	13605
5190	14184
405	1150
424	1188
4472	13466
7957	16951
9462	18456
21568	18820
8795	1874
7388	16382
6085	15079
19838	3302
2208	10224
3044	11945
2305	10419
21225	15228
21739	8101
2548	20411
8716	17710
20213	4244
20709	5505
7285	16279
2773	11363
3064	11981
4764	13758
6686	15680
8856	17850
9131	18125
20174	4124
20858	10463
21312	7009
5798	14792
439	1214
3662	12656
2616	11033
3665	12659
21230	15298
19981	3626
8095	17089
9210	18204
2387	10584
4279	13273
19904	3442
20992	6212
20665	5376
3711	12705
7493	16487
166	592
263	823
359	1041
419	1180
1994	9792
2550	10912
2675	11170
2788	11402
3155	22320
4751	13745
4850	13844
5760	14754
7225	1615
8806	17800
9352	18346
19885	3403
19974	3608
20241	1477
20698	5468
21484	7432
21630	7862
22093	9003
22192	9251
22269	19669
396	1132
22224	9324
8341	17335
20714	5514
21540	18770
7100	16094
286	869
474	1311
2885	21807
3014	11891
8219	17213
3168	12162
4406	13400
20740	5571
21427	17708
5108	14102
7699	16693
6924	15918
22206	19597
2304	19763
2802	11441
2984	11833
4194	13188
4500	13494
5060	14054
6465	15459
6470	15464
7372	16366
7603	16597
8825	17819
8893	17887
19923	3492
20218	4254
20330	4747
21095	6459
21152	6599
21207	6771
21532	7574
21623	7851
22072	8947
22218	9317
7956	16950
22048	8884
5472	14466
5038	14032
9577	18650
22119	19485
22145	9153
22078	19427
3149	12143
2800	11438
7870	16864
19960	3576
4932	13926
3788	12782
9605	18694
6229	15223
7994	16988
7036	16030
20719	9610
2497	10805
21974	19318
2808	11463
3552	12546
21191	14765
21799	19084
8283	17277
2625	11064
20946	11590
4605	13599
3210	22327
5365	14359
20248	4328
21273	15761
416	1173
5675	14669
21550	7618
6799	15793
19903	3440
178	614
291	874
317	937
476	1314
519	1409
2050	9897
2122	10038
2190	10176
2226	10253
2437	10690
2639	11095
2801	11440
2865	11562
2888	11628
2899	11651
2906	11668
2964	11778
3061	11975
3294	12288
3305	12299
3423	12417
3573	22363
3593	12587
3723	12717
3807	12801
4063	13057
4353	13347
4428	13422
4606	13600
4645	13639
4744	13738
5127	22503
5130	14124
5213	22516
5247	14241
5393	14387
5399	14393
5543	14537
5564	14558
5724	14718
5831	14825
6004	14998
6072	15066
6335	1451
6417	15411
6463	15457
6546	15540
6700	15694
6820	15814
6958	15952
6973	15967
7048	16042
7169	16163
7424	16418
7712	16706
7756	16750
7772	16766
7902	16896
7947	16941
8122	17116
8562	17556
8597	17591
8671	17665
8829	17823
8882	17876
8911	17905
9084	18078
9103	18097
9196	18190
9374	22418
9396	18390
9554	18769
20011	3693
20040	3763
20087	2288
20111	3936
20182	4142
20194	4181
20204	4207
20215	2728
20392	4675
20520	4986
20531	7262
20581	5158
20629	5288
20661	8955
20691	5450
20706	5500
20708	9562
20715	5515
20960	6136
21011	12411
21075	13246
21291	15932
21363	16919
21386	17225
21452	18000
21458	7386
21500	18508
21547	18781
21604	18870
21646	18924
21674	18938
21702	8020
21734	18999
21781	8199
21841	19134
21969	19310
22005	19350
22089	19440
22130	9110
22243	19637
2768	11351
21347	16702
9500	18494
5369	14363
2989	11843
20952	6110
22143	19525
4029	13023
21247	6864
2660	11141
4557	13551
2274	10366
2650	11122
5218	22517
21982	19332
233	754
2123	10039
3918	12912
8442	17436
20179	4133
21094	6458
21151	14121
21253	6878
21591	18852
21770	19036
22	75
2479	10768
2983	11831
3089	12037
4008	13002
4983	13977
5643	14637
6132	15126
7676	16670
8213	17207
9099	18093
9293	18287
9456	18450
20362	5159
21106	13548
21805	8276
3714	12708
4345	13339
6755	15749
8892	17886
19889	3418
21051	6364
2869	11569
3779	12773
20406	5567
4531	13525
31	100
151	535
187	644
214	710
392	1111
2334	10475
3015	22295
3825	12819
6237	15231
6576	1475
8032	17026
8914	17908
20322	4514
21013	6263
21096	6460
21195	6741
9031	1747
3557	12551
22112	19473
5494	14488
2397	10614
8679	1616
4144	13138
20701	9520
5948	14942
4552	13546
5923	14917
9111	18105
6616	15610
20873	10655
20316	4497
21937	19274
5937	146
21116	6510
1976	9758
20971	11928
260	814
265	830
285	867
308	909
313	920
316	932
331	981
360	1042
395	1125
450	1239
508	1379
1961	9722
2116	10029
2246	10309
2247	10310
2261	10343
2270	19755
2301	10412
2324	10456
2356	10516
2380	10567
2449	10719
2466	20101
2470	10753
2492	10788
2551	10913
2615	11032
2671	11161
2793	11410
2857	11541
2905	11667
2926	11707
3105	12077
3108	12081
3151	12145
3236	12230
3387	12381
3392	12386
3395	12389
3480	12474
3680	12674
3795	12789
3866	12860
4031	13025
4035	13029
4316	13310
4336	13330
4381	13375
4462	13456
4521	13515
4546	13540
4559	13553
4628	13622
4655	13649
4664	22456
4939	13933
4942	13936
5030	14024
5070	14064
5237	14231
5246	14240
5334	14328
5390	14384
5431	14425
5451	14445
5516	14510
5580	14574
5600	14594
5662	14656
5898	14892
5911	14905
5922	144
6033	199
6277	15271
6399	15393
6584	15578
6622	15616
6664	15658
6679	15673
6696	15690
6810	15804
6883	15877
6974	15968
7129	16123
7200	1608
7219	16213
7236	16230
7238	16232
7294	16288
7311	1633
7387	16381
7400	16394
7402	16396
7497	16491
7524	16518
7719	16713
7824	16818
7844	1894
8067	17061
8218	17212
8223	17217
8243	17237
8255	17249
8332	2853
8401	17395
8429	17423
8450	17444
8471	17465
8522	17516
8920	17914
8968	17962
8987	17981
9005	17999
9091	18085
9160	18154
9353	18347
9541	18575
9581	18658
9590	18670
9598	18684
9612	18704
19783	3133
19799	1678
19827	1716
19836	1734
19840	3304
19882	3396
19916	3467
19955	3568
19979	3623
19982	3629
19997	3660
20064	3822
20075	2224
20077	3842
20089	3868
20123	2562
20239	1473
20264	4364
20288	4431
20358	4608
20384	4658
20422	4729
20428	5808
20431	4750
20451	4796
20482	6437
20494	6617
20530	7207
20539	5051
20542	5059
20565	7651
20605	5229
20664	5375
20674	9109
20736	9647
20750	5597
20783	5663
20787	9701
20843	10247
20866	5897
20916	6030
20942	11555
20968	11892
20982	6183
21033	6320
21103	13517
21115	6507
21117	6512
21168	14368
21173	6660
21196	14846
21224	6817
21229	15268
21236	6845
21281	15847
21330	16451
21349	7113
21373	7183
21433	17799
21438	7342
21459	18101
21471	7412
21479	18272
21518	7542
21575	18826
21590	7742
21614	7817
21697	8009
21714	18984
21766	19032
21815	19105
21826	8318
21939	19275
21943	8640
21962	8685
21970	8705
22039	19378
22042	8863
22050	8890
22127	19501
22166	19548
22197	19580
22210	9304
22249	19643
310	914
3307	12301
21831	19122
20943	6089
5829	14823
21272	6917
