5	35935
12	35936
52	35937
55	35938
61	35939
63	35940
64	35941
68	35942
78	35943
82	35944
83	35945
97	35946
101	35947
104	35948
107	35949
110	35950
120	35951
124	35952
125	35953
138	35954
145	35955
148	35956
221	35957
276	35958
322	35959
430	35960
442	35961
447	35962
483	35963
512	35964
533	35965
534	35966
538	35967
542	35968
546	35969
552	35970
571	35971
574	35972
578	35973
580	35974
584	35975
587	35976
588	35977
594	35978
596	35979
599	35980
605	35981
608	35982
621	35983
624	35984
629	35985
632	35986
636	35987
647	35988
649	35989
651	35990
652	35991
656	35992
670	35993
684	35994
694	35995
699	35996
702	35997
704	35998
707	35999
714	36000
715	36001
720	36002
725	36003
732	36004
733	36005
735	36006
737	36007
738	36008
743	36009
750	36010
755	36011
756	36012
759	36013
766	36014
769	36015
776	36016
779	36017
781	36018
795	36019
806	36020
808	36021
809	36022
815	36023
819	36024
836	36025
847	36026
851	36027
854	36028
855	36029
856	36030
859	36031
863	36032
870	36033
871	36034
872	36035
876	36036
879	36037
880	36038
885	36039
888	36040
894	36041
895	36042
896	36043
898	36044
912	36045
913	36046
928	36047
936	36048
941	36049
948	36050
953	36051
961	36052
982	36053
987	36054
988	36055
997	36056
998	36057
1011	36058
1015	36059
1018	36060
1022	36061
1023	36062
1026	36063
1028	36064
1035	36065
1039	36066
1040	36067
1047	36068
1049	36069
1050	36070
1056	36071
1061	36072
1062	36073
1064	36074
1066	36075
1068	36076
1070	36077
1077	36078
1080	36079
1081	36080
1083	36081
1084	36082
1087	36083
1097	36084
1098	36085
1099	36086
1109	36087
1116	36088
1122	36089
1129	36090
1131	36091
1134	36092
1141	36093
1147	36094
1149	36095
1152	36096
1154	36097
1156	36098
1159	36099
1163	36100
1167	36101
1178	36102
1179	36103
1184	36104
1186	36105
1192	36106
1195	36107
1197	36108
1206	36109
1208	36110
1215	36111
1218	36112
1222	36113
1226	36114
1232	36115
1235	36116
1238	36117
1253	36118
1255	36119
1258	36120
1260	36121
1261	36122
1265	36123
1270	36124
1277	36125
1278	36126
1282	36127
1283	36128
1298	36129
1301	36130
1303	36131
1311	36132
1319	36133
1323	36134
1328	36135
1330	36136
1341	36137
1342	36138
1344	36139
1367	36140
1368	36141
1371	36142
1374	36143
1385	36144
1391	36145
1398	36146
1399	36147
1405	36148
1419	36149
1423	36150
1437	36151
1453	36152
1454	36153
1458	36154
1466	36155
1469	36156
1474	36157
1482	36158
1489	36159
1495	36160
1501	36161
1503	36162
1508	36163
1520	36164
1523	36165
1528	36166
1531	36167
1533	36168
1549	36169
1555	36170
1557	36171
1564	36172
1565	36173
1568	36174
1571	36175
1594	36176
1605	36177
1620	36178
1629	36179
1630	36180
1631	36181
1637	36182
1638	36183
1641	36184
1643	36185
1664	36186
1676	36187
1682	36188
1684	36189
1685	36190
1689	36191
1707	36192
1709	36193
1722	36194
1724	36195
1727	36196
1732	36197
1741	36198
1745	36199
1746	36200
1749	36201
1752	36202
1758	36203
1761	36204
1766	36205
1767	36206
1776	36207
1779	36208
1791	36209
1797	36210
1798	36211
1802	36212
1811	36213
1818	36214
1828	36215
1829	36216
1831	36217
1834	36218
1838	36219
1842	36220
1844	36221
1846	36222
1847	36223
1857	36224
1865	36225
1866	36226
1867	36227
1871	36228
1872	36229
1880	36230
1881	36231
1887	36232
1895	36233
1899	36234
1901	36235
1903	36236
1906	36237
1911	36238
1914	36239
1917	36240
1918	36241
1924	36242
1928	36243
1932	36244
1934	36245
1939	36246
1944	36247
1947	36248
1949	36249
1952	36250
1954	36251
1959	36252
1963	36253
1978	36254
2009	36255
2026	36256
2034	36257
2047	36258
2097	36259
2113	36260
2132	36261
2184	36262
2191	36263
2257	36264
2266	36265
2280	36266
2282	36267
2306	36268
2338	36269
2350	36270
2396	36271
2410	36272
2451	36273
2489	36274
2491	36275
2526	36276
2592	36277
2623	36278
2634	36279
2641	36280
2686	36281
2693	36282
2727	36283
2736	36284
2744	36285
2746	36286
2777	36287
2778	36288
2796	36289
2829	36290
2831	36291
2833	36292
2844	36293
2873	36294
2909	36295
2929	36296
2990	36297
3013	36298
3017	36299
3040	36300
3127	36301
3136	36302
3141	36303
3158	36304
3167	36305
3171	36306
3180	36307
3181	36308
3186	36309
3187	36310
3204	36311
3215	36312
3217	36313
3221	36314
3223	36315
3225	36316
3229	36317
3234	36318
3249	36319
3250	36320
3261	36321
3262	36322
3276	36323
3278	36324
3284	36325
3292	36326
3295	36327
3299	36328
3302	36329
3308	36330
3311	36331
3312	36332
3323	36333
3335	36334
3338	36335
3343	36336
3353	36337
3354	36338
3356	36339
3360	36340
3367	36341
3380	36342
3382	36343
3416	36344
3424	36345
3433	36346
3436	36347
3444	36348
3448	36349
3471	36350
3488	36351
3497	36352
3499	36353
3511	36354
3534	36355
3540	36356
3544	36357
3554	36358
3571	36359
3574	36360
3580	36361
3604	36362
3611	36363
3638	36364
3642	36365
3644	36366
3648	36367
3657	36368
3659	36369
3669	36370
3677	36371
3678	36372
3683	36373
3705	36374
3720	36375
3730	36376
3754	36377
3761	36378
3766	36379
3783	36380
3786	36381
3803	36382
3821	36383
3823	36384
3826	36385
3827	36386
3830	36387
3841	36388
3842	36389
3869	36390
3877	36391
3878	36392
3889	36393
3891	36394
3897	36395
3905	36396
3919	36397
3949	36398
3950	36399
3963	36400
3964	36401
3973	36402
3977	36403
3989	36404
4002	36405
4018	36406
4033	36407
4038	36408
4041	36409
4052	36410
4057	36411
4066	36412
4072	36413
4076	36414
4090	36415
4095	36416
4108	36417
4111	36418
4115	36419
4129	36420
4137	36421
4140	36422
4151	36423
4160	36424
4167	36425
4174	36426
4178	36427
4182	36428
4186	36429
4197	36430
4199	36431
4203	36432
4212	36433
4226	36434
4242	36435
4248	36436
4250	36437
4255	36438
4284	36439
4293	36440
4305	36441
4308	36442
4326	36443
4331	36444
4340	36445
4352	36446
4355	36447
4356	36448
4357	36449
4372	36450
4376	36451
4379	36452
4392	36453
4401	36454
4416	36455
4430	36456
4440	36457
4451	36458
4454	36459
4458	36460
4461	36461
4467	36462
4494	36463
4502	36464
4506	36465
4508	36466
4511	36467
4517	36468
4519	36469
4537	36470
4550	36471
4553	36472
4554	36473
4565	36474
4580	36475
4582	36476
4583	36477
4596	36478
4617	36479
4621	36480
4630	36481
4635	36482
4648	36483
4657	36484
4661	36485
4662	36486
4668	36487
4671	36488
4681	36489
4685	36490
4687	36491
4716	36492
4720	36493
4722	36494
4723	36495
4724	36496
4725	36497
4726	36498
4740	36499
4743	36500
4745	36501
4752	36502
4759	36503
4765	36504
4785	36505
4802	36506
4811	36507
4840	36508
4847	36509
4856	36510
4864	36511
4865	36512
4866	36513
4890	36514
4908	36515
4916	36516
4918	36517
4934	36518
4944	36519
4945	36520
4958	36521
4968	36522
4975	36523
4989	36524
4997	36525
5001	36526
5002	36527
5018	36528
5024	36529
5035	36530
5047	36531
5064	36532
5078	36533
5079	36534
5082	36535
5100	36536
5102	36537
5106	36538
5107	36539
5111	36540
5114	36541
5129	36542
5145	36543
5152	36544
5164	36545
5193	36546
5210	36547
5215	36548
5221	36549
5222	36550
5243	36551
5255	36552
5269	36553
5270	36554
5271	36555
5273	36556
5276	36557
5277	36558
5286	36559
5289	36560
5290	36561
5301	36562
5303	36563
5309	36564
5313	36565
5315	36566
5320	36567
5328	36568
5330	36569
5331	36570
5343	36571
5350	36572
5352	36573
5358	36574
5359	36575
5363	36576
5367	36577
5378	36578
5382	36579
5383	36580
5388	36581
5401	36582
5403	36583
5412	36584
5424	36585
5429	36586
5433	36587
5448	36588
5460	36589
5495	36590
5498	36591
5505	36592
5506	36593
5521	36594
5524	36595
5525	36596
5546	36597
5550	36598
5552	36599
5556	36600
5571	36601
5573	36602
5574	36603
5586	36604
5596	36605
5599	36606
5606	36607
5630	36608
5646	36609
5654	36610
5655	36611
5664	36612
5665	36613
5673	36614
5674	36615
5698	36616
5712	36617
5713	36618
5721	36619
5729	36620
5730	36621
5741	36622
5762	36623
5778	36624
5781	36625
5782	36626
5799	36627
5800	36628
5803	36629
5827	36630
5834	36631
5841	36632
5857	36633
5873	36634
5876	36635
5878	36636
5880	36637
5886	36638
5899	36639
5901	36640
5915	36641
5916	36642
5917	36643
5929	36644
5936	36645
5955	36646
5959	36647
5966	36648
5969	36649
5970	36650
5971	36651
5994	36652
5997	36653
6000	36654
6018	36655
6021	36656
6026	36657
6028	36658
6032	36659
6038	36660
6044	36661
6046	36662
6060	36663
6061	36664
6065	36665
6068	36666
6069	36667
6075	36668
6078	36669
6098	36670
6101	36671
6113	36672
6120	36673
6128	36674
6147	36675
6149	36676
6156	36677
6165	36678
6169	36679
6174	36680
6191	36681
6209	36682
6223	36683
6231	36684
6232	36685
6234	36686
6239	36687
6250	36688
6251	36689
6262	36690
6265	36691
6266	36692
6286	36693
6287	36694
6291	36695
6296	36696
6299	36697
6304	36698
6322	36699
6332	36700
6339	36701
6343	36702
6349	36703
6358	36704
6374	36705
6375	36706
6379	36707
6380	36708
6384	36709
6387	36710
6394	36711
6400	36712
6403	36713
6406	36714
6414	36715
6415	36716
6416	36717
6427	36718
6431	36719
6436	36720
6446	36721
6451	36722
6453	36723
6487	36724
6488	36725
6492	36726
6499	36727
6503	36728
6527	36729
6535	36730
6536	36731
6541	36732
6544	36733
6558	36734
6583	36735
6586	36736
6600	36737
6601	36738
6607	36739
6630	36740
6634	36741
6636	36742
6637	36743
6654	36744
6668	36745
6683	36746
6684	36747
6689	36748
6706	36749
6714	36750
6718	36751
6720	36752
6739	36753
6746	36754
6748	36755
6749	36756
6750	36757
6767	36758
6771	36759
6777	36760
6786	36761
6788	36762
6791	36763
6800	36764
6802	36765
6808	36766
6814	36767
6815	36768
6822	36769
6823	36770
6830	36771
6833	36772
6857	36773
6861	36774
6873	36775
6881	36776
6893	36777
6904	36778
6923	36779
6928	36780
6930	36781
6931	36782
6932	36783
6957	36784
6961	36785
6963	36786
6967	36787
6971	36788
6979	36789
6980	36790
6982	36791
6991	36792
6995	36793
7007	36794
7008	36795
7017	36796
7045	36797
7059	36798
7071	36799
7073	36800
7076	36801
7078	36802
7081	36803
7086	36804
7099	36805
7102	36806
7121	36807
7131	36808
7135	36809
7137	36810
7151	36811
7167	36812
7178	36813
7189	36814
7190	36815
7196	36816
7208	36817
7216	36818
7220	36819
7228	36820
7231	36821
7253	36822
7256	36823
7258	36824
7260	36825
7261	36826
7265	36827
7278	36828
7280	36829
7293	36830
7300	36831
7306	36832
7320	36833
7323	36834
7332	36835
7333	36836
7344	36837
7362	36838
7369	36839
7370	36840
7380	36841
7381	36842
7383	36843
7389	36844
7395	36845
7403	36846
7404	36847
7409	36848
7420	36849
7426	36850
7439	36851
7440	36852
7444	36853
7447	36854
7449	36855
7455	36856
7460	36857
7471	36858
7472	36859
7478	36860
7479	36861
7492	36862
7499	36863
7504	36864
7510	36865
7515	36866
7522	36867
7529	36868
7532	36869
7535	36870
7536	36871
7543	36872
7549	36873
7555	36874
7556	36875
7568	36876
7580	36877
7581	36878
7591	36879
7608	36880
7619	36881
7625	36882
7626	36883
7630	36884
7640	36885
7645	36886
7653	36887
7656	36888
7668	36889
7672	36890
7681	36891
7685	36892
7690	36893
7703	36894
7707	36895
7709	36896
7711	36897
7731	36898
7740	36899
7742	36900
7755	36901
7777	36902
7784	36903
7797	36904
7825	36905
7828	36906
7852	36907
7856	36908
7871	36909
7903	36910
7904	36911
7905	36912
7907	36913
7915	36914
7918	36915
7919	36916
7920	36917
7923	36918
7927	36919
7935	36920
7941	36921
7955	36922
7968	36923
7981	36924
7982	36925
7988	36926
7997	36927
8000	36928
8013	36929
8014	36930
8019	36931
8024	36932
8029	36933
8030	36934
8031	36935
8056	36936
8061	36937
8064	36938
8072	36939
8075	36940
8079	36941
8086	36942
8098	36943
8109	36944
8120	36945
8126	36946
8130	36947
8134	36948
8140	36949
8142	36950
8145	36951
8153	36952
8154	36953
8161	36954
8175	36955
8177	36956
8181	36957
8182	36958
8194	36959
8197	36960
8201	36961
8210	36962
8214	36963
8224	36964
8228	36965
8229	36966
8241	36967
8246	36968
8274	36969
8278	36970
8288	36971
8297	36972
8305	36973
8313	36974
8353	36975
8356	36976
8357	36977
8358	36978
8373	36979
8378	36980
8381	36981
8387	36982
8392	36983
8402	36984
8424	36985
8440	36986
8444	36987
8445	36988
8447	36989
8449	36990
8451	36991
8453	36992
8477	36993
8482	36994
8488	36995
8497	36996
8515	36997
8543	36998
8558	36999
8560	37000
8564	37001
8578	37002
8579	37003
8582	37004
8584	37005
8589	37006
8590	37007
8593	37008
8606	37009
8607	37010
8613	37011
8630	37012
8636	37013
8638	37014
8640	37015
8646	37016
8647	37017
8652	37018
8653	37019
8655	37020
8656	37021
8661	37022
8678	37023
8689	37024
8702	37025
8712	37026
8729	37027
8735	37028
8738	37029
8759	37030
8760	37031
8766	37032
8787	37033
8793	37034
8804	37035
8811	37036
8816	37037
8818	37038
8819	37039
8820	37040
8826	37041
8830	37042
8834	37043
8842	37044
8849	37045
8857	37046
8858	37047
8871	37048
8879	37049
8880	37050
8924	37051
8925	37052
8929	37053
8933	37054
8942	37055
8947	37056
8948	37057
8956	37058
8976	37059
8981	37060
8982	37061
8985	37062
8992	37063
8996	37064
9009	37065
9011	37066
9023	37067
9027	37068
9030	37069
9032	37070
9044	37071
9056	37072
9065	37073
9093	37074
9097	37075
9100	37076
9104	37077
9106	37078
9110	37079
9112	37080
9140	37081
9146	37082
9157	37083
9166	37084
9178	37085
9184	37086
9197	37087
9201	37088
9206	37089
9208	37090
9216	37091
9217	37092
9241	37093
9255	37094
9258	37095
9262	37096
9264	37097
9289	37098
9309	37099
9315	37100
9322	37101
9338	37102
9344	37103
9354	37104
9360	37105
9363	37106
9367	37107
9376	37108
9385	37109
9390	37110
9398	37111
9409	37112
9410	37113
9412	37114
9416	37115
9423	37116
9438	37117
9454	37118
9469	37119
9477	37120
9478	37121
9511	37122
9542	37123
9559	37124
9599	37125
9606	37126
9621	37127
9632	37128
9633	37129
9644	37130
9652	37131
9656	37132
9660	37133
9663	37134
9671	37135
9674	37136
9675	37137
9682	37138
9683	37139
9684	37140
9687	37141
9695	37142
9700	37143
9713	37144
9716	37145
9717	37146
9719	37147
9725	37148
9741	37149
9743	37150
9744	37151
9749	37152
9750	37153
9752	37154
9753	37155
9754	37156
9756	37157
9760	37158
9762	37159
9763	37160
9764	37161
9767	37162
9768	37163
9776	37164
9779	37165
9782	37166
9785	37167
9787	37168
9789	37169
9790	37170
9807	37171
9817	37172
9828	37173
9830	37174
9831	37175
9832	37176
9834	37177
9836	37178
9844	37179
9846	37180
9850	37181
9859	37182
9865	37183
9870	37184
9874	37185
9876	37186
9882	37187
9884	37188
9888	37189
9895	37190
9900	37191
9902	37192
9912	37193
9914	37194
9917	37195
9918	37196
9924	37197
9925	37198
9933	37199
9934	37200
9935	37201
9957	37202
9963	37203
9970	37204
9976	37205
9979	37206
9988	37207
9989	37208
9990	37209
9992	37210
9993	37211
9995	37212
9997	37213
9999	37214
10001	37215
10010	37216
10019	37217
10021	37218
10024	37219
10026	37220
10031	37221
10032	37222
10042	37223
10044	37224
10046	37225
10050	37226
10055	37227
10057	37228
10064	37229
10067	37230
10069	37231
10083	37232
10085	37233
10093	37234
10097	37235
10100	37236
10101	37237
10105	37238
10114	37239
10120	37240
10121	37241
10123	37242
10128	37243
10137	37244
10139	37245
10145	37246
10147	37247
10153	37248
10159	37249
10161	37250
10163	37251
10175	37252
10177	37253
10200	37254
10202	37255
10207	37256
10219	37257
10223	37258
10227	37259
10232	37260
10233	37261
10237	37262
10242	37263
10243	37264
10254	37265
10258	37266
10264	37267
10267	37268
10268	37269
10273	37270
10279	37271
10282	37272
10283	37273
10284	37274
10295	37275
10302	37276
10310	37277
10312	37278
10315	37279
10329	37280
10330	37281
10331	37282
10341	37283
10343	37284
10347	37285
10348	37286
10351	37287
10357	37288
10368	37289
10369	37290
10370	37291
10372	37292
10373	37293
10374	37294
10377	37295
10391	37296
10396	37297
10402	37298
10408	37299
10413	37300
10425	37301
10427	37302
10430	37303
10439	37304
10443	37305
10444	37306
10446	37307
10447	37308
10451	37309
10455	37310
10461	37311
10466	37312
10468	37313
10469	37314
10477	37315
10483	37316
10492	37317
10495	37318
10496	37319
10498	37320
10501	37321
10504	37322
10505	37323
10506	37324
10509	37325
10513	37326
10514	37327
10522	37328
10527	37329
10528	37330
10529	37331
10531	37332
10532	37333
10534	37334
10546	37335
10548	37336
10550	37337
10566	37338
10572	37339
10577	37340
10588	37341
10590	37342
10602	37343
10604	37344
10608	37345
10628	37346
10645	37347
10646	37348
10647	37349
10657	37350
10658	37351
10662	37352
10663	37353
10666	37354
10669	37355
10676	37356
10684	37357
10686	37358
10687	37359
10689	37360
10690	37361
10692	37362
10694	37363
10696	37364
10707	37365
10708	37366
10710	37367
10716	37368
10717	37369
10721	37370
10722	37371
10723	37372
10726	37373
10729	37374
10730	37375
10738	37376
10739	37377
10740	37378
10741	37379
10746	37380
10752	37381
10759	37382
10767	37383
10770	37384
10771	37385
10775	37386
10777	37387
10781	37388
10782	37389
10789	37390
10791	37391
10799	37392
10813	37393
10814	37394
10815	37395
10819	37396
10821	37397
10825	37398
10829	37399
10830	37400
10832	37401
10838	37402
10847	37403
10852	37404
10864	37405
10867	37406
10873	37407
10874	37408
10898	37409
10911	37410
10920	37411
10925	37412
10934	37413
10937	37414
10938	37415
10941	37416
10943	37417
10948	37418
10951	37419
10964	37420
10965	37421
10973	37422
10974	37423
10979	37424
10983	37425
10986	37426
10997	37427
11013	37428
11017	37429
11019	37430
11023	37431
11029	37432
11034	37433
11048	37434
11049	37435
11053	37436
11060	37437
11064	37438
11068	37439
11074	37440
11082	37441
11083	37442
11094	37443
11096	37444
11123	37445
11125	37446
11126	37447
11128	37448
11132	37449
11136	37450
11139	37451
11144	37452
11148	37453
11153	37454
11155	37455
11156	37456
11157	37457
11159	37458
11160	37459
11164	37460
11167	37461
11174	37462
11182	37463
11184	37464
11186	37465
11200	37466
11201	37467
11210	37468
11211	37469
11212	37470
11225	37471
11229	37472
11231	37473
11233	37474
11240	37475
11241	37476
11246	37477
11256	37478
11261	37479
11262	37480
11263	37481
11272	37482
11273	37483
11278	37484
11283	37485
11284	37486
11286	37487
11290	37488
11291	37489
11292	37490
11294	37491
11300	37492
11303	37493
11306	37494
11320	37495
11327	37496
11330	37497
11334	37498
11336	37499
11355	37500
11358	37501
11363	37502
11386	37503
11390	37504
11391	37505
11393	37506
11399	37507
11404	37508
11409	37509
11413	37510
11424	37511
11428	37512
11429	37513
11430	37514
11433	37515
11441	37516
11444	37517
11446	37518
11454	37519
11456	37520
11464	37521
11467	37522
11472	37523
11474	37524
11485	37525
11488	37526
11489	37527
11492	37528
11498	37529
11499	37530
11502	37531
11506	37532
11510	37533
11511	37534
11512	37535
11513	37536
11516	37537
11526	37538
11531	37539
11546	37540
11549	37541
11560	37542
11564	37543
11567	37544
11569	37545
11574	37546
11576	37547
11581	37548
11586	37549
11587	37550
11588	37551
11589	37552
11594	37553
11600	37554
11605	37555
11627	37556
11631	37557
11634	37558
11636	37559
11638	37560
11649	37561
11654	37562
11657	37563
11660	37564
11671	37565
11686	37566
11690	37567
11695	37568
11701	37569
11706	37570
11709	37571
11712	37572
11713	37573
11715	37574
11719	37575
11721	37576
11725	37577
11727	37578
11731	37579
11737	37580
11739	37581
11744	37582
11749	37583
11750	37584
11760	37585
11761	37586
11778	37587
11782	37588
11783	37589
11784	37590
11788	37591
11790	37592
11793	37593
11803	37594
11805	37595
11819	37596
11824	37597
11826	37598
11833	37599
11834	37600
11835	37601
11839	37602
11847	37603
11850	37604
11854	37605
11860	37606
11879	37607
11880	37608
11886	37609
11888	37610
11891	37611
11895	37612
11906	37613
11909	37614
11910	37615
11912	37616
11916	37617
11920	37618
11931	37619
11936	37620
11952	37621
11963	37622
11965	37623
11968	37624
11974	37625
11980	37626
11983	37627
11986	37628
11992	37629
11994	37630
11998	37631
12008	37632
12009	37633
12010	37634
12012	37635
12016	37636
12018	37637
12035	37638
12042	37639
12044	37640
12049	37641
12060	37642
12064	37643
12065	37644
12068	37645
12069	37646
12070	37647
12080	37648
12084	37649
12099	37650
12107	37651
12112	37652
12115	37653
12118	37654
12127	37655
12129	37656
12133	37657
12137	37658
12141	37659
12161	37660
12163	37661
12166	37662
12174	37663
12180	37664
12193	37665
12194	37666
12197	37667
12204	37668
12212	37669
12220	37670
12221	37671
12227	37672
12229	37673
12231	37674
12240	37675
12241	37676
12242	37677
12244	37678
12247	37679
12253	37680
12259	37681
12260	37682
12267	37683
12281	37684
12287	37685
12293	37686
12297	37687
12313	37688
12318	37689
12326	37690
12327	37691
12333	37692
12338	37693
12339	37694
12342	37695
12344	37696
12346	37697
12352	37698
12357	37699
12359	37700
12360	37701
12363	37702
12366	37703
12374	37704
12385	37705
12396	37706
12401	37707
12405	37708
12406	37709
12409	37710
12414	37711
12424	37712
12429	37713
12447	37714
12451	37715
12466	37716
12469	37717
12471	37718
12473	37719
12475	37720
12479	37721
12480	37722
12483	37723
12487	37724
12492	37725
12510	37726
12520	37727
12521	37728
12522	37729
12527	37730
12541	37731
12545	37732
12547	37733
12548	37734
12549	37735
12564	37736
12572	37737
12578	37738
12579	37739
12581	37740
12584	37741
12585	37742
12586	37743
12599	37744
12600	37745
12610	37746
12613	37747
12614	37748
12626	37749
12631	37750
12637	37751
12638	37752
12639	37753
12649	37754
12654	37755
12656	37756
12666	37757
12671	37758
12673	37759
12683	37760
12692	37761
12698	37762
12700	37763
12703	37764
12705	37765
12707	37766
12710	37767
12712	37768
12716	37769
12721	37770
12735	37771
12746	37772
12747	37773
12749	37774
12752	37775
12762	37776
12764	37777
12765	37778
12768	37779
12770	37780
12771	37781
12772	37782
12783	37783
12784	37784
12785	37785
12796	37786
12798	37787
12800	37788
12803	37789
12805	37790
12806	37791
12811	37792
12816	37793
12819	37794
12832	37795
12834	37796
12842	37797
12852	37798
12855	37799
12859	37800
12865	37801
12867	37802
12893	37803
12900	37804
12902	37805
12903	37806
12906	37807
12907	37808
12908	37809
12909	37810
12923	37811
12930	37812
12937	37813
12944	37814
12961	37815
12962	37816
12972	37817
12974	37818
12977	37819
12981	37820
12990	37821
12993	37822
12998	37823
12999	37824
13000	37825
13008	37826
13009	37827
13017	37828
13018	37829
13019	37830
13021	37831
13024	37832
13030	37833
13037	37834
13040	37835
13045	37836
13050	37837
13051	37838
13064	37839
13078	37840
13081	37841
13082	37842
13088	37843
13093	37844
13104	37845
13111	37846
13115	37847
13116	37848
13117	37849
13131	37850
13140	37851
13146	37852
13149	37853
13150	37854
13153	37855
13158	37856
13162	37857
13164	37858
13174	37859
13181	37860
13190	37861
13192	37862
13194	37863
13202	37864
13203	37865
13204	37866
13205	37867
13215	37868
13218	37869
13222	37870
13224	37871
13232	37872
13255	37873
13263	37874
13268	37875
13279	37876
13283	37877
13288	37878
13292	37879
13294	37880
13296	37881
13323	37882
13330	37883
13331	37884
13336	37885
13337	37886
13348	37887
13354	37888
13372	37889
13378	37890
13389	37891
13398	37892
13401	37893
13405	37894
13409	37895
13414	37896
13420	37897
13427	37898
13429	37899
13434	37900
13438	37901
13441	37902
13453	37903
13457	37904
13458	37905
13460	37906
13470	37907
13474	37908
13476	37909
13480	37910
13483	37911
13485	37912
13490	37913
13492	37914
13503	37915
13504	37916
13509	37917
13520	37918
13535	37919
13536	37920
13537	37921
13543	37922
13549	37923
13551	37924
13564	37925
13566	37926
13569	37927
13571	37928
13574	37929
13579	37930
13611	37931
13613	37932
13619	37933
13623	37934
13624	37935
13626	37936
13635	37937
13636	37938
13637	37939
13641	37940
13643	37941
13645	37942
13648	37943
13652	37944
13659	37945
13660	37946
13673	37947
13686	37948
13688	37949
13690	37950
13697	37951
13715	37952
13727	37953
13728	37954
13729	37955
13732	37956
13735	37957
13752	37958
13764	37959
13765	37960
13768	37961
13774	37962
13775	37963
13780	37964
13785	37965
13786	37966
13787	37967
13789	37968
13795	37969
13797	37970
13799	37971
13805	37972
13812	37973
13817	37974
13818	37975
13822	37976
13823	37977
13826	37978
13829	37979
13831	37980
13838	37981
13853	37982
13860	37983
13862	37984
13863	37985
13868	37986
13874	37987
13885	37988
13889	37989
13891	37990
13892	37991
13894	37992
13900	37993
13901	37994
13902	37995
13904	37996
13917	37997
13924	37998
13926	37999
13928	38000
13929	38001
13932	38002
13938	38003
13955	38004
13956	38005
13979	38006
13986	38007
13987	38008
13993	38009
13996	38010
13997	38011
14000	38012
14014	38013
14016	38014
14020	38015
14021	38016
14027	38017
14030	38018
14032	38019
14034	38020
14036	38021
14037	38022
14043	38023
14047	38024
14051	38025
14052	38026
14053	38027
14055	38028
14057	38029
14070	38030
14072	38031
14074	38032
14077	38033
14080	38034
14087	38035
14099	38036
14104	38037
14106	38038
14116	38039
14120	38040
14129	38041
14144	38042
14148	38043
14150	38044
14154	38045
14156	38046
14166	38047
14178	38048
14181	38049
14185	38050
14197	38051
14200	38052
14203	38053
14215	38054
14221	38055
14225	38056
14227	38057
14237	38058
14238	38059
14246	38060
14247	38061
14256	38062
14259	38063
14286	38064
14287	38065
14289	38066
14291	38067
14294	38068
14300	38069
14301	38070
14304	38071
14316	38072
14317	38073
14331	38074
14332	38075
14337	38076
14350	38077
14351	38078
14354	38079
14358	38080
14359	38081
14362	38082
14366	38083
14374	38084
14376	38085
14377	38086
14385	38087
14388	38088
14391	38089
14392	38090
14394	38091
14407	38092
14416	38093
14421	38094
14433	38095
14435	38096
14437	38097
14442	38098
14444	38099
14451	38100
14454	38101
14457	38102
14466	38103
14470	38104
14471	38105
14478	38106
14480	38107
14486	38108
14487	38109
14493	38110
14495	38111
14501	38112
14506	38113
14521	38114
14522	38115
14527	38116
14532	38117
14538	38118
14539	38119
14540	38120
14544	38121
14546	38122
14548	38123
14550	38124
14552	38125
14563	38126
14570	38127
14575	38128
14576	38129
14586	38130
14587	38131
14604	38132
14613	38133
14615	38134
14623	38135
14628	38136
14632	38137
14634	38138
14635	38139
14643	38140
14646	38141
14647	38142
14652	38143
14653	38144
14659	38145
14662	38146
14663	38147
14669	38148
14672	38149
14678	38150
14689	38151
14690	38152
14697	38153
14704	38154
14714	38155
14715	38156
14717	38157
14719	38158
14731	38159
14734	38160
14738	38161
14747	38162
14761	38163
14763	38164
14766	38165
14767	38166
14771	38167
14781	38168
14783	38169
14784	38170
14785	38171
14788	38172
14792	38173
14799	38174
14808	38175
14815	38176
14825	38177
14827	38178
14829	38179
14837	38180
14840	38181
14844	38182
14853	38183
14856	38184
14857	38185
14863	38186
14869	38187
14870	38188
14872	38189
14873	38190
14877	38191
14879	38192
14881	38193
14886	38194
14888	38195
14902	38196
14908	38197
14911	38198
14913	38199
14923	38200
14924	38201
14933	38202
14936	38203
14938	38204
14939	38205
14940	38206
14948	38207
14953	38208
14956	38209
14958	38210
14960	38211
14966	38212
14972	38213
14984	38214
14988	38215
14997	38216
15003	38217
15007	38218
15010	38219
15016	38220
15020	38221
15023	38222
15025	38223
15026	38224
15039	38225
15046	38226
15050	38227
15053	38228
15057	38229
15061	38230
15068	38231
15073	38232
15075	38233
15076	38234
15084	38235
15088	38236
15089	38237
15092	38238
15095	38239
15106	38240
15109	38241
15110	38242
15112	38243
15116	38244
15117	38245
15121	38246
15139	38247
15142	38248
15151	38249
15152	38250
15153	38251
15157	38252
15161	38253
15174	38254
15180	38255
15186	38256
15200	38257
15220	38258
15221	38259
15232	38260
15234	38261
15239	38262
15240	38263
15247	38264
15248	38265
15262	38266
15267	38267
15270	38268
15275	38269
15285	38270
15286	38271
15299	38272
15305	38273
15308	38274
15310	38275
15311	38276
15322	38277
15323	38278
15329	38279
15330	38280
15332	38281
15336	38282
15340	38283
15356	38284
15360	38285
15361	38286
15363	38287
15367	38288
15370	38289
15383	38290
15385	38291
15386	38292
15390	38293
15392	38294
15403	38295
15413	38296
15416	38297
15420	38298
15429	38299
15435	38300
15448	38301
15451	38302
15452	38303
15455	38304
15456	38305
15457	38306
15467	38307
15477	38308
15478	38309
15485	38310
15486	38311
15496	38312
15498	38313
15504	38314
15510	38315
15511	38316
15512	38317
15517	38318
15525	38319
15530	38320
15537	38321
15543	38322
15553	38323
15556	38324
15561	38325
15566	38326
15569	38327
15570	38328
15573	38329
15576	38330
15583	38331
15589	38332
15593	38333
15597	38334
15600	38335
15602	38336
15604	38337
15606	38338
15619	38339
15629	38340
15643	38341
15647	38342
15651	38343
15653	38344
15655	38345
15667	38346
15674	38347
15680	38348
15685	38349
15687	38350
15691	38351
15692	38352
15695	38353
15696	38354
15699	38355
15704	38356
15706	38357
15716	38358
15719	38359
15733	38360
15745	38361
15748	38362
15751	38363
15761	38364
15762	38365
15764	38366
15765	38367
15766	38368
15773	38369
15776	38370
15779	38371
15781	38372
15783	38373
15785	38374
15807	38375
15810	38376
15812	38377
15815	38378
15819	38379
15821	38380
15823	38381
15829	38382
15831	38383
15832	38384
15833	38385
15834	38386
15837	38387
15846	38388
15857	38389
15864	38390
15872	38391
15879	38392
15910	38393
15916	38394
15938	38395
15953	38396
15956	38397
15960	38398
15963	38399
15966	38400
15975	38401
15980	38402
15985	38403
15990	38404
15991	38405
16004	38406
16006	38407
16007	38408
16009	38409
16012	38410
16013	38411
16015	38412
16018	38413
16024	38414
16033	38415
16046	38416
16048	38417
16053	38418
16054	38419
16064	38420
16066	38421
16068	38422
16073	38423
16087	38424
16090	38425
16091	38426
16099	38427
16107	38428
16111	38429
16119	38430
16130	38431
16135	38432
16145	38433
16150	38434
16151	38435
16159	38436
16161	38437
16164	38438
16165	38439
16175	38440
16189	38441
16190	38442
16192	38443
16199	38444
16212	38445
16215	38446
16228	38447
16229	38448
16237	38449
16238	38450
16243	38451
16244	38452
16254	38453
16261	38454
16264	38455
16269	38456
16271	38457
16275	38458
16283	38459
16286	38460
16290	38461
16292	38462
16296	38463
16311	38464
16313	38465
16325	38466
16329	38467
16334	38468
16336	38469
16341	38470
16345	38471
16354	38472
16356	38473
16358	38474
16382	38475
16398	38476
16403	38477
16407	38478
16409	38479
16415	38480
16428	38481
16436	38482
16440	38483
16441	38484
16444	38485
16457	38486
16459	38487
16467	38488
16475	38489
16481	38490
16494	38491
16495	38492
16497	38493
16501	38494
16512	38495
16513	38496
16522	38497
16524	38498
16530	38499
16538	38500
16541	38501
16555	38502
16556	38503
16557	38504
16558	38505
16570	38506
16572	38507
16576	38508
16591	38509
16595	38510
16596	38511
16599	38512
16600	38513
16601	38514
16603	38515
16606	38516
16611	38517
16614	38518
16620	38519
16622	38520
16625	38521
16627	38522
16643	38523
16652	38524
16654	38525
16656	38526
16659	38527
16660	38528
16663	38529
16667	38530
16668	38531
16671	38532
16674	38533
16681	38534
16689	38535
16691	38536
16700	38537
16705	38538
16708	38539
16710	38540
16712	38541
16716	38542
16732	38543
16749	38544
16752	38545
16754	38546
16755	38547
16758	38548
16769	38549
16770	38550
16775	38551
16777	38552
16780	38553
16787	38554
16790	38555
16801	38556
16805	38557
16810	38558
16812	38559
16821	38560
16826	38561
16833	38562
16835	38563
16848	38564
16852	38565
16853	38566
16854	38567
16855	38568
16860	38569
16864	38570
16869	38571
16873	38572
16877	38573
16883	38574
16887	38575
16891	38576
16903	38577
16905	38578
16908	38579
16911	38580
16922	38581
16924	38582
16931	38583
16932	38584
16934	38585
16938	38586
16946	38587
16953	38588
16961	38589
16962	38590
16964	38591
16967	38592
16974	38593
16975	38594
16976	38595
16981	38596
16987	38597
16993	38598
17004	38599
17008	38600
17011	38601
17018	38602
17019	38603
17020	38604
17022	38605
17025	38606
17035	38607
17044	38608
17049	38609
17054	38610
17057	38611
17058	38612
17061	38613
17068	38614
17072	38615
17074	38616
17077	38617
17079	38618
17082	38619
17088	38620
17109	38621
17110	38622
17127	38623
17146	38624
17149	38625
17153	38626
17154	38627
17159	38628
17166	38629
17167	38630
17170	38631
17171	38632
17187	38633
17189	38634
17190	38635
17200	38636
17203	38637
17210	38638
17216	38639
17220	38640
17226	38641
17229	38642
17230	38643
17231	38644
17233	38645
17238	38646
17239	38647
17240	38648
17241	38649
17243	38650
17246	38651
17251	38652
17255	38653
17259	38654
17264	38655
17274	38656
17275	38657
17277	38658
17280	38659
17282	38660
17284	38661
17289	38662
17290	38663
17317	38664
17318	38665
17321	38666
17343	38667
17345	38668
17351	38669
17353	38670
17360	38671
17384	38672
17391	38673
17392	38674
17408	38675
17409	38676
17412	38677
17420	38678
17428	38679
17429	38680
17433	38681
17436	38682
17437	38683
17442	38684
17445	38685
17451	38686
17457	38687
17479	38688
17487	38689
17498	38690
17499	38691
17507	38692
17508	38693
17517	38694
17524	38695
17526	38696
17529	38697
17536	38698
17547	38699
17561	38700
17566	38701
17570	38702
17573	38703
17581	38704
17583	38705
17588	38706
17590	38707
17597	38708
17598	38709
17601	38710
17602	38711
17604	38712
17611	38713
17618	38714
17619	38715
17623	38716
17629	38717
17631	38718
17634	38719
17640	38720
17643	38721
17645	38722
17651	38723
17652	38724
17654	38725
17656	38726
17659	38727
17663	38728
17666	38729
17671	38730
17678	38731
17691	38732
17694	38733
17698	38734
17708	38735
17715	38736
17721	38737
17726	38738
17728	38739
17729	38740
17732	38741
17733	38742
17740	38743
17746	38744
17750	38745
17751	38746
17758	38747
17764	38748
17771	38749
17775	38750
17777	38751
17794	38752
17806	38753
17808	38754
17813	38755
17815	38756
17820	38757
17830	38758
17832	38759
17837	38760
17846	38761
17853	38762
17865	38763
17869	38764
17872	38765
17874	38766
17894	38767
17899	38768
17900	38769
17901	38770
17902	38771
17903	38772
17907	38773
17913	38774
17915	38775
17935	38776
17943	38777
17945	38778
17951	38779
17958	38780
17961	38781
17963	38782
17966	38783
17968	38784
17973	38785
17974	38786
17977	38787
17978	38788
17982	38789
17986	38790
17996	38791
18005	38792
18008	38793
18010	38794
18017	38795
18023	38796
18027	38797
18029	38798
18030	38799
18036	38800
18040	38801
18041	38802
18044	38803
18045	38804
18050	38805
18062	38806
18066	38807
18071	38808
18074	38809
18076	38810
18089	38811
18090	38812
18098	38813
18099	38814
18121	38815
18127	38816
18134	38817
18135	38818
18140	38819
18143	38820
18157	38821
18159	38822
18161	38823
18164	38824
18166	38825
18170	38826
18181	38827
18182	38828
18186	38829
18187	38830
18194	38831
18197	38832
18201	38833
18205	38834
18210	38835
18213	38836
18214	38837
18222	38838
18227	38839
18229	38840
18230	38841
18233	38842
18240	38843
18251	38844
18257	38845
18260	38846
18261	38847
18267	38848
18268	38849
18276	38850
18281	38851
18282	38852
18286	38853
18288	38854
18299	38855
18300	38856
18316	38857
18318	38858
18321	38859
18323	38860
18336	38861
18343	38862
18345	38863
18346	38864
18350	38865
18359	38866
18362	38867
18366	38868
18367	38869
18377	38870
18387	38871
18391	38872
18396	38873
18399	38874
18403	38875
18415	38876
18422	38877
18423	38878
18434	38879
18436	38880
18438	38881
18440	38882
18451	38883
18453	38884
18455	38885
18465	38886
18468	38887
18469	38888
18473	38889
18478	38890
18481	38891
18485	38892
18498	38893
18502	38894
18511	38895
18519	38896
18529	38897
18532	38898
18533	38899
18541	38900
18551	38901
18553	38902
18558	38903
18563	38904
18567	38905
18592	38906
18596	38907
18598	38908
18606	38909
18607	38910
18610	38911
18612	38912
18627	38913
18628	38914
18630	38915
18632	38916
18634	38917
18639	38918
18641	38919
18642	38920
18650	38921
18661	38922
18665	38923
18666	38924
18667	38925
18668	38926
18669	38927
18671	38928
18676	38929
18677	38930
18692	38931
18696	38932
18697	38933
18701	38934
18703	38935
18705	38936
18706	38937
18712	38938
18721	38939
18722	38940
18723	38941
18725	38942
18730	38943
18738	38944
18739	38945
18747	38946
18748	38947
18750	38948
18754	38949
18755	38950
18767	38951
18780	38952
18788	38953
18797	38954
18798	38955
18801	38956
18806	38957
18811	38958
18822	38959
18828	38960
18829	38961
18833	38962
18848	38963
18865	38964
18867	38965
18870	38966
18872	38967
18876	38968
18879	38969
18882	38970
18884	38971
18885	38972
18896	38973
18898	38974
18921	38975
18923	38976
18926	38977
18927	38978
18929	38979
18931	38980
18933	38981
18935	38982
18942	38983
18951	38984
18955	38985
18956	38986
18967	38987
18970	38988
18987	38989
18991	38990
18994	38991
19004	38992
19009	38993
19014	38994
19015	38995
19029	38996
19032	38997
19034	38998
19035	38999
19054	39000
19057	39001
19060	39002
19066	39003
19074	39004
19076	39005
19081	39006
19083	39007
19090	39008
19094	39009
19099	39010
19102	39011
19106	39012
19108	39013
19112	39014
19113	39015
19117	39016
19118	39017
19121	39018
19132	39019
19136	39020
19138	39021
19150	39022
19154	39023
19155	39024
19157	39025
19160	39026
19167	39027
19168	39028
19170	39029
19171	39030
19174	39031
19177	39032
19178	39033
19188	39034
19198	39035
19201	39036
19205	39037
19209	39038
19225	39039
19228	39040
19258	39041
19261	39042
19262	39043
19263	39044
19264	39045
19273	39046
19282	39047
19297	39048
19304	39049
19305	39050
19317	39051
19318	39052
19320	39053
19321	39054
19333	39055
19335	39056
19344	39057
19347	39058
19356	39059
19362	39060
19363	39061
19367	39062
19370	39063
19380	39064
19387	39065
19392	39066
19395	39067
19396	39068
19398	39069
19409	39070
19418	39071
19419	39072
19422	39073
19427	39074
19428	39075
19432	39076
19433	39077
19439	39078
19446	39079
19450	39080
19451	39081
19458	39082
19466	39083
19483	39084
19484	39085
19497	39086
19498	39087
19511	39088
19514	39089
19519	39090
19536	39091
19541	39092
19549	39093
19554	39094
19558	39095
19559	39096
19562	39097
19566	39098
19580	39099
19581	39100
19585	39101
19596	39102
19598	39103
19602	39104
19609	39105
19610	39106
19613	39107
19617	39108
19626	39109
19639	39110
19642	39111
19647	39112
19648	39113
19650	39114
19653	39115
19667	39116
19680	39117
19683	39118
19686	39119
19693	39120
19694	39121
19699	39122
19708	39123
19710	39124
19713	39125
19715	39126
19724	39127
19737	39128
19746	39129
19747	39130
19751	39131
19752	39132
19759	39133
19762	39134
19765	39135
19768	39136
20015	39137
20301	39138
20383	39139
20448	39140
20508	39141
20915	39142
21307	39143
21358	39144
21593	39145
21740	39146
21760	39147
21801	39148
21917	39149
22302	39150
22303	39151
22312	39152
22326	39153
22330	39154
22332	39155
22333	39156
22334	39157
22336	39158
22340	39159
22342	39160
22348	39161
22350	39162
22352	39163
22360	39164
22362	39165
22363	39166
22366	39167
22381	39168
22383	39169
22387	39170
22390	39171
22396	39172
22406	39173
22409	39174
22417	39175
22422	39176
22424	39177
22425	39178
22432	39179
22439	39180
22442	39181
22448	39182
22450	39183
22457	39184
22460	39185
22463	39186
22477	39187
22482	39188
22486	39189
22489	39190
22491	39191
22495	39192
22510	39193
22511	39194
22516	39195
22518	39196
22521	39197
22527	39198
22530	39199
22534	39200
22535	39201
22536	39202
22540	39203
22547	39204
22553	39205
22565	39206
22566	39207
