6045	15039
20561	5100
2316	10443
2739	11286
9589	18669
2180	10153
2390	10590
20811	5741
20464	6239
44	125
4383	22424
20956	11731
21521	18748
5887	14881
37	110
22121	9093
20438	5886
6589	15583
9587	18667
6435	15429
289	872
7816	16810
7620	16614
21832	19123
20348	4580
21928	19264
4837	13831
2204	10219
20272	1555
8195	17189
21338	7078
2413	10647
9375	18369
21153	6600
6818	15812
6108	363
3259	12253
20770	9682
153	542
5582	14576
2211	10233
2930	11712
20310	4506
2373	10552
21211	15057
2850	11531
9356	18350
21274	15766
6869	15863
6373	15367
22028	19367
4824	13818
6238	15232
2207	10223
8708	17702
4666	13660
20279	1594
8080	17074
20980	12013
8567	17561
8931	2282
8951	17945
22081	19432
21692	7988
9176	18170
20728	9632
20026	3730
3099	12060
4422	13416
8949	17943
3770	12764
22026	8830
332	982
8964	17958
6294	2829
6027	15021
5554	14548
2804	11446
8207	17201
5914	14908
21881	8444
21845	8356
20571	5129
5400	14394
2254	19752
9236	18230
7421	16415
8216	17210
21887	19188
22129	9106
21368	17004
407	1158
21741	19009
7319	16313
19852	3327
5384	22535
22280	9478
345	1005
9399	18393
9267	18261
20125	3977
8282	2736
22087	8985
20180	4137
5661	14655
4917	13911
20509	4944
4781	13775
3727	12721
5292	14286
21503	7473
19922	3488
22070	8942
20093	3884
21483	7427
21027	6296
2118	10032
5297	14291
2967	11788
4459	13453
21462	7395
4999	13993
21428	17729
161	584
22255	19650
20066	2191
2893	11638
3603	22366
21201	14911
5028	14022
8972	17966
6647	1489
21854	8386
2907	21917
255	807
190	647
21664	7924
22183	19566
22069	8941
7743	1836
3074	11998
20327	4529
21914	19228
20528	7167
20349	4583
2311	10430
3753	12747
20749	5596
20038	2009
339	997
20168	4105
21650	7907
21667	7927
8917	17911
373	1067
6754	15748
20207	3127
9512	18511
4025	13019
3475	12469
4119	13113
22246	9385
21546	7611
20294	4451
8237	17231
20913	6021
22023	8826
6921	15915
3463	12457
3811	12805
4374	13368
6059	15053
352	1026
5220	14214
167	594
2547	10905
6981	15975
21477	7419
4122	13116
20240	4305
2156	10105
2329	10467
20495	4908
5156	14150
5441	14435
2559	10925
20500	6704
22177	19562
5501	14495
20247	4326
7144	16138
3001	11864
2137	19728
20647	5330
21688	7981
4757	13751
9080	18074
9506	18502
7125	16119
7612	16606
7222	16216
318	939
8133	17127
22046	8871
5696	14690
21516	7534
2925	11706
6562	15556
6870	15864
7519	16513
492	1344
4682	13676
21322	16290
19787	3158
21745	19016
6506	15500
6473	15467
9181	18175
20628	5286
19966	3589
20801	5721
20979	12008
8514	17508
3649	12643
6940	15934
22225	19610
386	1098
20865	5895
3435	12429
20948	6098
2557	20448
2503	10815
4792	13786
2065	9922
3048	11954
20357	5120
2335	10477
6184	15178
22045	8870
2944	11739
21473	7414
2568	10938
19954	1872
2758	11330
19870	3367
5071	14065
9443	18437
8017	17011
7171	16165
19926	1831
21842	19136
2154	10101
2005	9817
9049	18043
21488	7440
9219	18213
21042	6340
8398	17392
21407	7256
21808	8285
2260	10341
20196	4186
20133	4002
4339	13333
2531	10867
7487	1707
3247	12241
20491	6583
20570	7731
7811	16805
22082	19433
19890	1791
2496	10800
9413	18407
5322	14316
21221	6812
20305	4467
2061	9917
21311	7007
4198	13192
20825	5782
20434	4755
4278	13272
22084	19437
2730	11273
6452	15446
8286	17280
21855	8387
20954	6113
20777	5646
21694	7997
7569	16563
9028	18022
21580	7703
7035	16029
19957	3572
21526	18755
9407	18401
3886	12880
19953	1871
20744	9656
5436	14430
4289	13283
20041	3766
5033	14027
8757	17751
3402	12396
6885	15879
4694	13688
5772	14766
