5	36356
12	36357
52	36358
55	36359
61	36360
63	36361
64	36362
68	36363
78	36364
82	36365
83	36366
97	36367
101	36368
104	36369
107	36370
110	36371
120	36372
124	36373
125	36374
138	36375
145	36376
148	36377
221	36378
276	36379
322	36380
430	36381
442	36382
447	36383
483	36384
512	36385
533	36386
534	36387
538	36388
542	36389
546	36390
552	36391
571	36392
574	36393
578	36394
580	36395
584	36396
587	36397
588	36398
594	36399
596	36400
599	36401
605	36402
608	36403
621	36404
624	36405
629	36406
632	36407
636	36408
647	36409
649	36410
651	36411
652	36412
656	36413
670	36414
684	36415
694	36416
699	36417
702	36418
704	36419
707	36420
714	36421
715	36422
720	36423
725	36424
732	36425
733	36426
735	36427
737	36428
738	36429
743	36430
750	36431
755	36432
756	36433
759	36434
766	36435
769	36436
776	36437
779	36438
781	36439
795	36440
806	36441
808	36442
809	36443
815	36444
819	36445
836	36446
847	36447
851	36448
854	36449
855	36450
856	36451
859	36452
863	36453
870	36454
871	36455
872	36456
876	36457
879	36458
880	36459
885	36460
888	36461
894	36462
895	36463
896	36464
898	36465
912	36466
913	36467
928	36468
936	36469
941	36470
948	36471
953	36472
961	36473
982	36474
987	36475
988	36476
997	36477
998	36478
1011	36479
1015	36480
1018	36481
1022	36482
1023	36483
1026	36484
1028	36485
1035	36486
1039	36487
1040	36488
1047	36489
1049	36490
1050	36491
1056	36492
1061	36493
1062	36494
1064	36495
1066	36496
1068	36497
1070	36498
1077	36499
1080	36500
1081	36501
1083	36502
1084	36503
1087	36504
1097	36505
1098	36506
1099	36507
1109	36508
1116	36509
1122	36510
1129	36511
1131	36512
1134	36513
1141	36514
1147	36515
1149	36516
1152	36517
1154	36518
1156	36519
1159	36520
1163	36521
1167	36522
1178	36523
1179	36524
1184	36525
1186	36526
1192	36527
1195	36528
1197	36529
1206	36530
1208	36531
1215	36532
1218	36533
1222	36534
1226	36535
1232	36536
1235	36537
1238	36538
1253	36539
1255	36540
1258	36541
1260	36542
1261	36543
1265	36544
1270	36545
1277	36546
1278	36547
1282	36548
1283	36549
1298	36550
1301	36551
1303	36552
1311	36553
1319	36554
1323	36555
1328	36556
1330	36557
1341	36558
1342	36559
1344	36560
1367	36561
1368	36562
1371	36563
1374	36564
1385	36565
1391	36566
1398	36567
1399	36568
1405	36569
1419	36570
1423	36571
1437	36572
1453	36573
1454	36574
1458	36575
1466	36576
1469	36577
1474	36578
1482	36579
1489	36580
1495	36581
1501	36582
1503	36583
1508	36584
1520	36585
1523	36586
1528	36587
1531	36588
1533	36589
1549	36590
1555	36591
1557	36592
1564	36593
1565	36594
1568	36595
1571	36596
1594	36597
1605	36598
1620	36599
1629	36600
1630	36601
1631	36602
1637	36603
1638	36604
1641	36605
1643	36606
1664	36607
1676	36608
1682	36609
1684	36610
1685	36611
1689	36612
1707	36613
1709	36614
1722	36615
1724	36616
1727	36617
1732	36618
1741	36619
1745	36620
1746	36621
1749	36622
1752	36623
1758	36624
1761	36625
1766	36626
1767	36627
1776	36628
1779	36629
1791	36630
1797	36631
1798	36632
1802	36633
1811	36634
1818	36635
1828	36636
1829	36637
1831	36638
1834	36639
1838	36640
1842	36641
1844	36642
1846	36643
1847	36644
1857	36645
1865	36646
1866	36647
1867	36648
1871	36649
1872	36650
1880	36651
1881	36652
1887	36653
1895	36654
1899	36655
1901	36656
1903	36657
1906	36658
1911	36659
1914	36660
1917	36661
1918	36662
1924	36663
1928	36664
1932	36665
1934	36666
1939	36667
1944	36668
1947	36669
1949	36670
1952	36671
1954	36672
1959	36673
1963	36674
1978	36675
2009	36676
2026	36677
2034	36678
2047	36679
2097	36680
2113	36681
2132	36682
2184	36683
2191	36684
2257	36685
2266	36686
2280	36687
2282	36688
2306	36689
2338	36690
2350	36691
2396	36692
2410	36693
2451	36694
2489	36695
2491	36696
2526	36697
2592	36698
2623	36699
2634	36700
2641	36701
2686	36702
2693	36703
2727	36704
2736	36705
2744	36706
2746	36707
2777	36708
2778	36709
2796	36710
2829	36711
2831	36712
2833	36713
2844	36714
2873	36715
2909	36716
2929	36717
2990	36718
3013	36719
3017	36720
3040	36721
3127	36722
3136	36723
3141	36724
3158	36725
3167	36726
3171	36727
3180	36728
3181	36729
3186	36730
3187	36731
3204	36732
3215	36733
3217	36734
3221	36735
3223	36736
3225	36737
3229	36738
3234	36739
3249	36740
3250	36741
3261	36742
3262	36743
3276	36744
3278	36745
3284	36746
3292	36747
3295	36748
3299	36749
3302	36750
3308	36751
3311	36752
3312	36753
3323	36754
3335	36755
3338	36756
3343	36757
3353	36758
3354	36759
3356	36760
3360	36761
3367	36762
3380	36763
3382	36764
3416	36765
3424	36766
3433	36767
3436	36768
3444	36769
3448	36770
3471	36771
3488	36772
3497	36773
3499	36774
3511	36775
3534	36776
3540	36777
3544	36778
3554	36779
3571	36780
3574	36781
3580	36782
3604	36783
3611	36784
3638	36785
3642	36786
3644	36787
3648	36788
3657	36789
3659	36790
3669	36791
3677	36792
3678	36793
3683	36794
3705	36795
3720	36796
3730	36797
3754	36798
3761	36799
3766	36800
3783	36801
3786	36802
3803	36803
3821	36804
3823	36805
3826	36806
3827	36807
3830	36808
3841	36809
3842	36810
3869	36811
3877	36812
3878	36813
3889	36814
3891	36815
3897	36816
3905	36817
3919	36818
3949	36819
3950	36820
3963	36821
3964	36822
3973	36823
3977	36824
3989	36825
4002	36826
4018	36827
4033	36828
4038	36829
4041	36830
4052	36831
4057	36832
4066	36833
4072	36834
4076	36835
4090	36836
4095	36837
4108	36838
4111	36839
4115	36840
4129	36841
4137	36842
4140	36843
4151	36844
4160	36845
4167	36846
4174	36847
4178	36848
4182	36849
4186	36850
4197	36851
4199	36852
4203	36853
4212	36854
4226	36855
4242	36856
4248	36857
4250	36858
4255	36859
4284	36860
4293	36861
4305	36862
4308	36863
4326	36864
4331	36865
4340	36866
4352	36867
4355	36868
4356	36869
4357	36870
4372	36871
4376	36872
4379	36873
4392	36874
4401	36875
4416	36876
4430	36877
4440	36878
4451	36879
4454	36880
4458	36881
4461	36882
4467	36883
4494	36884
4502	36885
4506	36886
4508	36887
4511	36888
4517	36889
4519	36890
4537	36891
4550	36892
4553	36893
4554	36894
4565	36895
4580	36896
4582	36897
4583	36898
4596	36899
4617	36900
4621	36901
4630	36902
4635	36903
4648	36904
4657	36905
4661	36906
4662	36907
4668	36908
4671	36909
4681	36910
4685	36911
4687	36912
4716	36913
4720	36914
4722	36915
4723	36916
4724	36917
4725	36918
4726	36919
4740	36920
4743	36921
4745	36922
4752	36923
4759	36924
4765	36925
4785	36926
4802	36927
4811	36928
4840	36929
4847	36930
4856	36931
4864	36932
4865	36933
4866	36934
4890	36935
4908	36936
4916	36937
4918	36938
4934	36939
4944	36940
4945	36941
4958	36942
4968	36943
4975	36944
4989	36945
4997	36946
5001	36947
5002	36948
5018	36949
5024	36950
5035	36951
5047	36952
5064	36953
5078	36954
5079	36955
5082	36956
5100	36957
5102	36958
5106	36959
5107	36960
5111	36961
5114	36962
5129	36963
5145	36964
5152	36965
5164	36966
5193	36967
5210	36968
5215	36969
5221	36970
5222	36971
5243	36972
5255	36973
5269	36974
5270	36975
5271	36976
5273	36977
5276	36978
5277	36979
5286	36980
5289	36981
5290	36982
5301	36983
5303	36984
5309	36985
5313	36986
5315	36987
5320	36988
5328	36989
5330	36990
5331	36991
5343	36992
5350	36993
5352	36994
5358	36995
5359	36996
5363	36997
5367	36998
5378	36999
5382	37000
5383	37001
5388	37002
5401	37003
5403	37004
5412	37005
5424	37006
5429	37007
5433	37008
5448	37009
5460	37010
5495	37011
5498	37012
5505	37013
5506	37014
5521	37015
5524	37016
5525	37017
5546	37018
5550	37019
5552	37020
5556	37021
5571	37022
5573	37023
5574	37024
5586	37025
5596	37026
5599	37027
5606	37028
5630	37029
5646	37030
5654	37031
5655	37032
5664	37033
5665	37034
5673	37035
5674	37036
5698	37037
5712	37038
5713	37039
5721	37040
5729	37041
5730	37042
5741	37043
5762	37044
5778	37045
5781	37046
5782	37047
5799	37048
5800	37049
5803	37050
5827	37051
5834	37052
5841	37053
5857	37054
5873	37055
5876	37056
5878	37057
5880	37058
5886	37059
5899	37060
5901	37061
5915	37062
5916	37063
5917	37064
5929	37065
5936	37066
5955	37067
5959	37068
5966	37069
5969	37070
5970	37071
5971	37072
5994	37073
5997	37074
6000	37075
6018	37076
6021	37077
6026	37078
6028	37079
6032	37080
6038	37081
6044	37082
6046	37083
6060	37084
6061	37085
6065	37086
6068	37087
6069	37088
6075	37089
6078	37090
6098	37091
6101	37092
6113	37093
6120	37094
6128	37095
6147	37096
6149	37097
6156	37098
6165	37099
6169	37100
6174	37101
6191	37102
6209	37103
6223	37104
6231	37105
6232	37106
6234	37107
6239	37108
6250	37109
6251	37110
6262	37111
6265	37112
6266	37113
6286	37114
6287	37115
6291	37116
6296	37117
6299	37118
6304	37119
6322	37120
6332	37121
6339	37122
6343	37123
6349	37124
6358	37125
6374	37126
6375	37127
6379	37128
6380	37129
6384	37130
6387	37131
6394	37132
6400	37133
6403	37134
6406	37135
6414	37136
6415	37137
6416	37138
6427	37139
6431	37140
6436	37141
6446	37142
6451	37143
6453	37144
6487	37145
6488	37146
6492	37147
6499	37148
6503	37149
6527	37150
6535	37151
6536	37152
6541	37153
6544	37154
6558	37155
6583	37156
6586	37157
6600	37158
6601	37159
6607	37160
6630	37161
6634	37162
6636	37163
6637	37164
6654	37165
6668	37166
6683	37167
6684	37168
6689	37169
6706	37170
6714	37171
6718	37172
6720	37173
6739	37174
6746	37175
6748	37176
6749	37177
6750	37178
6767	37179
6771	37180
6777	37181
6786	37182
6788	37183
6791	37184
6800	37185
6802	37186
6808	37187
6814	37188
6815	37189
6822	37190
6823	37191
6830	37192
6833	37193
6857	37194
6861	37195
6873	37196
6881	37197
6893	37198
6904	37199
6923	37200
6928	37201
6930	37202
6931	37203
6932	37204
6957	37205
6961	37206
6963	37207
6967	37208
6971	37209
6979	37210
6980	37211
6982	37212
6991	37213
6995	37214
7007	37215
7008	37216
7017	37217
7045	37218
7059	37219
7071	37220
7073	37221
7076	37222
7078	37223
7081	37224
7086	37225
7099	37226
7102	37227
7121	37228
7131	37229
7135	37230
7137	37231
7151	37232
7167	37233
7178	37234
7189	37235
7190	37236
7196	37237
7208	37238
7216	37239
7220	37240
7228	37241
7231	37242
7253	37243
7256	37244
7258	37245
7260	37246
7261	37247
7265	37248
7278	37249
7280	37250
7293	37251
7300	37252
7306	37253
7320	37254
7323	37255
7332	37256
7333	37257
7344	37258
7362	37259
7369	37260
7370	37261
7380	37262
7381	37263
7383	37264
7389	37265
7395	37266
7403	37267
7404	37268
7409	37269
7420	37270
7426	37271
7439	37272
7440	37273
7444	37274
7447	37275
7449	37276
7455	37277
7460	37278
7471	37279
7472	37280
7478	37281
7479	37282
7492	37283
7499	37284
7504	37285
7510	37286
7515	37287
7522	37288
7529	37289
7532	37290
7535	37291
7536	37292
7543	37293
7549	37294
7555	37295
7556	37296
7568	37297
7580	37298
7581	37299
7591	37300
7608	37301
7619	37302
7625	37303
7626	37304
7630	37305
7640	37306
7645	37307
7653	37308
7656	37309
7668	37310
7672	37311
7681	37312
7685	37313
7690	37314
7703	37315
7707	37316
7709	37317
7711	37318
7731	37319
7740	37320
7742	37321
7755	37322
7777	37323
7784	37324
7797	37325
7825	37326
7828	37327
7852	37328
7856	37329
7871	37330
7903	37331
7904	37332
7905	37333
7907	37334
7915	37335
7918	37336
7919	37337
7920	37338
7923	37339
7927	37340
7935	37341
7941	37342
7955	37343
7968	37344
7981	37345
7982	37346
7988	37347
7997	37348
8000	37349
8013	37350
8014	37351
8019	37352
8024	37353
8029	37354
8030	37355
8031	37356
8056	37357
8061	37358
8064	37359
8072	37360
8075	37361
8079	37362
8086	37363
8098	37364
8109	37365
8120	37366
8126	37367
8130	37368
8134	37369
8140	37370
8142	37371
8145	37372
8153	37373
8154	37374
8161	37375
8175	37376
8177	37377
8181	37378
8182	37379
8194	37380
8197	37381
8201	37382
8210	37383
8214	37384
8224	37385
8228	37386
8229	37387
8241	37388
8246	37389
8274	37390
8278	37391
8288	37392
8297	37393
8305	37394
8313	37395
8353	37396
8356	37397
8357	37398
8358	37399
8373	37400
8378	37401
8381	37402
8387	37403
8392	37404
8402	37405
8424	37406
8440	37407
8444	37408
8445	37409
8447	37410
8449	37411
8451	37412
8453	37413
8477	37414
8482	37415
8488	37416
8497	37417
8515	37418
8543	37419
8558	37420
8560	37421
8564	37422
8578	37423
8579	37424
8582	37425
8584	37426
8589	37427
8590	37428
8593	37429
8606	37430
8607	37431
8613	37432
8630	37433
8636	37434
8638	37435
8640	37436
8646	37437
8647	37438
8652	37439
8653	37440
8655	37441
8656	37442
8661	37443
8678	37444
8689	37445
8702	37446
8712	37447
8729	37448
8735	37449
8738	37450
8759	37451
8760	37452
8766	37453
8787	37454
8793	37455
8804	37456
8811	37457
8816	37458
8818	37459
8819	37460
8820	37461
8826	37462
8830	37463
8834	37464
8842	37465
8849	37466
8857	37467
8858	37468
8871	37469
8879	37470
8880	37471
8924	37472
8925	37473
8929	37474
8933	37475
8942	37476
8947	37477
8948	37478
8956	37479
8976	37480
8981	37481
8982	37482
8985	37483
8992	37484
8996	37485
9009	37486
9011	37487
9023	37488
9027	37489
9030	37490
9032	37491
9044	37492
9056	37493
9065	37494
9093	37495
9097	37496
9100	37497
9104	37498
9106	37499
9110	37500
9112	37501
9140	37502
9146	37503
9157	37504
9166	37505
9178	37506
9184	37507
9197	37508
9201	37509
9206	37510
9208	37511
9216	37512
9217	37513
9241	37514
9255	37515
9258	37516
9262	37517
9264	37518
9289	37519
9309	37520
9315	37521
9322	37522
9338	37523
9344	37524
9354	37525
9360	37526
9363	37527
9367	37528
9376	37529
9385	37530
9390	37531
9398	37532
9409	37533
9410	37534
9412	37535
9416	37536
9423	37537
9438	37538
9454	37539
9469	37540
9477	37541
9478	37542
9511	37543
9542	37544
9559	37545
9599	37546
9606	37547
9621	37548
9632	37549
9633	37550
9644	37551
9652	37552
9656	37553
9660	37554
9663	37555
9671	37556
9674	37557
9675	37558
9682	37559
9683	37560
9684	37561
9687	37562
9695	37563
9700	37564
9713	37565
9716	37566
9717	37567
9719	37568
9725	37569
9741	37570
9743	37571
9744	37572
9749	37573
9750	37574
9752	37575
9753	37576
9754	37577
9756	37578
9760	37579
9762	37580
9763	37581
9764	37582
9767	37583
9768	37584
9776	37585
9779	37586
9782	37587
9785	37588
9787	37589
9789	37590
9790	37591
9807	37592
9817	37593
9828	37594
9830	37595
9831	37596
9832	37597
9834	37598
9836	37599
9844	37600
9846	37601
9850	37602
9859	37603
9865	37604
9870	37605
9874	37606
9876	37607
9882	37608
9884	37609
9888	37610
9895	37611
9900	37612
9902	37613
9912	37614
9914	37615
9917	37616
9918	37617
9924	37618
9925	37619
9933	37620
9934	37621
9935	37622
9957	37623
9963	37624
9970	37625
9976	37626
9979	37627
9988	37628
9989	37629
9990	37630
9992	37631
9993	37632
9995	37633
9997	37634
9999	37635
10001	37636
10010	37637
10019	37638
10021	37639
10024	37640
10026	37641
10031	37642
10032	37643
10042	37644
10044	37645
10046	37646
10050	37647
10055	37648
10057	37649
10064	37650
10067	37651
10069	37652
10083	37653
10085	37654
10093	37655
10097	37656
10100	37657
10101	37658
10105	37659
10114	37660
10120	37661
10121	37662
10123	37663
10128	37664
10137	37665
10139	37666
10145	37667
10147	37668
10153	37669
10159	37670
10161	37671
10163	37672
10175	37673
10177	37674
10200	37675
10202	37676
10207	37677
10219	37678
10223	37679
10227	37680
10232	37681
10233	37682
10237	37683
10242	37684
10243	37685
10254	37686
10258	37687
10264	37688
10267	37689
10268	37690
10273	37691
10279	37692
10282	37693
10283	37694
10284	37695
10295	37696
10302	37697
10310	37698
10312	37699
10315	37700
10329	37701
10330	37702
10331	37703
10341	37704
10343	37705
10347	37706
10348	37707
10351	37708
10357	37709
10368	37710
10369	37711
10370	37712
10372	37713
10373	37714
10374	37715
10377	37716
10391	37717
10396	37718
10402	37719
10408	37720
10413	37721
10425	37722
10427	37723
10430	37724
10439	37725
10443	37726
10444	37727
10446	37728
10447	37729
10451	37730
10455	37731
10461	37732
10466	37733
10468	37734
10469	37735
10477	37736
10483	37737
10492	37738
10495	37739
10496	37740
10498	37741
10501	37742
10504	37743
10505	37744
10506	37745
10509	37746
10513	37747
10514	37748
10522	37749
10527	37750
10528	37751
10529	37752
10531	37753
10532	37754
10534	37755
10546	37756
10548	37757
10550	37758
10566	37759
10572	37760
10577	37761
10588	37762
10590	37763
10602	37764
10604	37765
10608	37766
10628	37767
10645	37768
10646	37769
10647	37770
10657	37771
10658	37772
10662	37773
10663	37774
10666	37775
10669	37776
10676	37777
10684	37778
10686	37779
10687	37780
10689	37781
10690	37782
10692	37783
10694	37784
10696	37785
10707	37786
10708	37787
10710	37788
10716	37789
10717	37790
10721	37791
10722	37792
10723	37793
10726	37794
10729	37795
10730	37796
10738	37797
10739	37798
10740	37799
10741	37800
10746	37801
10752	37802
10759	37803
10767	37804
10770	37805
10771	37806
10775	37807
10777	37808
10781	37809
10782	37810
10789	37811
10791	37812
10799	37813
10813	37814
10814	37815
10815	37816
10819	37817
10821	37818
10825	37819
10829	37820
10830	37821
10832	37822
10838	37823
10847	37824
10852	37825
10864	37826
10867	37827
10873	37828
10874	37829
10898	37830
10911	37831
10920	37832
10925	37833
10934	37834
10937	37835
10938	37836
10941	37837
10943	37838
10948	37839
10951	37840
10964	37841
10965	37842
10973	37843
10974	37844
10979	37845
10983	37846
10986	37847
10997	37848
11013	37849
11017	37850
11019	37851
11023	37852
11029	37853
11034	37854
11048	37855
11049	37856
11053	37857
11060	37858
11064	37859
11068	37860
11074	37861
11082	37862
11083	37863
11094	37864
11096	37865
11123	37866
11125	37867
11126	37868
11128	37869
11132	37870
11136	37871
11139	37872
11144	37873
11148	37874
11153	37875
11155	37876
11156	37877
11157	37878
11159	37879
11160	37880
11164	37881
11167	37882
11174	37883
11182	37884
11184	37885
11186	37886
11200	37887
11201	37888
11210	37889
11211	37890
11212	37891
11225	37892
11229	37893
11231	37894
11233	37895
11240	37896
11241	37897
11246	37898
11256	37899
11261	37900
11262	37901
11263	37902
11272	37903
11273	37904
11278	37905
11283	37906
11284	37907
11286	37908
11290	37909
11291	37910
11292	37911
11294	37912
11300	37913
11303	37914
11306	37915
11320	37916
11327	37917
11330	37918
11334	37919
11336	37920
11355	37921
11358	37922
11363	37923
11386	37924
11390	37925
11391	37926
11393	37927
11399	37928
11404	37929
11409	37930
11413	37931
11424	37932
11428	37933
11429	37934
11430	37935
11433	37936
11441	37937
11444	37938
11446	37939
11454	37940
11456	37941
11464	37942
11467	37943
11472	37944
11474	37945
11485	37946
11488	37947
11489	37948
11492	37949
11498	37950
11499	37951
11502	37952
11506	37953
11510	37954
11511	37955
11512	37956
11513	37957
11516	37958
11526	37959
11531	37960
11546	37961
11549	37962
11560	37963
11564	37964
11567	37965
11569	37966
11574	37967
11576	37968
11581	37969
11586	37970
11587	37971
11588	37972
11589	37973
11594	37974
11600	37975
11605	37976
11627	37977
11631	37978
11634	37979
11636	37980
11638	37981
11649	37982
11654	37983
11657	37984
11660	37985
11671	37986
11686	37987
11690	37988
11695	37989
11701	37990
11706	37991
11709	37992
11712	37993
11713	37994
11715	37995
11719	37996
11721	37997
11725	37998
11727	37999
11731	38000
11737	38001
11739	38002
11744	38003
11749	38004
11750	38005
11760	38006
11761	38007
11778	38008
11782	38009
11783	38010
11784	38011
11788	38012
11790	38013
11793	38014
11803	38015
11805	38016
11819	38017
11824	38018
11826	38019
11833	38020
11834	38021
11835	38022
11839	38023
11847	38024
11850	38025
11854	38026
11860	38027
11879	38028
11880	38029
11886	38030
11888	38031
11891	38032
11895	38033
11906	38034
11909	38035
11910	38036
11912	38037
11916	38038
11920	38039
11931	38040
11936	38041
11952	38042
11963	38043
11965	38044
11968	38045
11974	38046
11980	38047
11983	38048
11986	38049
11992	38050
11994	38051
11998	38052
12008	38053
12009	38054
12010	38055
12012	38056
12016	38057
12018	38058
12035	38059
12042	38060
12044	38061
12049	38062
12060	38063
12064	38064
12065	38065
12068	38066
12069	38067
12070	38068
12080	38069
12084	38070
12099	38071
12107	38072
12112	38073
12115	38074
12118	38075
12127	38076
12129	38077
12133	38078
12137	38079
12141	38080
12161	38081
12163	38082
12166	38083
12174	38084
12180	38085
12193	38086
12194	38087
12197	38088
12204	38089
12212	38090
12220	38091
12221	38092
12227	38093
12229	38094
12231	38095
12240	38096
12241	38097
12242	38098
12244	38099
12247	38100
12253	38101
12259	38102
12260	38103
12267	38104
12281	38105
12287	38106
12293	38107
12297	38108
12313	38109
12318	38110
12326	38111
12327	38112
12333	38113
12338	38114
12339	38115
12342	38116
12344	38117
12346	38118
12352	38119
12357	38120
12359	38121
12360	38122
12363	38123
12366	38124
12374	38125
12385	38126
12396	38127
12401	38128
12405	38129
12406	38130
12409	38131
12414	38132
12424	38133
12429	38134
12447	38135
12451	38136
12466	38137
12469	38138
12471	38139
12473	38140
12475	38141
12479	38142
12480	38143
12483	38144
12487	38145
12492	38146
12510	38147
12520	38148
12521	38149
12522	38150
12527	38151
12541	38152
12545	38153
12547	38154
12548	38155
12549	38156
12564	38157
12572	38158
12578	38159
12579	38160
12581	38161
12584	38162
12585	38163
12586	38164
12599	38165
12600	38166
12610	38167
12613	38168
12614	38169
12626	38170
12631	38171
12637	38172
12638	38173
12639	38174
12649	38175
12654	38176
12656	38177
12666	38178
12671	38179
12673	38180
12683	38181
12692	38182
12698	38183
12700	38184
12703	38185
12705	38186
12707	38187
12710	38188
12712	38189
12716	38190
12721	38191
12735	38192
12746	38193
12747	38194
12749	38195
12752	38196
12762	38197
12764	38198
12765	38199
12768	38200
12770	38201
12771	38202
12772	38203
12783	38204
12784	38205
12785	38206
12796	38207
12798	38208
12800	38209
12803	38210
12805	38211
12806	38212
12811	38213
12816	38214
12819	38215
12832	38216
12834	38217
12842	38218
12852	38219
12855	38220
12859	38221
12865	38222
12867	38223
12893	38224
12900	38225
12902	38226
12903	38227
12906	38228
12907	38229
12908	38230
12909	38231
12923	38232
12930	38233
12937	38234
12944	38235
12961	38236
12962	38237
12972	38238
12974	38239
12977	38240
12981	38241
12990	38242
12993	38243
12998	38244
12999	38245
13000	38246
13008	38247
13009	38248
13017	38249
13018	38250
13019	38251
13021	38252
13024	38253
13030	38254
13037	38255
13040	38256
13045	38257
13050	38258
13051	38259
13064	38260
13078	38261
13081	38262
13082	38263
13088	38264
13093	38265
13104	38266
13111	38267
13115	38268
13116	38269
13117	38270
13131	38271
13140	38272
13146	38273
13149	38274
13150	38275
13153	38276
13158	38277
13162	38278
13164	38279
13174	38280
13181	38281
13190	38282
13192	38283
13194	38284
13202	38285
13203	38286
13204	38287
13205	38288
13215	38289
13218	38290
13222	38291
13224	38292
13232	38293
13255	38294
13263	38295
13268	38296
13279	38297
13283	38298
13288	38299
13292	38300
13294	38301
13296	38302
13323	38303
13330	38304
13331	38305
13336	38306
13337	38307
13348	38308
13354	38309
13372	38310
13378	38311
13389	38312
13398	38313
13401	38314
13405	38315
13409	38316
13414	38317
13420	38318
13427	38319
13429	38320
13434	38321
13438	38322
13441	38323
13453	38324
13457	38325
13458	38326
13460	38327
13470	38328
13474	38329
13476	38330
13480	38331
13483	38332
13485	38333
13490	38334
13492	38335
13503	38336
13504	38337
13509	38338
13520	38339
13535	38340
13536	38341
13537	38342
13543	38343
13549	38344
13551	38345
13564	38346
13566	38347
13569	38348
13571	38349
13574	38350
13579	38351
13611	38352
13613	38353
13619	38354
13623	38355
13624	38356
13626	38357
13635	38358
13636	38359
13637	38360
13641	38361
13643	38362
13645	38363
13648	38364
13652	38365
13659	38366
13660	38367
13673	38368
13686	38369
13688	38370
13690	38371
13697	38372
13715	38373
13727	38374
13728	38375
13729	38376
13732	38377
13735	38378
13752	38379
13764	38380
13765	38381
13768	38382
13774	38383
13775	38384
13780	38385
13785	38386
13786	38387
13787	38388
13789	38389
13795	38390
13797	38391
13799	38392
13805	38393
13812	38394
13817	38395
13818	38396
13822	38397
13823	38398
13826	38399
13829	38400
13831	38401
13838	38402
13853	38403
13860	38404
13862	38405
13863	38406
13868	38407
13874	38408
13885	38409
13889	38410
13891	38411
13892	38412
13894	38413
13900	38414
13901	38415
13902	38416
13904	38417
13917	38418
13924	38419
13926	38420
13928	38421
13929	38422
13932	38423
13938	38424
13955	38425
13956	38426
13979	38427
13986	38428
13987	38429
13993	38430
13996	38431
13997	38432
14000	38433
14014	38434
14016	38435
14020	38436
14021	38437
14027	38438
14030	38439
14032	38440
14034	38441
14036	38442
14037	38443
14043	38444
14047	38445
14051	38446
14052	38447
14053	38448
14055	38449
14057	38450
14070	38451
14072	38452
14074	38453
14077	38454
14080	38455
14087	38456
14099	38457
14104	38458
14106	38459
14116	38460
14120	38461
14129	38462
14144	38463
14148	38464
14150	38465
14154	38466
14156	38467
14166	38468
14178	38469
14181	38470
14185	38471
14197	38472
14200	38473
14203	38474
14215	38475
14221	38476
14225	38477
14227	38478
14237	38479
14238	38480
14246	38481
14247	38482
14256	38483
14259	38484
14286	38485
14287	38486
14289	38487
14291	38488
14294	38489
14300	38490
14301	38491
14304	38492
14316	38493
14317	38494
14331	38495
14332	38496
14337	38497
14350	38498
14351	38499
14354	38500
14358	38501
14359	38502
14362	38503
14366	38504
14374	38505
14376	38506
14377	38507
14385	38508
14388	38509
14391	38510
14392	38511
14394	38512
14407	38513
14416	38514
14421	38515
14433	38516
14435	38517
14437	38518
14442	38519
14444	38520
14451	38521
14454	38522
14457	38523
14466	38524
14470	38525
14471	38526
14478	38527
14480	38528
14486	38529
14487	38530
14493	38531
14495	38532
14501	38533
14506	38534
14521	38535
14522	38536
14527	38537
14532	38538
14538	38539
14539	38540
14540	38541
14544	38542
14546	38543
14548	38544
14550	38545
14552	38546
14563	38547
14570	38548
14575	38549
14576	38550
14586	38551
14587	38552
14604	38553
14613	38554
14615	38555
14623	38556
14628	38557
14632	38558
14634	38559
14635	38560
14643	38561
14646	38562
14647	38563
14652	38564
14653	38565
14659	38566
14662	38567
14663	38568
14669	38569
14672	38570
14678	38571
14689	38572
14690	38573
14697	38574
14704	38575
14714	38576
14715	38577
14717	38578
14719	38579
14731	38580
14734	38581
14738	38582
14747	38583
14761	38584
14763	38585
14766	38586
14767	38587
14771	38588
14781	38589
14783	38590
14784	38591
14785	38592
14788	38593
14792	38594
14799	38595
14808	38596
14815	38597
14825	38598
14827	38599
14829	38600
14837	38601
14840	38602
14844	38603
14853	38604
14856	38605
14857	38606
14863	38607
14869	38608
14870	38609
14872	38610
14873	38611
14877	38612
14879	38613
14881	38614
14886	38615
14888	38616
14902	38617
14908	38618
14911	38619
14913	38620
14923	38621
14924	38622
14933	38623
14936	38624
14938	38625
14939	38626
14940	38627
14948	38628
14953	38629
14956	38630
14958	38631
14960	38632
14966	38633
14972	38634
14984	38635
14988	38636
14997	38637
15003	38638
15007	38639
15010	38640
15016	38641
15020	38642
15023	38643
15025	38644
15026	38645
15039	38646
15046	38647
15050	38648
15053	38649
15057	38650
15061	38651
15068	38652
15073	38653
15075	38654
15076	38655
15084	38656
15088	38657
15089	38658
15092	38659
15095	38660
15106	38661
15109	38662
15110	38663
15112	38664
15116	38665
15117	38666
15121	38667
15139	38668
15142	38669
15151	38670
15152	38671
15153	38672
15157	38673
15161	38674
15174	38675
15180	38676
15186	38677
15200	38678
15220	38679
15221	38680
15232	38681
15234	38682
15239	38683
15240	38684
15247	38685
15248	38686
15262	38687
15267	38688
15270	38689
15275	38690
15285	38691
15286	38692
15299	38693
15305	38694
15308	38695
15310	38696
15311	38697
15322	38698
15323	38699
15329	38700
15330	38701
15332	38702
15336	38703
15340	38704
15356	38705
15360	38706
15361	38707
15363	38708
15367	38709
15370	38710
15383	38711
15385	38712
15386	38713
15390	38714
15392	38715
15403	38716
15413	38717
15416	38718
15420	38719
15429	38720
15435	38721
15448	38722
15451	38723
15452	38724
15455	38725
15456	38726
15457	38727
15467	38728
15477	38729
15478	38730
15485	38731
15486	38732
15496	38733
15498	38734
15504	38735
15510	38736
15511	38737
15512	38738
15517	38739
15525	38740
15530	38741
15537	38742
15543	38743
15553	38744
15556	38745
15561	38746
15566	38747
15569	38748
15570	38749
15573	38750
15576	38751
15583	38752
15589	38753
15593	38754
15597	38755
15600	38756
15602	38757
15604	38758
15606	38759
15619	38760
15629	38761
15643	38762
15647	38763
15651	38764
15653	38765
15655	38766
15667	38767
15674	38768
15680	38769
15685	38770
15687	38771
15691	38772
15692	38773
15695	38774
15696	38775
15699	38776
15704	38777
15706	38778
15716	38779
15719	38780
15733	38781
15745	38782
15748	38783
15751	38784
15761	38785
15762	38786
15764	38787
15765	38788
15766	38789
15773	38790
15776	38791
15779	38792
15781	38793
15783	38794
15785	38795
15807	38796
15810	38797
15812	38798
15815	38799
15819	38800
15821	38801
15823	38802
15829	38803
15831	38804
15832	38805
15833	38806
15834	38807
15837	38808
15846	38809
15857	38810
15864	38811
15872	38812
15879	38813
15910	38814
15916	38815
15938	38816
15953	38817
15956	38818
15960	38819
15963	38820
15966	38821
15975	38822
15980	38823
15985	38824
15990	38825
15991	38826
16004	38827
16006	38828
16007	38829
16009	38830
16012	38831
16013	38832
16015	38833
16018	38834
16024	38835
16033	38836
16046	38837
16048	38838
16053	38839
16054	38840
16064	38841
16066	38842
16068	38843
16073	38844
16087	38845
16090	38846
16091	38847
16099	38848
16107	38849
16111	38850
16119	38851
16130	38852
16135	38853
16145	38854
16150	38855
16151	38856
16159	38857
16161	38858
16164	38859
16165	38860
16175	38861
16189	38862
16190	38863
16192	38864
16199	38865
16212	38866
16215	38867
16228	38868
16229	38869
16237	38870
16238	38871
16243	38872
16244	38873
16254	38874
16261	38875
16264	38876
16269	38877
16271	38878
16275	38879
16283	38880
16286	38881
16290	38882
16292	38883
16296	38884
16311	38885
16313	38886
16325	38887
16329	38888
16334	38889
16336	38890
16341	38891
16345	38892
16354	38893
16356	38894
16358	38895
16382	38896
16398	38897
16403	38898
16407	38899
16409	38900
16415	38901
16428	38902
16436	38903
16440	38904
16441	38905
16444	38906
16457	38907
16459	38908
16467	38909
16475	38910
16481	38911
16494	38912
16495	38913
16497	38914
16501	38915
16512	38916
16513	38917
16522	38918
16524	38919
16530	38920
16538	38921
16541	38922
16555	38923
16556	38924
16557	38925
16558	38926
16570	38927
16572	38928
16576	38929
16591	38930
16595	38931
16596	38932
16599	38933
16600	38934
16601	38935
16603	38936
16606	38937
16611	38938
16614	38939
16620	38940
16622	38941
16625	38942
16627	38943
16643	38944
16652	38945
16654	38946
16656	38947
16659	38948
16660	38949
16663	38950
16667	38951
16668	38952
16671	38953
16674	38954
16681	38955
16689	38956
16691	38957
16700	38958
16705	38959
16708	38960
16710	38961
16712	38962
16716	38963
16732	38964
16749	38965
16752	38966
16754	38967
16755	38968
16758	38969
16769	38970
16770	38971
16775	38972
16777	38973
16780	38974
16787	38975
16790	38976
16801	38977
16805	38978
16810	38979
16812	38980
16821	38981
16826	38982
16833	38983
16835	38984
16848	38985
16852	38986
16853	38987
16854	38988
16855	38989
16860	38990
16864	38991
16869	38992
16873	38993
16877	38994
16883	38995
16887	38996
16891	38997
16903	38998
16905	38999
16908	39000
16911	39001
16922	39002
16924	39003
16931	39004
16932	39005
16934	39006
16938	39007
16946	39008
16953	39009
16961	39010
16962	39011
16964	39012
16967	39013
16974	39014
16975	39015
16976	39016
16981	39017
16987	39018
16993	39019
17004	39020
17008	39021
17011	39022
17018	39023
17019	39024
17020	39025
17022	39026
17025	39027
17035	39028
17044	39029
17049	39030
17054	39031
17057	39032
17058	39033
17061	39034
17068	39035
17072	39036
17074	39037
17077	39038
17079	39039
17082	39040
17088	39041
17109	39042
17110	39043
17127	39044
17146	39045
17149	39046
17153	39047
17154	39048
17159	39049
17166	39050
17167	39051
17170	39052
17171	39053
17187	39054
17189	39055
17190	39056
17200	39057
17203	39058
17210	39059
17216	39060
17220	39061
17226	39062
17229	39063
17230	39064
17231	39065
17233	39066
17238	39067
17239	39068
17240	39069
17241	39070
17243	39071
17246	39072
17251	39073
17255	39074
17259	39075
17264	39076
17274	39077
17275	39078
17277	39079
17280	39080
17282	39081
17284	39082
17289	39083
17290	39084
17317	39085
17318	39086
17321	39087
17343	39088
17345	39089
17351	39090
17353	39091
17360	39092
17384	39093
17391	39094
17392	39095
17408	39096
17409	39097
17412	39098
17420	39099
17428	39100
17429	39101
17433	39102
17436	39103
17437	39104
17442	39105
17445	39106
17451	39107
17457	39108
17479	39109
17487	39110
17498	39111
17499	39112
17507	39113
17508	39114
17517	39115
17524	39116
17526	39117
17529	39118
17536	39119
17547	39120
17561	39121
17566	39122
17570	39123
17573	39124
17581	39125
17583	39126
17588	39127
17590	39128
17597	39129
17598	39130
17601	39131
17602	39132
17604	39133
17611	39134
17618	39135
17619	39136
17623	39137
17629	39138
17631	39139
17634	39140
17640	39141
17643	39142
17645	39143
17651	39144
17652	39145
17654	39146
17656	39147
17659	39148
17663	39149
17666	39150
17671	39151
17678	39152
17691	39153
17694	39154
17698	39155
17708	39156
17715	39157
17721	39158
17726	39159
17728	39160
17729	39161
17732	39162
17733	39163
17740	39164
17746	39165
17750	39166
17751	39167
17758	39168
17764	39169
17771	39170
17775	39171
17777	39172
17794	39173
17806	39174
17808	39175
17813	39176
17815	39177
17820	39178
17830	39179
17832	39180
17837	39181
17846	39182
17853	39183
17865	39184
17869	39185
17872	39186
17874	39187
17894	39188
17899	39189
17900	39190
17901	39191
17902	39192
17903	39193
17907	39194
17913	39195
17915	39196
17935	39197
17943	39198
17945	39199
17951	39200
17958	39201
17961	39202
17963	39203
17966	39204
17968	39205
17973	39206
17974	39207
17977	39208
17978	39209
17982	39210
17986	39211
17996	39212
18005	39213
18008	39214
18010	39215
18017	39216
18023	39217
18027	39218
18029	39219
18030	39220
18036	39221
18040	39222
18041	39223
18044	39224
18045	39225
18050	39226
18062	39227
18066	39228
18071	39229
18074	39230
18076	39231
18089	39232
18090	39233
18098	39234
18099	39235
18121	39236
18127	39237
18134	39238
18135	39239
18140	39240
18143	39241
18157	39242
18159	39243
18161	39244
18164	39245
18166	39246
18170	39247
18181	39248
18182	39249
18186	39250
18187	39251
18194	39252
18197	39253
18201	39254
18205	39255
18210	39256
18213	39257
18214	39258
18222	39259
18227	39260
18229	39261
18230	39262
18233	39263
18240	39264
18251	39265
18257	39266
18260	39267
18261	39268
18267	39269
18268	39270
18276	39271
18281	39272
18282	39273
18286	39274
18288	39275
18299	39276
18300	39277
18316	39278
18318	39279
18321	39280
18323	39281
18336	39282
18343	39283
18345	39284
18346	39285
18350	39286
18359	39287
18362	39288
18366	39289
18367	39290
18377	39291
18387	39292
18391	39293
18396	39294
18399	39295
18403	39296
18415	39297
18422	39298
18423	39299
18434	39300
18436	39301
18438	39302
18440	39303
18451	39304
18453	39305
18455	39306
18465	39307
18468	39308
18469	39309
18473	39310
18478	39311
18481	39312
18485	39313
18498	39314
18502	39315
18511	39316
18519	39317
18529	39318
18532	39319
18533	39320
18541	39321
18551	39322
18553	39323
18558	39324
18563	39325
18567	39326
18592	39327
18596	39328
18598	39329
18606	39330
18607	39331
18610	39332
18612	39333
18627	39334
18628	39335
18630	39336
18632	39337
18634	39338
18639	39339
18641	39340
18642	39341
18650	39342
18661	39343
18665	39344
18666	39345
18667	39346
18668	39347
18669	39348
18671	39349
18676	39350
18677	39351
18692	39352
18696	39353
18697	39354
18701	39355
18703	39356
18705	39357
18706	39358
18712	39359
18721	39360
18722	39361
18723	39362
18725	39363
18730	39364
18738	39365
18739	39366
18747	39367
18748	39368
18750	39369
18754	39370
18755	39371
18767	39372
18780	39373
18788	39374
18797	39375
18798	39376
18801	39377
18806	39378
18811	39379
18822	39380
18828	39381
18829	39382
18833	39383
18848	39384
18865	39385
18867	39386
18870	39387
18872	39388
18876	39389
18879	39390
18882	39391
18884	39392
18885	39393
18896	39394
18898	39395
18921	39396
18923	39397
18926	39398
18927	39399
18929	39400
18931	39401
18933	39402
18935	39403
18942	39404
18951	39405
18955	39406
18956	39407
18967	39408
18970	39409
18987	39410
18991	39411
18994	39412
19004	39413
19009	39414
19014	39415
19015	39416
19029	39417
19032	39418
19034	39419
19035	39420
19054	39421
19057	39422
19060	39423
19066	39424
19074	39425
19076	39426
19081	39427
19083	39428
19090	39429
19094	39430
19099	39431
19102	39432
19106	39433
19108	39434
19112	39435
19113	39436
19117	39437
19118	39438
19121	39439
19132	39440
19136	39441
19138	39442
19150	39443
19154	39444
19155	39445
19157	39446
19160	39447
19167	39448
19168	39449
19170	39450
19171	39451
19174	39452
19177	39453
19178	39454
19188	39455
19198	39456
19201	39457
19205	39458
19209	39459
19225	39460
19228	39461
19258	39462
19261	39463
19262	39464
19263	39465
19264	39466
19273	39467
19282	39468
19297	39469
19304	39470
19305	39471
19317	39472
19318	39473
19320	39474
19321	39475
19333	39476
19335	39477
19344	39478
19347	39479
19356	39480
19362	39481
19363	39482
19367	39483
19370	39484
19380	39485
19387	39486
19392	39487
19395	39488
19396	39489
19398	39490
19409	39491
19418	39492
19419	39493
19422	39494
19427	39495
19428	39496
19432	39497
19433	39498
19439	39499
19446	39500
19450	39501
19451	39502
19458	39503
19466	39504
19483	39505
19484	39506
19497	39507
19498	39508
19511	39509
19514	39510
19519	39511
19536	39512
19541	39513
19549	39514
19554	39515
19558	39516
19559	39517
19562	39518
19566	39519
19580	39520
19581	39521
19585	39522
19596	39523
19598	39524
19602	39525
19609	39526
19610	39527
19613	39528
19617	39529
19626	39530
19639	39531
19642	39532
19647	39533
19648	39534
19650	39535
19653	39536
19667	39537
19680	39538
19683	39539
19686	39540
19693	39541
19694	39542
19699	39543
19708	39544
19710	39545
19713	39546
19715	39547
19724	39548
19737	39549
19746	39550
19747	39551
19751	39552
19752	39553
19759	39554
19762	39555
19765	39556
19768	39557
20015	39558
20301	39559
20383	39560
20448	39561
20508	39562
20915	39563
21307	39564
21358	39565
21593	39566
21740	39567
21760	39568
21801	39569
21917	39570
22302	39571
22303	39572
22312	39573
22326	39574
22330	39575
22332	39576
22333	39577
22334	39578
22336	39579
22340	39580
22342	39581
22348	39582
22350	39583
22352	39584
22360	39585
22362	39586
22363	39587
22366	39588
22381	39589
22383	39590
22387	39591
22390	39592
22396	39593
22406	39594
22409	39595
22417	39596
22422	39597
22424	39598
22425	39599
22432	39600
22439	39601
22442	39602
22448	39603
22450	39604
22457	39605
22460	39606
22463	39607
22477	39608
22482	39609
22486	39610
22489	39611
22491	39612
22495	39613
22510	39614
22511	39615
22516	39616
22518	39617
22521	39618
22527	39619
22530	39620
22534	39621
22535	39622
22536	39623
22540	39624
22547	39625
22553	39626
22565	39627
22566	39628
